0.01403358721609824
0.028350000000119144
0.033696268096836214
0.028350000000027648
0.014033587215598957
0.0283499999991529
0.05727135105620574
0.06807163313765976
0.05727135105600055
0.028350000000000687
0.03369626809700169
0.06807163313764954
0.08090864197532918
0.06807163313767066
0.0336962680968846
0.02834999999997541
0.0572713510560077
0.06807163313768501
0.05727135105600059
0.028349999999999643
0.014033587215610637
0.02834999999999873
0.03369626809687947
0.028350000000000177
0.014033587215607038
