0.007338020514409498
0.015451823235329499
0.02004127935422778
0.020041279321324438
0.015451823346005067
0.0073380204215193106
0.015451823337318675
0.03253722815085967
0.042201341770122344
0.042201341771767646
0.032537228147210516
0.015451823343083312
0.020041279329835703
0.04220134177232146
0.05473586254132772
0.054735862542298425
0.042201341771660086
0.020041279329497775
0.020041279329387825
0.042201341771716645
0.05473586254200558
0.05473586254169089
0.04220134177195091
0.020041279329442947
0.015451823343142053
0.03253722814701935
0.04220134177191633
0.042201341771891616
0.03253722814704315
0.015451823343095125
0.007338020422234852
0.015451823343103637
0.020041279329446417
0.020041279329452585
0.015451823343095679
0.007338020422245273
