0.007394927721175719
0.004460025469496684
0.015267853479240132
0.0031279416514915634
0.004460025469418558
0.0321800891870466
0.00480499482722203
0.015267853479271067
0.015267853479323395
0.004804994827142926
0.03218008918701188
0.004460025469486471
0.003127941651479575
0.015267853479281996
0.004460025469486711
0.0073949277211514805
0.004460025469462592
0.0321800891870029
0.004804994827217852
0.015267853479274613
0.032180089187088486
0.06933824173841957
0.004804994827172942
0.004804994827132584
0.06933824173849835
0.03218008918703907
0.01526785347928275
0.004804994827166984
0.03218008918703844
0.004460025469476448
0.015267853479271495
0.0048049948271968925
0.032180089187013323
0.00446002546948421
0.004804994827184975
0.06933824173844287
0.03218008918704074
0.03218008918701724
0.06933824173851885
0.004804994827140305
0.004460025469488238
0.03218008918703494
0.004804994827140979
0.015267853479297483
0.003127941651486617
0.01526785347927547
0.004460025469485256
0.007394927721152365
0.015267853479276327
0.0048049948271732595
0.032180089187039115
0.004460025469475816
0.004460025469487311
0.032180089187035764
0.004804994827141331
0.0152678534792974
0.0073949277211504145
0.004460025469478391
0.015267853479297136
0.0031279416514750817
