5424972965918217e-20
0.006960585707080113
0.00038935885222309664
0.006010615065859992
0.0006187593298502213
0.006217756329259354
0.0005039087085462176
0.014860948100330803
0.0006165948184660863
0.0061507938095710524
0.0032330193310522335
0.00952931444660204
0.006249001489503349
0.014267336005257269
0.0004175968228325869
0.0019211555591771238
0.010094543666506299
0.007336328526008729
0.0026577065160929354
0.0063402657317694665
0.0026073895315826935
0.0012616474370990868
0.004860631131095239
0.004797747594317303
0.0005061715215870555
0.006242028593129533
0.0013486245283820374
0.012037471983132002
0.0041364803567513165
0.004585413070102068
0.0025954028778057917
0.02032925790717667
0.011663523570081071
0.019734115092065702
0.002949049843508997
0.0067164129183421755
0.022164812034842236
0.01560924881462854
0.009103416879333548
0.01447774249186274
0.012351302549048378
0.024134274405019928
0.020785774102431577
0.00044486979801643535
0.013428656619374547
0.004627114362589354
0.003511564625413284
0.00633779459452424
0.002730202240747243
0.008040980106176205
0.013692460699239095
0.0042493845995792
0.004983240450308776
0.008051554851649935
0.023284722650703485
0.004874428962119615
0.024577659507394038
0.007283267165210587
0.01539992162541358
0.043526077429436844
0.016222350972689103
0.005760291947990003
0.03664224324979911
0.005487531159231899
0.010272390195224778
0.015669468533367717
0.007514589377705575
0.00010368713111715682
0.01332814372525339
0.01274984786281243
0.0030649908685059435
0.010443683384146257
8556984110615687e-20
0.013516971068543682
0.0012387848378113706
0.009180556748546976
0.0014035116926608012
0.0366727325074639
0.010014550107430855
0.002767192701500267
0.03370645874634286
0.021690937734547777
0.009907043955265319
0.011870954158564605
0.00108437930325068
0.023254233434303228
0.021061784159884706
0.0014663055230821906
0.010633317929579148
0.008059097354834888
0.001001658093007666
0.007189621099497129
0.0019421146948675738
0.0015561273713250762
0.007491406720642148
0.0004365488980489582
0.002607389530700823
0.002304730471768276
0.011749948807909548
0.012342981649205489
0.0019523390711053239
0.005579721341581754
0.002671048092141144
0.015524314238182492
0.006787591546033981
0.0031335928789420525
0.002206587722272902
0.009450184844717017
0.007859265615944636
0.0024936960822092686
0.006340265734857605
0.0020004329850827132
0.0029226908839117514
0.002821281522105489
0.006289181824506301
