0.003858024691355008
0.015432098765434079
0.0038580246913583727
0.009259259259261065
0.012345679012343774
0.009259259259260785
0.003858024691359064
0.01543209876543228
0.003858024691356316
0.015432098765433349
0.015432098765431713
0.012345679012347403
0.03703703703703643
0.01234567901234373
0.015432098765430134
0.01543209876543416
0.003858024691359218
0.015432098765431461
0.0038580246913576463
0.009259259259257056
0.012345679012346164
0.009259259259260326
0.003858024691358559
0.01543209876543276
0.003858024691357163
0.015432098765434622
0.01543209876543096
0.01234567901234275
0.03703703703703894
0.012345679012344332
0.015432098765431695
0.015432098765433356
0.06172839506172744
0.03703703703703688
0.03703703703703808
0.061728395061728114
0.0154320987654299
0.01543209876543348
0.012345679012347822
0.037037037037036855
0.0123456790123452
0.015432098765432372
0.015432098765431296
0.008487654320988582
0.0061728395061706656
0.00848765432098818
0.030864197530864994
0.008487654320987482
0.0061728395061725035
0.008487654320987744
0.006172839506170499
0.018518518518519916
0.00617283950617354
0.030864197530864473
0.030864197530864168
0.006172839506174009
0.018518518518519014
0.006172839506171453
0.008487654320988674
0.006172839506173745
0.008487654320986639
0.03086419753086319
0.008487654320986804
0.006172839506172573
0.008487654320988733
