0.00013033587626810368
23439906331964056e-21
0.00014099974738163886
0.00018184788470570129
0.00010976474019499551
9672935263257542e-20
10536107449607179e-21
0.012665979904021116
0.002532572986311431
4214559796141958e-20
0.00040403551574521955
0.008413762306406579
0.04157743972558248
0.001186142927716101
0.0015099050776814446
0.011602050552805667
0.003778120917999569
53992757662675133e-21
0.004183763441185745
0.0038784326361182555
0.014391390236296684
0.0010990936109890126
0.000831501002759935
0.011999665574723022
0.012561430218901213
8790625128425456e-20
0.00578818000419127
0.0019227385256418872
0.006751058965036994
0.01344451177522291
0.03879840821939933
0.04978781856348545
0.00894317376236743
0.06074708455190846
0.0020675823488009787
0.017586538165148456
0.0608603154319869
0.0004821976607923038
0.0023108819624219675
0.0035064380535065514
0.003412263439311092
0.005450170710586931
0.009142035092971961
0.009220852458309755
0.002340526659699445
0.05047407758417325
0.012480586636051018
0.033407010560444116
0.0035374450710531926
0.00045434246249233365
0.013285863989465848
0.03160267626230187
0.0007953132261411699
0.00021384531450855562
0.0007755946096165896
0.010482084794262278
0.12306316841278467
0.003135671438388897
0.012068924486682958
0.000352434453746061
0.013668671494409746
0.030602029179435334
0.0002074432127160101
0.01126440216970181
0.06698488268706948
0.002449730481548251
0.0006857464998514662
2486102625834002e-20
4367294409625998e-20
0.005560496644551976
0.017346631652108032
0.006147648019636704
0.01138011043812903
0.0013543352560620614
0.008642115642746868
0.009118056092664577
0.0007967097511834374
0.0062188425252063155
0.0281605803373959
0.002647124771574877
0.007063170594827086
0.005895539890270551
0.0026142703445346358
0.0031791858704210136
51495359528146885e-21
0.02037868827172688
0.003968382597086077
0.0012830121052749973
42819028691422655e-21
3454460127353395e-20
