42791225496848174e-23
10886756882448386e-21
14756011291550769e-21
536998668926461e-19
7914529539609459e-21
24330454443643257e-22
11276667934560417e-21
102641309835777e-19
7962817860435936e-20
0.00029377895707054295
17226192457904716e-21
8656891565255256e-20
0.00011240497789916608
7105025033633664e-20
0.00010654750706001879
0.00011002894468717468
0.00011910560491626628
8373152969920013e-20
0.00022501271841877002
0.00011912700721886366
0.0001507553348340554
18683779598279975e-21
0.00012191041613561081
37721228598197955e-21
8343443860407571e-20
3077936291400114e-20
5287806720594161e-21
22449915934023066e-21
29853372044284412e-21
59479599491382145e-22
5384431411305591e-21
0.00020005201152407666
0.00043437520872740946
5604785173362272e-21
0.00018210432738673563
0.00016010775582755011
0.00024092979249967498
2159475588265505e-20
0.0003222415152008394
0.00018530794908794808
9706009506550143e-20
7072445517849972e-20
0.00034641180764837876
0.0001536184726312454
25434089697703806e-22
5870034145292457e-20
17945718057720687e-21
0.00014114596008014423
0.00043486797634156355
7367738568034756e-20
17250709464546386e-21
5097782117094711e-20
17960556545899512e-21
0.00023985909518918283
13377990649907486e-21
19953515445572787e-21
6940859163608992e-20
0.0001769458819525274
12521534234618768e-21
0.00016661843718460262
12872348045949123e-21
0.000140714573030543
12220000305369789e-21
0.00010396170843589394
5785962106408649e-20
0.0028825540661493207
2124488121985627e-20
5371772765773432e-20
0.0003224555050074241
0.0001092983042536308
1736650266048274e-20
1848051785551981e-20
3878055492862986e-20
42240563200561216e-21
32427266831923106e-22
0.00024072965592623297
0.0001337776598705868
0.0004698957372033584
7877933678871721e-20
0.00010422897218697099
0.00014914360217737368
1562533346725132e-20
843809101060657e-20
75712540647638205e-22
4487962027328775e-20
1791621763319021e-20
825540923829605e-19
4036493898518002e-20
2763849852470593e-21
0.0004975579481791058
13636390106597522e-21
800352670857741e-19
9198407281063004e-20
9844267745651202e-21
4724791862939411e-20
6605521672342853e-20
26745304630071465e-21
26983101159112895e-21
0.00018356592187802325
0.0003639954343498614
0.00022832578458110612
0.00015693765253092904
979681681649191e-19
27570644236110543e-21
6886896467002582e-20
14593620191972838e-21
0.0003495118431599462
8867851607759214e-20
9551286320964225e-20
6279798191474445e-20
0.00013968841714326268
0.00020643899049407012
3247352112461256e-20
2002168429938043e-22
1227112099438294e-20
0.0003660381921664886
14024768829287931e-22
9072846370010088e-20
0.0005745230132907212
6523237128997561e-20
26716969059736362e-21
0.0004029483375253977
0.0003468709796194034
4700202541037242e-21
13834290322928197e-21
0.0002076994282904076
3338452624881116e-21
0.00019993223125778207
0.00042064581538417596
0.0008722384633261696
0.00025788114047064803
0.00039562311782623055
0.0007178284146687146
0.0004292757991356142
0.0004916115487315266
0.00024922755302655183
7562912546159657e-20
0.0001695669057813198
0.00014478263230683017
0.00012227823623287945
1566672780244585e-20
0.00010772271845334023
756720293553044e-19
0.0003340594888262297
0.0001431355560381089
0.0004035942697798813
57367517330502265e-22
0.0002576993945841654
30670973801828274e-21
8444859713356597e-20
0.00025154762247478555
53148228977508e-18
16671181827484645e-21
6122775985252622e-20
36112265231781675e-22
20667948601507116e-21
1879806533097598e-21
15786084286839153e-21
3417819027553747e-20
0.00026708563080438927
0.0005020322384725594
0.00014473798037794436
0.00020038280598074951
2622723031239684e-20
10430410133806149e-21
9032124215435027e-20
13814362160778252e-21
0.0003323414528948872
0.0023515250289328224
0.0002695735796750188
0.0005851679344099696
0.000611290907523865
32649645225473424e-21
0.002212715460642088
0.00013500242032513543
26863943051824668e-22
0.00013015824567910817
0.0002631781003871623
7075159938038751e-20
13029453247128636e-21
32038666029261815e-22
8284252358788673e-20
0.0003553960629882324
0.00041093876454210894
0.0006600651523025597
29239004539799518e-21
0.00026828194815550316
0.00021122109046406174
0.0006540923221292275
0.000458032883805211
0.00012782004167260973
0.0001428271493003361
5080137429062935e-21
2211846916068936e-20
0.002706091951837576
9459736831104571e-20
46170945931408866e-21
0.0005815089101796737
9807661258490591e-20
0.00026883644421406993
0.00013505909454896326
-35766674248559095e-23
0.0001439865395591837
3762165998703388e-20
14220342886849349e-21
8090637290918567e-20
0.0005581977970517632
7765933454221654e-20
30076176442817857e-21
268357467949263e-19
8296621368986076e-20
0.00010354831037723337
8393045072168268e-20
22597412366877702e-21
0.00047235184547006226
0.0001221942317576083
3488140404180613e-20
46555431990319564e-21
0.0004541493197413742
5763347289866382e-20
0.00010895321406631228
6630957755209176e-20
2382885917749568e-20
13066289379046287e-21
21178928517911714e-21
0.00014075033158076144
206477683592064e-19
5331546573583008e-21
9318390723215787e-21
732587404881863e-19
16794282764774668e-21
9061251188376272e-20
688866351980866e-19
8406382015062409e-20
0.00018760133394151338
19106786725503658e-21
7214136835560554e-20
0.0005329514653228925
6376215798878273e-20
0.0005505148808344583
6276627247982595e-20
0.00019348457339026054
0.0007987545435831053
0.00042612924394669355
18443996286029647e-21
0.00036690913585881173
0.0006834642411594093
0.0001872249356137502
6644948669070675e-20
4391304011876333e-21
4704266418447341e-21
0.00013173301562200465
5152268288142085e-20
4475773152503742e-20
0.0006768219591126775
6605733484758489e-20
0.0001582628013855139
0.0005347866590259988
7079764116771669e-20
0.0005891507359296845
0.0010382994980081257
0.0003348631552823721
0.00023861429283013162
43000751459002834e-21
0.0008413159562529627
8188016515777905e-20
0.00010399092630529473
0.00037559615698153374
2992927361430798e-20
0.00013723892347437613
48165071335158135e-21
9759240974193759e-20
14488935257323853e-21
33512723259378515e-21
474408468649848e-19
20228409846788604e-21
30845394847222105e-21
4971917237333124e-21
1471750183240152e-20
459555709814063e-20
10620651478259338e-21
0.00010366537150082369
25252394631042133e-21
0.0001163887075198312
15797384456139194e-21
55465273087100213e-21
5910414611185602e-20
3055067657779611e-20
0.00010763246587842327
0.00024065273477994457
9618156244845358e-20
0.0009778632844940132
1736983168477254e-20
0.0008552053680198672
0.00029167940434459625
16243515643981947e-21
0.00024801401390040385
7517084371146071e-20
0.00017456275590595278
15719408499404177e-21
16866040180650152e-21
0.00024018357388979662
4063708015836034e-20
0.00010248956607684912
5397908366814071e-20
33011289555301195e-22
9560723969628724e-20
0.0003650258882563695
0.0002285018550330471
9641926806182999e-20
0.00031657415932149097
7144493958777641e-20
7175932557200095e-20
0.00017080498484467279
8446872301829127e-20
0.0001157519135565466
0.0006548691547630716
27086273625973118e-21
0.00017484543728313215
3753201563926476e-21
3806543901972739e-20
0.0006831576398477344
0.00011627955919402171
75474368115186795e-22
4211515905240958e-21
0.00011286825532282257
0.00011947913230433455
0.0002512063672988868
21325375802749823e-21
0.00019611796244607547
2554563764846136e-20
183166408891612e-19
4886776479640556e-20
11397348629822634e-22
1643242525725222e-20
4885411004271641e-20
5651624702638394e-20
9579189865434299e-20
11064520479566672e-21
19557397108362885e-21
42857888403490964e-21
0.00024054858620453946
35224166654274575e-21
0.00020492713840974822
4898617258031556e-20
16501687782763166e-21
6199239521174575e-20
30332346232160164e-21
24770519757413414e-21
0.0003283477361286377
0.00021341416180478025
14102061775113362e-21
8364703153408324e-20
0.0005280286299167745
6738076457273051e-20
54449181119734736e-21
2690125494951434e-21
4749981700245232e-20
1892820701820122e-20
9789687976571262e-20
47842748597843864e-21
3751587986851684e-20
0.0004091182991510052
0.00045851190169042956
0.00021203682860383626
8558596223981727e-21
0.00027930219298263816
11278296463483678e-21
0.0002990343231549533
0.00027727668569767325
7897522389605902e-22
12973119575054759e-21
0.00027036510883476526
38244006358053436e-21
0.0009080509887750329
28748460451138006e-21
0.00014245696732376504
3676518103301249e-20
2103813565918663e-20
0.00016782112024110575
17028182158587838e-22
0.00014623333404008667
13369721974979826e-21
28493398414510042e-21
3032482695827897e-20
7470412431071935e-20
0.0001595545580087161
53713377455438344e-21
6733068641292301e-21
0.0005261235413025874
0.0003736572292459478
7575459689172082e-20
20427749259378766e-21
0.0009282353202054508
9225778319276707e-21
2971453332238279e-21
20779523705392233e-21
2403137472136582e-20
0.0001336197734494623
8658283221961413e-21
0.0005810096645359605
9716812149642988e-20
0.00010968545827519555
0.00020676000273093533
0.0003825508735221318
0.0001633915791359976
21274280865467938e-21
0.0002375776123427118
0.0006526733531152151
0.00014540231769124114
5110121709283777e-21
14479010809656755e-21
7759440076640196e-20
0.00047368724628024824
0.00011297229619598156
0.0001557497141118201
13044721976721086e-21
8150448612287072e-21
0.00026144770982037483
0.0004054066934529049
0.00012827796007872864
53390830730465004e-21
6813245414215629e-20
47543005277317336e-21
29669075301516748e-21
0.00012026478554201769
6447319258055214e-20
0.0007727453370811302
17877952522506478e-22
0.0002757079768076741
0.0014304277897633875
8057942725246801e-20
6888395160070919e-20
0.00020645815892457003
98324766706936e-19
0.0001290023573818678
0.00025407741493583424
0.0012909178107019725
5454564639340006e-20
0.0008933779157530622
6466975560628025e-20
3392683588362756e-20
16144868978310083e-22
3619071362061956e-20
0.00043740507096125866
0.000280072652064609
871255165044147e-20
0.0002530679317870758
0.0005288434692191042
0.000276924398519049
8346723801241444e-21
0.0005240751368847162
61761686098624585e-22
8653243949840408e-20
51659118641676264e-21
12733106803884808e-21
8711366161110884e-20
52697172584535435e-21
0.00011521844218240719
0.0004860188711941295
4482027269012434e-20
32077597570981025e-21
0.0007202570253057168
0.0005779256929897333
4839005171190118e-20
0.0001445180378796179
0.00033514615664897616
3401283436308933e-20
0.0016444543481938655
0.0006854256512473856
0.00040445419109453245
0.002071078684767667
9220907788719582e-21
4170414264686829e-20
0.00010226772841340077
0.0005323022224885403
0.0005422147437052468
0.0001660916634679
0.00023534083027625457
549672737133441e-20
0.0001544842289175269
0.001427567519801337
0.00025370007667093825
9813775019421264e-20
11014531779062073e-21
0.00013617216003905213
50885416032043876e-21
0.0013903100744564675
43445696141443313e-21
0.00010198207188085024
0.00026806814663067385
0.0004424180198331596
4560345830912413e-20
0.000951650215718394
4854233717087418e-20
0.00015491225867108547
0.00033433409659798557
0.0001787982888033915
8266302868551022e-20
0.0002689868188687304
6327035964186576e-20
5024170352956913e-20
0.0003669809727740693
0.0001303296832641006
0.00015158751620346955
902404728976415e-19
7837680725164668e-20
20855004167749366e-21
7520959869541637e-20
0.0003836504041080871
0.00014206145910523155
0.0002499932519350126
7647337852716006e-21
0.0005775023384126942
0.00010796799109492521
0.0001960745702958228
0.0004898981512105367
0.0002524150237112268
6665254859744407e-21
0.00010717753214283782
0.0003535632963575277
6093239622973943e-20
0.00044815361540973995
6721048453638459e-21
6071445058658827e-20
0.0003350159322947146
3286506515601131e-20
0.0003696517654545249
0.0007240780362415093
0.0002525921131750573
17411484126131402e-21
0.0004116631411852567
0.00019971459268377324
0.0003112380526859444
0.0006761126996285605
7587370608855822e-20
0.00020123424305939315
0.00018149942127836007
0.00021862222529676805
0.00012059628293008907
0.00044867884047646733
0.0004100522534226151
0.0004961758927621831
0.00015452796345944672
0.0002789634688325104
1055635069321067e-20
7170343839054502e-20
0.0004700083210332016
0.00027092184213608686
1524735461335247e-20
28919232492233675e-21
0.0003273075811890753
0.00017464232679851758
300983694889173e-19
0.000347957096546781
3829400709927346e-20
0.0013771965157640645
0.0001405848358001726
0.00033300469016176994
0.0002546852726930758
51457424104666904e-21
758834575615088e-19
3415067786678731e-20
612402335498786e-19
0.00014716069584588148
0.001085886260129999
4200535571000311e-20
0.00037522351194942024
5913805974794655e-20
0.0002393939710545886
0.000943103689554941
452472151971446e-19
0.0001692487142422572
0.0001011541092074459
0.00044512717735413504
7870345067381067e-20
0.00029157475948873515
0.001133724008038682
3347058264533524e-20
0.0004504032030097668
0.00012141469398381489
0.0026696733737152155
6701602511858014e-22
59123453455292246e-21
0.0005861213918774409
0.0001877460856532859
0.002749165309369314
0.00017888552179234858
0.00014520349464699903
0.00017218513207757597
8199622440695539e-20
2357409302410259e-20
52373666213508305e-21
0.00015954860530547233
1577426632402869e-20
5769541438931755e-20
29094120134590934e-22
8860441622238367e-20
0.0002458085574785107
0.0007896977917351715
4961401501890245e-20
11542109698943384e-21
0.0002205100005822194
9115383129346793e-20
0.0004554956866681212
0.0001731431532866298
0.0005931036270412372
0.00040567669794957904
0.0015633644540187792
17997649020137464e-22
5836913351994299e-20
0.000830729212795504
0.00047978061233377474
20541350395496908e-21
0.00019384268661802581
0.00022439079279102677
6902677002482267e-20
0.0027031976525968733
0.0006483206951321859
0.00027921832523094273
17419510705811764e-21
0.0001216727354529697
0.0002391729705779925
3228345674612942e-20
0.0004958759164955172
4819942416936728e-21
0.0010054798281400263
58589744494801255e-21
36223325084290783e-22
9821253061464888e-21
0.00012621158441743365
15545300007336727e-21
8464868723629403e-21
0.00024016091704058096
6457007825834906e-21
6111465517596315e-20
4528883498054054e-20
18767383007206847e-21
0.00012263983437907838
3962988980903332e-20
0.00014006735513247604
0.00034791839908558306
6340738545360446e-20
216454539930406e-19
0.0005126551216598084
0.00023541163352561718
8971444391198066e-20
0.0004971059718186856
3856854303289189e-20
8828852460139008e-20
0.00010353362138994843
42189980179617734e-21
12692067983193876e-21
0.0004004714751043771
3839668402327062e-20
3193891750303993e-20
0.0002372765943987009
0.0008291342207957874
0.00011413779764440339
0.0003436482538904107
211795941983673e-20
0.00016043023626197757
0.0001631290092187107
0.000149475455978041
0.00015417692192826266
8876591528695031e-20
7524965636449137e-20
26712904723312317e-22
8548918636963024e-20
36530696962029645e-21
26906827927909346e-21
56407110361405504e-21
0.0001376130802790533
0.0003084554469235651
0.0011494280442834205
1929605101304319e-20
3959360410908546e-20
3456213625419172e-20
4011253899758291e-20
3392072624234159e-20
820876928560791e-19
60192950047887646e-21
2637865017530646e-21
5643058957763853e-20
13055229264506188e-21
696137947585067e-19
13046194378978594e-21
0.0002005161278508923
0.0003014242077844567
9831874900120375e-22
4494274626967461e-20
0.00010113872902559364
0.00013816558635453523
0.00026629719536242657
27263203211780068e-21
0.0001047307377785865
53224134296205217e-21
0.0003597207111300055
0.00020739457587629523
0.000185732360122245
0.0007468930737149794
0.00045682429681832533
22856631296006965e-21
0.00021582928845643315
0.00020281117596863564
57498132013649514e-21
50861462689214504e-21
0.00023659846952331777
0.000552019552439684
1673334044022133e-20
0.00032966082692447417
0.0005244420187844672
0.00045442568507352693
11747823093914211e-21
0.0001569080767784249
218310018335672e-19
0.0002925268139314688
37413452026244874e-21
3427206266378112e-20
2836055878821234e-20
0.00015031169825493302
0.001101455769528674
0.0003191358327388215
0.00017695323948506753
21692844763275182e-21
0.0002341525116217659
0.0001951731971994254
0.00013361116484731885
30823643615873385e-21
13930959143467705e-21
8735400716584272e-21
0.0001653363108173447
0.000687075796427116
0.00014619475083223072
5486891882020097e-20
20012100241728862e-21
4531892393876201e-20
28009167566381885e-22
0.00018057790759381896
0.0002509831199485808
-4153897724568332e-22
3758908884242637e-20
0.00038827326157943483
4664938247063544e-20
7414206564817656e-20
0.000562015921650153
0.0031528660264040506
0.0005958528879061448
8502750861433166e-21
0.0001229016158133131
0.002976040882795581
0.0004988743336415535
7874035862567104e-20
9829290097024456e-20
0.0008746502326548086
0.00047981971565573805
22106797911334696e-21
0.00014424877938744098
0.0034374191023390397
9039582517648948e-20
54037942762952725e-21
14069425482611077e-21
37469899920993786e-21
4561415641141256e-21
8232528824066684e-20
0.0001772769275967852
3696770387504125e-20
0.0003630923304013816
8568433444094442e-20
8980205314500392e-20
0.0003172698759997334
0.00012747929703788138
17770678919681658e-21
0.00030997675462866457
32327453308746264e-21
19932677502587088e-21
10612897372824535e-21
24729900888545637e-21
0.00013429942449193804
0.0001007473180125955
16002970117661364e-21
0.00011344317502048482
2201056497531217e-20
0.0003785074485658132
0.0004967864481848837
0.00029464735960729076
5243899305475194e-20
0.00092694656316826
0.0001390291031366293
0.00010026401922158572
5491040209215455e-20
0.00021355235051797355
0.0008809760951610763
0.00018181856503275928
3096417456003955e-20
0.00015618499735616377
22239832870597296e-21
0.00014696961495741994
0.0002369412412885994
0.00021651453219865622
33933475537840783e-22
447330030235359e-19
0.00022645510954515832
37901340647024364e-21
20452461725083934e-21
2995054001689495e-20
5656792904921223e-20
0.00011281712969560961
8652741877023806e-20
0.0007128136662327417
8662081093547995e-21
0.0001213355646962545
0.0002215645745371556
15234819089489672e-21
22790868021789148e-21
15173343971435347e-21
0.00029345682306666413
0.00019447398982616214
0.00025674156739101416
0.00046413936742900955
0.0005685831284918802
0.0003644103683846519
0.0002816513281647568
0.0009309111928380216
0.0009025478669248742
8313791059208465e-20
71089443301014325e-22
0.00010828564945629369
0.0003578982484475121
0.000178023709413981
0.00011905333217957509
0.0005395240196137947
0.0003825262285453173
0.00017110890699294242
0.00028353427825651885
0.00010273565300276609
0.00016603915086826584
0.0016769193701954318
2260205785513992e-20
0.00020704299957869827
0.00038788951337992867
0.00037299604419227484
0.0007073922799335047
0.00027336246596333766
0.0003230691371000426
0.0002215325247914504
0.00019203685344479975
6057561434179009e-20
0.0001227069960963079
0.00015776405488031906
9146726579594578e-20
0.00032122227516657114
0.0005558744063677249
0.000125546176581969
0.0011145803812838903
0.0007832221705893382
0.0017551331046244138
2396796352645715e-20
15925762470756323e-21
0.00022422791879436721
6710759091533365e-20
0.0003762559119601308
0.0007983666108179204
0.0003235995940119035
0.00015861260224104315
0.0007029462217802457
0.00022540223303445096
0.0005440065874493872
6093270190215686e-20
0.00018063560577944373
0.0002529051886556189
25311327718906993e-21
968325852689904e-19
3078466225645595e-20
28822208637868324e-21
15442326059020325e-21
0.0003828703348717759
6344050417421177e-20
0.0018164925724633149
0.0008128920577503494
10356864018598139e-21
0.0001873917149388553
0.0010048764097068557
0.000402902895823833
4650176195454875e-20
5132176951224187e-20
3090080051421604e-20
3178444548300982e-20
0.00028463940116298445
6911698018660131e-21
6417991202321773e-21
0.00016010551598046564
1819363580082992e-20
2531561788946523e-20
3912195378704086e-21
0.00015317921535120855
0.00010858545934541868
0.0008356138863051004
0.0005671763395840315
767544817305998e-19
866089380895491e-19
9394586478650279e-20
14080836900104487e-21
5689596213056119e-20
0.0010874585849527723
23495596452682164e-21
22877170080497857e-21
0.0007974094776360869
7775367557120907e-20
0.0014327744527722133
6722353884514212e-20
0.00018580856185961093
11101707923584727e-21
0.0005843650620775281
727687392367247e-19
0.0020414077343811456
0.00014373642301967424
0.00012421982902538627
0.00013202752472434552
0.00015203641036363934
0.001289136179257098
0.0023084474784694055
0.0014973433149836595
658314139972807e-19
0.000540273760850299
0.0006774322017586896
4398057570819006e-21
0.0002458043645757739
54578363640335235e-21
0.00015237821425779732
0.0014540089277275958
7441886989786069e-20
0.00015413522787912734
31528040712105e-18
0.0005735674337268106
20585719908571423e-21
29969473945177108e-21
3853504342681147e-20
20029234060716878e-21
6680012505430704e-21
5598674886702944e-21
34054867322677236e-21
14682303374538542e-21
0.0006635455591310496
17930979516469592e-21
0.0001548164813059082
360189070145939e-19
5394749266048051e-20
2456432532337423e-20
4885189901188874e-21
74927173340864235e-22
7371574323640042e-21
2740461349314761e-20
3669751364571534e-20
4779405753559314e-21
0.0005046218526864835
5508548511208563e-21
1432856633617324e-21
5068709588648255e-22
0.00011745723791336343
25995362459422274e-23
3185916932365889e-20
7706092340200863e-21
2741426040651309e-20
3428803038553791e-20
1816179651507465e-20
8798925218953655e-20
9708781731000781e-20
3843101082040972e-20
14320456614474155e-21
0.00012914688901955747
14061043782953714e-22
6529970865951909e-20
0.00014187178951253918
0.00027209771505791995
612563872323689e-19
0.00014891811919549587
8018746530644374e-20
0.0004496659431459222
18241657279036947e-21
0.0008564098475863417
0.0010513565188638913
0.0001264131313385212
0.0003957969692075478
0.002130771357600826
0.00017051884640334662
5812110708047724e-21
10224598717534779e-21
0.00012126590289672525
0.0004141400723397162
4419329756666822e-20
0.00010490914107374324
29136798339620872e-21
2344678870659022e-20
6022417754078266e-20
0.0006235262195796093
0.00029565859630223065
0.0006572076636310068
0.00012842018695326536
4751574160835259e-20
7320993995180844e-20
0.00019286401207405137
3216306040630867e-20
57549167376775065e-21
0.00015324445448121492
7485468148946161e-20
0.0008562072786867257
466528322260029e-19
0.00016403384722103249
0.00013625092864687333
4380429525244891e-20
0.00011256465091906657
3542164648534396e-20
32158426430172524e-21
0.0007905827449596872
0.001175040414836353
0.00044176168548008105
6086960447191498e-20
802373088881424e-20
0.00026662908427920964
0.00010154982605588152
1412456990644231e-20
0.00017670863650357988
2752589900770719e-21
0.00012029193791441155
0.00011718769529812253
2568172300967441e-20
20965472088854903e-21
29846362531209037e-22
5224353167830727e-20
9326557807196177e-21
0.00012166465726966295
6666376975413903e-20
6488248444234099e-21
0.0001267570885853303
34201220590698885e-21
33618075589040648e-22
3354849243543843e-20
0.00014524101312056372
51988962557587695e-22
0.00020094026893933547
0.00043954650876339857
9246875534949799e-20
0.00026066263457469254
24835630398231587e-21
0.0007123679696113994
0.00031751083695507693
29027857993840677e-21
29449070760452838e-21
7708639713791657e-20
8895982985838126e-20
0.0003363971748015269
0.0012704460247001234
0.0009572730400831315
3862737668720775e-20
12603354421973786e-21
24859378103978738e-22
45804323390018185e-21
5478146203542091e-21
0.000668798237426348
0.0005249709283100418
0.00021179956361526832
0.00012028262101024823
0.00013545187828548728
0.00012667829118546032
0.00031111692095775586
0.00010951082901719433
0.0002550173148347525
0.00017604094266989367
2905915521518798e-20
9827288238801024e-20
10219374493077416e-21
4540520695248402e-20
22627619667947816e-21
0.00044614076566047733
0.0006265905923227425
6140746001155168e-20
3348718715496105e-20
62212728003864305e-22
13879847113175203e-21
0.001996385719399732
321715638619835e-19
0.00017059053509290855
0.000169700173066817
1770044944086873e-20
50311224493220705e-21
0.0005759581917522056
20754545509089873e-21
0.00020659559113437348
19783063430510614e-21
30038109620827887e-21
20975816600105036e-21
0.002008288847955123
0.0002472069543934735
0.000138789100592843
5721704250204257e-20
9771718233735937e-21
879263822192487e-19
22939461869412235e-21
0.00017401183850333034
9273255027467543e-20
63253175008183446e-22
37665097719697954e-21
0.0001115729040761948
0.00010811153631636177
0.00013863667092535892
4549935522069262e-21
0.0001633829760150231
0.0003312163915865115
0.0005075307291024259
5663512330635063e-20
8723621924292974e-20
105205139806772e-19
45043824079186504e-21
0.00016625925354868718
51925767964677434e-21
0.0001509904041205305
0.00030593753541009803
0.00011010171886658331
0.00011885936155292353
0.00017113885062685578
3703703579207674e-21
0.00042897890840491276
0.0015212927456774614
0.00035453499777641633
51187803446893e-19
0.00014467175187987455
0.0005030312694367973
0.00020048768967925572
0.00011219941244191587
0.0006201719725796671
0.001735715476594463
0.000203178970069211
1589382930397112e-20
45288981882480745e-22
0.0001434768277478747
4445228375356399e-20
0.00012123074501686698
46601987640766e-19
0.0002111506492340973
11468363855579488e-21
86346876901008e-18
8872954020246717e-20
0.00014736316554959792
0.0008287046880480255
5173063847192609e-20
8902678466652724e-20
0.00023470898997462626
4408061191222419e-20
0.0003912782674541403
0.00045936713223373765
4736827989085473e-20
0.00011350835253031494
866403537875857e-20
0.0005167972496618354
666973790358406e-19
7964623081633137e-20
0.00010485965657217848
3091974251676564e-21
2574931585508587e-21
0.0001489597170993852
0.002459979791818122
0.0006849952082167117
3878297794570787e-20
24547759612590335e-21
2445954994365199e-20
0.0002601913990413495
0.00020358700308322262
20898403530424125e-21
0.001016623264250113
8495434181813948e-21
16320066795078406e-21
299229555524165e-19
0.0002843639497682232
54469173066949e-18
0.00037874532189332124
3353650370432004e-20
366818550839951e-19
0.0005100504587063797
0.0001331005733121401
0.00019361184502963275
21520867052794932e-21
0.00015360193132362595
0.0001379748303663368
9920124473410969e-20
0.0005668379239605549
0.00014894654259727173
0.00021933649534095794
0.0002679144231869337
9017165926282401e-20
0.00042382889824737254
0.0007367187861232506
-17382158929801793e-23
2329436924340417e-21
0.00010067210347240976
0.0003527917790592924
0.00036077894911004335
0.00016934783936720907
33792669938328775e-21
0.0011732614629046676
4466524045237033e-20
0.00032486346214305966
21576878644096043e-21
7395366898576558e-20
0.00026092790899023144
0.00019337074214467254
3210961620854927e-20
0.0007812628669668428
0.00019070489023454768
0.00012425266624077245
8032157946504725e-20
1829672404712052e-21
931081640220482e-20
0.0003193233601251295
21678957230362197e-21
0.0002207619863324086
7301215223470153e-20
0.0004056078297463681
0.0006932185403715841
6632470073287114e-20
0.00031009091253841913
14348427998715908e-21
5139360054979719e-20
2958683765860508e-21
0.0008635311441338656
2154428795067528e-20
28323320283698292e-21
4045040240534774e-22
942234203757498e-19
0.00027903320456427886
0.00025060589209166897
0.00035250640472706945
0.00036639414330171064
5587817594935399e-20
0.0003787714556885504
2226485165669649e-20
0.00040492312910247704
8477619309448264e-20
2687541973859328e-20
102561283930956e-19
0.0005036833193536951
0.00018523135359994663
0.0016746871234628639
0.0005326857289062588
3296234531404022e-20
21495467675629506e-21
0.000561291703264319
0.00011116581287434003
0.0003027580175533723
0.00028947575136815934
478720503041384e-20
0.00011542044156231888
0.0008002370836482846
0.0001112341182630189
6800610903005967e-20
6604708325257729e-20
0.00018587942903913995
0.00020004909321607916
7387829275188685e-20
0.0004157838001243509
4204472290163222e-20
0.0001342979877580798
0.00016336000572571893
0.0002910146920166138
0.0007870242492375914
15423901253751792e-21
4166583203443458e-20
1021339396039272e-20
0.00040362958645836876
0.00026038414378565044
2367559715694434e-20
17002618794300774e-21
4782835023431472e-20
0.0004974973542358196
48713283442727906e-21
7792764249746017e-20
0.0007367262889359286
0.00010667636596584519
793509938609109e-21
0.00029270391545043806
0.00011161180443321713
0.0002458560033362587
2728616993438877e-20
9948278289913838e-20
0.00021941162580860863
0.00016923728315247237
0.0003023309948631891
0.0002524774863765501
0.00040072041207222137
5561514658680515e-20
0.00012922976527626653
9347265021810335e-20
4323221361074162e-21
4178639024491569e-20
0.0002417237073571697
15487777192204882e-21
0.0004024543882151522
0.0007191649400670496
0.0001968750581886778
0.0013794569153890554
0.00032711524151360713
48823187777778065e-21
0.0003986965366349045
8553135500140764e-20
9062458337874029e-20
0.00013379625221259035
466301745449219e-19
0.0002578715651031109
0.0003912032212573702
0.000278671467578817
0.0005582643692471314
0.00015456449459996897
0.0003757644934160668
0.0003390472275051396
0.00015482209846239187
1605175765041952e-20
44544349828406856e-21
7284382519986229e-20
0.00023966746878225983
45567241568583895e-21
1625420364616067e-20
8318731444854211e-21
0.0012459719649239127
0.0005462805848495512
12262321131654439e-22
0.002263248232481217
0.0010488005916506062
0.00014880329808903656
10738691523241573e-22
2868936146504314e-20
7711153474205931e-20
18668181722339645e-21
0.0005767984689518394
8943490555522309e-20
43907750538075305e-21
0.00010948876115600061
1151014278277472e-20
33674049973624546e-21
0.00019631179838565743
53074044762060554e-21
423284920443208e-19
0.00018090629803235172
0.0015463116055334102
860082604411698e-19
4822618891779551e-22
0.00012055450008543323
8878848521664063e-21
0.00036366297635882425
0.00020862871481287565
1848031639339651e-20
4807509652878228e-20
35048312147443105e-22
8353912035308792e-20
0.000198218256335076
27267295353231935e-21
0.0006879841752231747
0.00013953984339121488
0.001003302312049459
0.0008506151987802484
0.0003201635103037322
0.00010077028406076231
3523808507946906e-20
0.0011788158058223628
0.0004064083187465794
0.0007555725422164004
0.0018962612164007931
0.0002824615399878275
0.00023755634859746558
9908991034949694e-20
0.00046631171571415685
10126434462790222e-21
6684081949450951e-20
0.00036448365317978226
0.000740680912221408
0.0004148197563681826
0.000542338307307519
0.0010050001968974136
0.00011087536676927565
745448978610198e-19
0.000180943150944227
0.00026508001852320934
0.002207716284014265
0.0013888507532845507
0.00016489349149174695
544025677799198e-20
37833017905542604e-21
15113591098332166e-23
0.00015226684355531636
8821018047541101e-20
7300170679542654e-20
17854282977946372e-21
0.00025034855473347954
0.0002649519976550619
11873621388953601e-21
15678314807494866e-22
677172276266558e-19
1903198227889119e-20
47330828704162024e-21
10493203807388967e-21
0.00010624901368404372
9119879160154689e-20
7135429362010209e-20
0.00011178041695307607
0.00035427994554719457
0.0004843262572004985
0.0011004729530612878
11383482485112108e-21
7108750599022352e-21
7093850481841667e-20
0.0005378341471998531
0.00024507937402409917
0.000146055543918753
3473967859717959e-20
0.0008744967344167249
0.00010402780468994994
0.00038322987517177724
0.0001754325097667961
0.0001347350343230663
0.0002606333782280549
371199102147536e-19
0.0003116799105787513
0.001462566022209952
0.0005446509377560492
0.000508658176670742
0.0005352261351591473
0.0007573548227373059
1656642795913312e-20
0.0007963256701135242
8698682368582863e-20
0.0004801938935455272
8506892676767666e-21
0.0003160802946857565
0.0001687413391234111
0.002705657558230776
0.0003105832878298348
23582949241630922e-21
0.000928378049327033
0.0008592458230399984
0.0004707082168003441
0.0003257272148193632
0.00016427584904539423
0.00024983778554627835
0.00017499472473122765
0.0003406992882040791
0.0009619536182865334
9249990143428858e-20
0.000215143024098777
0.00026509198788102255
0.0019576912722937905
748015668212705e-19
0.0005472833018096017
0.000143521494144596
0.0001796906514325488
0.0015475446692366588
0.0003569926930867808
0.0001135835861251972
0.0006091089272758008
0.00013129305842206077
11021349986505207e-21
0.0001302411441231637
0.0008432203442833306
2142309730637751e-20
0.00044576167643585555
7818876206211711e-20
0.0006448502221781295
0.00034434499419142657
0.00025848980544500045
0.0001188877659942186
0.00034507924583045667
0.002367355486901686
0.00025285499680144374
2570317578544842e-20
0.0001017240570365431
0.0008075150977927189
14259111425410304e-21
0.0008176476491735148
4170074408706955e-20
6323551798772715e-20
0.00031513160717552
10045024541101452e-21
48254229642444244e-21
0.00034194570440799197
7368079617918756e-20
6437085884274033e-20
0.00040849447267497763
35868193623581372e-22
0.0005305741794953661
0.0002645200585648434
7107773917811018e-20
59103943985191115e-21
0.00032104665327796776
0.0013076470270489114
7075224558106394e-20
0.0009639861263734859
0.000677637765749475
6783645024830688e-20
0.00034061147620858303
8735347500748907e-20
0.0003366853014773877
8636659621203006e-20
0.0001255295815614392
7216050223999256e-20
7114511935211888e-20
8697212686356912e-20
0.000109634628995464
19576112414335517e-21
0.0007499497748503795
14574902492780048e-22
0.00011535854628075905
13626259938844085e-21
9535791207630133e-20
0.0001598958916071516
0.0001064886954261829
0.00011435260528245558
0.00026100714755684045
0.00012645919412483832
0.0003365259515221251
13367107715919107e-21
3090101405756314e-21
0.00010235444596024061
43942949892110485e-21
0.000140026072401564
0.00016425004817960013
0.00017125041936412076
0.00045935352713954113
4951101667240014e-21
4880057145559578e-20
0.0001259000353726666
8684491504573585e-20
0.00020675324172077673
0.0008179737041914383
0.00036007180685964724
5284632822326752e-21
0.00025503607601488264
0.00036314831637206915
0.00014963362380888173
0.0002300448905670728
38486074120870104e-21
9859653933236564e-21
12908331426167637e-21
15677363585269394e-21
0.0001312457993299226
27314248332405544e-22
0.00011809219027494762
0.00011927938191812911
0.001190023174513822
5829154341785794e-20
0.0009568975924550691
0.002446473900707701
0.0020113181120360204
0.00024323756461292175
0.0028852850903131368
0.00014092705776247376
4190706146182831e-20
0.0002288382467303915
0.001374728368289487
0.0002253388546171777
0.0003208896889426299
0.0005475728574091285
0.0004895342516126264
0.0034046599345593513
0.00017286550286763294
0.00027724289109525295
0.0007096143873986206
0.00031395585128234294
559814414912319e-19
0.003751501182993288
10853364052545225e-21
0.0007100353286399223
0.0004914105571427123
0.0006095630521665627
0.0015858597178609606
956937695842735e-20
1704274690082078e-20
0.0022055871884878783
0.00011092198483938362
0.00025006008124399886
0.0014644069597566384
0.0004867416490241007
0.00018953917626096713
0.0002735716088488524
7474119664401861e-22
0.0017910107969352637
3347394772942666e-20
7599393983801034e-20
2303248436551092e-20
0.00038841158077105887
6654133197812179e-20
2092295880017824e-20
8135960379957684e-20
49355871570746826e-21
0.00033376118702777577
0.00021495327908959978
0.00011444901868255267
0.00010725603449314324
0.006379491990012844
0.00016209173096358906
0.00011939515513301478
8315468448540987e-21
0.00032957218453645137
0.0007569645293734569
5676772986642036e-21
0.0009008103163682147
6109735737576033e-20
0.00013298319629605389
8978167298168201e-21
0.00020963338819256214
0.0009729594441807068
9097593850241549e-21
4681744989735783e-20
0.00017914826857185552
0.0007781197560755821
0.0004787867186529618
1776653000084562e-20
0.0002518339792610621
0.001089287405260752
0.0009354199284571741
0.0008874620220660418
9380056295714072e-20
0.0001939133297524727
0.00034999633751690043
0.00019435689555476505
37839799844073914e-22
9256488829977e-17
0.00011132358409445017
0.0002307871021704417
0.0026304092556873326
4883611278191604e-20
0.00012155698977850078
0.0001263462302579558
0.0005442504370225873
0.001829451709356904
0.0008431818916489658
1550643274851606e-20
0.000648064156733659
0.0001352064544830596
0.00033358392092341953
0.00019758508797695765
0.0012243168033201162
0.0003037328346200502
0.00028820070690537686
7835800599006909e-20
0.0004442149412445766
0.00016683000798229318
0.0012000049082368089
0.000340819937159584
0.00014740204921261208
0.0006666213878528561
0.00015279659079901558
0.0005168748406574692
0.00030541048279595116
0.00019188098546789212
7551226815345284e-20
0.0002876292623267592
0.001917297725532027
0.0005292888653659132
9017208674234257e-20
5501652264788085e-20
0.0010922583984009206
0.00011133003457870892
0.00015075968854250154
3390869377104223e-20
3595488266610613e-20
6811145445741296e-20
0.0004589543271478287
6687080653041518e-20
0.0003970201800019991
0.00013427432592614903
0.0007017334455066613
24702411672667985e-21
0.00012408731010338066
0.00025394680886562906
51533723457663964e-21
0.0004857712324201089
29059394223252035e-21
6330144000502685e-21
7004893895378696e-20
0.000179363165579005
7613116508205482e-20
0.0005829122702935272
6484487006475018e-21
0.0007285827629891604
7286972296278141e-20
4606689916077279e-21
0.0002148232255740018
375393004626635e-19
7891957888133459e-20
0.0007908216782014565
0.0005777871245089005
20774114895115277e-21
0.0005271506760054415
0.00036837238803625894
0.0017707679533847936
9218940404848005e-21
0.0006972791678516473
48638657675344764e-21
8068755100648147e-20
33439723269304863e-22
5306033211307308e-20
16926113014658867e-21
0.00013184146515889418
7080612637258847e-20
6264117925017014e-20
11625158971548407e-21
6640564239779463e-20
11467837508369326e-22
0.0002505434848972216
0.00039892547225825904
2592187499107252e-20
0.0026125473425056395
0.000612203079467996
0.0002514715152147658
4525192758953883e-20
4865884362537241e-21
0.00065575652623153
0.00024373800439718546
0.0001576587619647622
0.00011461758345880132
26985507815066815e-21
4807585781494642e-20
0.0005636665453713334
0.0005035362688891639
13314572948248842e-21
0.0007334786242878703
0.0001440176490203247
0.00035861783128833356
0.00012824235277333044
0.00013857069792226728
0.002033558367525351
6616828587505047e-20
-24742774393655195e-23
17491099892526944e-21
0.0003370463553367637
0.0001406002405322983
0.00010929936691389663
0.0001555327730520131
0.0010034007956875443
43729298064111046e-21
33793259477399006e-21
0.000186149524742598
0.0005576127389594871
481627825639393e-19
0.00013081178439326686
2941102517209504e-20
0.00037709115029150024
8321245872972916e-20
9534666079743464e-20
0.0004138938714565878
0.00023391454407898786
10206007825605039e-21
0.0002843762790411991
6398467872362139e-20
9841349923321082e-20
0.00011822232343025601
7336692884136659e-20
0.0001303715797857897
0.00014258877037133863
0.0006736534560228138
0.00013178198918803788
17261667964250294e-21
0.00018213584583625067
0.00021561701991187218
0.0003455073449411862
0.0012150971372087357
0.00029646284426523254
0.0004356468413310814
3235067750309076e-20
8001009637773156e-20
0.0004016728144918273
0.00011822464115345643
15499985608637377e-21
0.00022620948547279394
9191028510744685e-20
0.0001020867208004316
0.00016677007461157585
0.0009643460534908534
0.0003979920990724769
0.0004672324331349326
0.00037131344862168013
0.0002889972303671966
4042706500385044e-20
0.0005705197705571945
3967289674818832e-20
5534807432508238e-20
0.0001274287918296088
0.0007614133377851108
0.00018528353625884257
0.0008855925964685971
59123757192815985e-21
0.00083171912291489
3536308930829286e-20
23296364150766753e-21
0.0003103152184140261
0.00016774182021144955
0.00036742971470198033
0.0013840174839244495
0.0007473070820786872
3613945467724171e-20
0.000423965064846912
0.00023505983005625016
0.00014481810229985281
0.0005168540219278503
0.0008331847562373327
0.0002991703845745908
0.00036192971995927366
0.0002473810978358862
6083309637829027e-20
6652569503261641e-20
0.0018467323483490619
0.00012991860082005148
0.001029740316940012
0.0005427916233542981
0.00020467555730144615
6368748282543994e-20
4399999266992198e-20
0.0015930364357060087
10624375240787261e-21
0.0005566044686801347
0.00010839230972747965
0.001537736664763275
0.00017042924789206423
0.00031152371104013277
728403833235601e-19
7145504544969945e-20
7381747433028524e-20
0.0023197740277429305
8938270606690527e-20
0.00021854893807446245
0.0008816105388051913
0.00031927347499890486
0.000152169371862888
20325439033606876e-21
0.0002923111131235879
0.0001328033202666185
0.0004660223270674843
0.00031142577701558745
0.00015121284831266422
0.0003338140010408339
0.0011180278125937574
0.00018655214969380687
0.00022865538799858245
8348684852066318e-20
0.0003480496414481431
0.0006972139105466641
0.0003910749432472958
0.00046657891341041365
3284826866622642e-21
6516266902959915e-20
0.0005057954444879423
30436780107809193e-22
0.000508627086960417
755899794070983e-19
0.0006094714446919364
8253564360303364e-20
0.0012328033896225367
0.0007365552092087295
8841274345145602e-20
5610186319404756e-20
0.00020290690229128684
0.0005343354143813961
0.00022347144731513506
0.0018597572504843035
3960676113073572e-20
0.00014147409602470844
0.00035201075623830384
0.0007230263427355554
0.0010492234043717205
0.0008138997515114347
0.000443859265500935
9014445469887223e-20
0.00021715056556575706
0.0019753253884088992
57963215746502485e-21
0.005431844482832022
0.00040868442372508684
8813452703124908e-20
32768504302950875e-21
0.0001816639689555395
5361090590624839e-21
0.00013810154234371406
0.0002139011805175293
9846785182246305e-20
0.0007864289844758082
7371023976716882e-22
5082202329555827e-20
0.0014532067410132825
0.0049048289156714995
15915536512650763e-21
0.0004884175382763936
0.0002520887070426042
0.0006909117212053573
6238724566398777e-20
0.00022057544470276437
58086843664324395e-21
8290232930543684e-20
0.0002060063097821632
0.0003704907476495488
0.0003459451789593948
0.0003522420706640124
0.0013507427450401592
0.0011977547162728235
0.00023678258496364428
0.0002563790271770212
0.00010900914486111242
0.00014629986954831236
0.0002028713386097335
9871789251370698e-20
9286140124579402e-21
0.0038996497434152858
0.0002310024351165452
338434068555511e-19
0.00047137877712708507
0.00026317871746583423
2112056993855862e-20
0.0004864734368473581
0.0005709093072106197
5794996773599443e-20
0.0011026429009892932
8615346924226873e-20
5800382477047986e-20
0.00014039120910585358
0.0002247812931109836
6531218662965107e-20
0.00014123359140148683
0.00044050456654622257
35225859466223198e-22
27459487559159023e-21
0.0003969433938380006
37703767092813994e-21
0.0002690915606511963
0.00027633631580958564
0.0008366290517522785
10395508933818768e-21
0.00010946482724724355
825768011032794e-20
1991424917545449e-20
6731507852765903e-20
18267926404447617e-21
7929290757874645e-20
26035432684055594e-21
8692069234731222e-21
30797761309683165e-21
0.0008600963710529555
0.00022739813970247777
907833434474442e-19
19917633537837838e-21
0.0007008462233363861
0.00020144061089099225
0.00024587432127159666
0.00010252445406422948
0.00019731746361628715
0.0005625674633480359
7027509164932883e-20
0.00019417321040247836
0.00010113353964951044
0.0003115591108218947
8742129055782556e-21
11643079831528649e-21
0.00028615702976968036
0.00010560963319200912
0.0002688754038773983
760390871382929e-19
1838858488026139e-20
0.0002586941515693441
9998986081737824e-20
18892183300910794e-21
0.00013258978458560708
5854098869994474e-20
0.0001733283549601262
31423155238874876e-21
0.00035127685818190225
9958869739927762e-20
0.0005867175044811435
0.00011114011562800231
0.00015864357351180075
0.00022723287642937637
511943189725309e-19
0.00037206756281605875
0.0009199017180211942
0.000380187033184538
6456128772887071e-20
0.0005688342388928782
0.001086818901756062
0.00010888496560006843
16987039757713762e-21
0.0009793008738642256
0.0008354480618126581
38786411000116676e-21
0.0003161704461389274
0.0003487862410855891
3032130392986682e-20
0.0002360887452268747
9033049611592717e-20
0.0001375619414817893
1146896126061152e-22
0.0003642323696301998
0.0002788917051166543
0.00022382489643966807
0.00017725503572991653
4554553620265423e-21
47350042472478014e-21
8826292624154684e-21
2331569488949505e-20
0.00011685902406821898
9277644015891566e-20
6310067712322609e-20
14349081749958127e-21
0.0012358903533619444
933156600970431e-20
0.0003839354079990814
7929872361957809e-20
22998935648642605e-21
0.00015858216901006535
25566646508370414e-21
30196641140027064e-22
27238401028459066e-21
0.0001054135858591281
0.00021757890209435373
0.0003391384672163611
8710313967156583e-20
0.0004434342448798858
0.00013112408960839304
0.0010857165481473103
0.00024729677647043877
0.00018630091395688847
0.00026614529751279383
0.00034616981936765913
0.0004423616332052301
0.0003109617272882443
0.0007632010393016211
0.000321943402153798
204194253964048e-19
0.0022748237175103255
39313953586892156e-21
2620542323352527e-20
0.0005862530272577719
9687060397203297e-21
0.00013909790892081134
7093399105683251e-20
14911947512192616e-21
3833634113783408e-20
0.0001423437221297204
0.0005740138076231084
0.00019509863567773885
707626005174053e-19
8953994532520887e-20
32331463371235824e-21
0.0006188302903624802
2788851231922846e-20
0.00015937134963694126
0.0006624700070514133
4473860827283774e-21
19076492468020134e-21
0.0005614365348000554
0.00018743371890595512
16242249670136037e-22
9699209377561852e-20
0.00022863500031281982
0.00018136363395358966
7934849021580211e-20
42938116185232355e-21
0.0002767654447568743
0.00046268355320295586
2189664183929852e-20
8377791530590313e-20
0.00040439899854316264
49972685379079644e-21
0.0002459292589318779
3308543639094224e-20
5926673975349796e-20
0.0002461400610719986
8641070700246392e-20
0.0009267565635136698
0.001005277999254608
0.0002042818491658008
0.0007434599309582882
0.0003047313523999376
0.00042813039650594476
5917655428552618e-20
0.00345212476854455
0.00016959111831992433
0.00024375386668247845
0.0001956359510228497
0.00015055653176696313
1230667671580303e-20
9362491601368413e-20
0.00018900011790423053
0.00016334749503094012
-22270908477331408e-23
6140820982491468e-20
0.0002492262249623344
0.00016945668905282298
0.0009048737240432595
0.00015635241415507364
0.0005989239552131272
60656101191083775e-21
0.0003597371983698466
8962274642914865e-20
8931570381549778e-20
6545790156854771e-21
12400786774271599e-21
8917238235174859e-20
8530866094982669e-20
410548174273161e-19
0.000193333782497404
0.00034791304656354673
16421177520624412e-21
0.00042428098411640834
6741127851527486e-21
20223873367275618e-21
2458663840239274e-22
3274700323924537e-20
9765526210238458e-20
0.0003803557277602044
0.00020402658888656581
5842278384931814e-20
38222357745198436e-21
3839570351515138e-20
0.0001163085382851141
0.00021878896392534794
12080738418922941e-21
0.00025830646753733115
11286702728301485e-21
0.00019130633573298343
0.0006550027799452405
0.0007518108660902257
3197887170331727e-21
0.0002578705692305961
0.00016107073917306732
8599509463165233e-21
0.0002377581335712845
2095248403292734e-21
3324255922254204e-20
6536531223780958e-20
0.00013427472100544
1707706007471612e-21
0.0006480565984642155
0.00010196876173747253
0.00012124698951332727
0.0009635118184282826
0.0010995039373469734
48429680307074726e-21
0.0003371909090225127
0.00021806256282152364
33491250112395606e-21
0.00039033787442291796
0.00010457266263503496
0.0003879793021005991
0.002413031563468349
0.002205137561404406
0.00037187598531086125
0.0004751920914054556
0.00030674782058596437
8729297300063291e-20
52653118205776255e-21
6478809314737433e-21
0.00036492869814376235
7149040931027893e-20
598139932323953e-19
0.00011438652203795313
4735278618739856e-20
0.0021965143252272138
7711223068760695e-20
11788028343749077e-21
16363290209072108e-21
9452483275793985e-20
15800461864390376e-21
2642727539733271e-20
4129652636892147e-20
0.0006084282212709983
0.0007925415781308452
0.000442225883454783
0.0009557901737992547
0.0003504781441273422
1692014004668552e-20
4676770777829107e-20
6411405303328207e-21
20584214400091473e-21
7752383143847808e-20
0.0002765700184089758
36428607441672426e-21
0.00010847762948297402
0.0002044894648646896
3146763528704661e-21
0.0004021792836502838
7963511868705572e-21
0.00036197689680512535
4130619579462372e-21
8053155229528126e-20
967403902645368e-19
9467416727051173e-20
0.0001351210316852717
0.00011287942932279788
0.00031850127601562513
0.0001072976854019232
57788629111451935e-21
0.00010861682731567612
0.0025521536417366744
0.00040172113197260473
17317475274047647e-22
0.0001306233554523289
935617061300086e-22
0.0014792966134548095
0.0005656587224453189
0.0011979597010877959
4979668927721624e-20
0.0007469600817084062
0.0005724849074966893
20617573873051255e-21
0.0003310200022749355
0.0001353202697805518
0.000388530516624124
0.0005407095839084681
0.0017344394111788466
0.002385714607138165
0.0025791739683112772
0.00011258909679357163
0.0012537854677230655
0.0011189318315337454
8106642900594141e-20
0.000765857102450535
0.00014109026196489736
0.0007451995108657907
0.00014070242215538805
30001606850000843e-21
0.00013258293132553098
0.00025373171945179023
0.0007403202473772663
38816404636628006e-21
59141040129049675e-21
18876993426257675e-21
4640728124686188e-20
16083678959897638e-21
47319501004353494e-21
18508541903692858e-21
8916719630590035e-21
0.00011835664546828864
0.00018731820926042148
0.00015227937867899507
0.00022881413834718447
0.00030036087863308394
0.00015664320252438332
0.00022502595144783933
2655199231517807e-20
841553335487182e-20
0.0013519162882032814
0.00014580996202735684
5945432684132015e-20
6405596448232737e-20
0.00029622129322763374
0.00018125201613264735
0.00015321504868343847
6676744873234466e-20
0.00019424187263911686
0.0002766165595067512
0.00020391662696698002
0.0003789970929960024
0.0008476324722050883
312624056199363e-19
2375552790014833e-20
8277613435778058e-20
22231611458974603e-21
0.0002159736784764561
0.00014067719319111284
951696141788077e-20
25549137064398025e-21
0.002059635549726363
0.00016820119573126825
0.0004724793402550347
0.0005748570195995064
0.000476231198482693
7409200523714243e-20
0.0001263155858047486
0.0003456149974266594
459067491442094e-20
59313773647577275e-21
0.0010566356547732734
0.0004335654535829471
6183533418300415e-20
18741084422610195e-21
0.0001653808913115051
14494142235010257e-21
20197584184097625e-21
0.00011260225738199507
0.00010935224993750566
0.0009077658274632527
0.002257921811646081
0.0005023942332997023
27413583958317354e-21
5221858182837224e-20
0.0006441467287382815
0.00020491765915470452
0.00020123089153281832
7205909397595494e-21
22890888488629162e-21
7128701715050597e-20
6997845443047806e-20
52015860194117056e-21
0.0007133177107286811
0.00026700589769050885
3217128753944374e-20
0.00015429440259953948
0.00036861588188647957
0.0005946548203914762
9430474316940413e-20
0.0001429882371939969
50173136189950893e-21
0.00026740883831606155
0.0036450056244735508
6040666861294071e-20
0.00018095184340936377
10852552509806958e-21
919722677611133e-20
6303810794793082e-20
5616397870345865e-20
0.000404411265764601
0.00036704009168424495
9814277301675676e-20
0.0003301963369542235
0.0004994917998682987
0.00040057131719994395
4812560323979149e-21
0.0004901951488049658
0.00011592256284922108
0.0005134329538077574
5628588343821121e-20
5031452381216224e-20
0.0001914442576950118
0.00018164914540581552
0.00010844801609251293
0.0005128498064754166
8900413406705749e-22
0.00027301780020714313
0.00010691377400875977
0.00010126996297790848
0.0013325049331371454
0.00010689500996736328
0.00031802349772337777
6673987621347641e-20
6854177514630113e-20
0.0002616413899625276
0.0007193322365379925
0.0006121324630827588
0.00012363373461981583
8773864605273203e-20
839725923916476e-19
0.00011012530574048524
0.0007040643311849562
0.00039477282366951643
7310465493277964e-20
6940318117639798e-20
0.0001892389670972178
0.0001430318310818469
0.0001283518737634052
8531422658249756e-20
2440844369729738e-20
0.00035505752920238134
0.000268833218212368
0.0006312420200218482
0.0012244380449432236
0.00037490320582756755
0.0011209307848771886
0.00027032611681297134
6810117231470063e-21
0.0003172122828223732
0.0001346491352310163
9341257344483734e-20
0.00021491414225067442
0.007247622498254375
0.00035161066674207575
0.0003337675330814763
0.0005138374046574772
0.00175922891936878
0.00036613528143814033
0.0003199766276148061
0.00015560795080301994
3086385165466831e-20
0.0032105871396718145
0.00018182830278181411
0.0002025917408990102
0.00020445264954002147
0.00031955718179887656
0.0008764183145254936
0.00013434794669235284
0.00021460131747068906
0.0007254431728487201
4272692740854266e-20
22940839486029476e-21
0.0037762315653502624
0.000516882595880064
0.00014326731282612176
5142591659303959e-20
0.000151132069102235
0.00018339747678244238
833468398537088e-20
0.0010355307165110603
0.0004739199675997054
0.0006227236698731405
0.0027216484176772397
63497620317961125e-22
0.0003303258723697697
0.00012705547557107018
6626054906431995e-20
0.00030273345398572826
3986165002333435e-20
8525298176793412e-20
14516078996575135e-21
0.0002911408536937296
0.00017290382323390424
23121632029576656e-21
5072422583885537e-20
0.00018837066774661713
3894442506584539e-20
6789807020530176e-21
0.00014372101326844895
0.00017604501831574654
0.00041196173741136664
0.00015722703158936764
15713438007743685e-21
0.0005880872384285597
0.0007162490049156634
48221009047086185e-21
0.00021954296872719005
11157214206563552e-21
1789007070615083e-20
4371738805388332e-20
0.0003354113790022625
16315057506615127e-21
0.0004420530916327717
0.0005830033403482249
0.00015557357460009236
0.00010729294240085339
0.00047613926688403277
9227792207625529e-21
49361286987895576e-21
0.00036408681230485767
15764104109450034e-21
0.0001076646197665363
6171427529698132e-20
0.00024271236899054986
0.00033226600305474337
0.0008681542793337898
0.0006177828824885222
0.0002807222433640783
0.00021446655416169964
35406061271843007e-21
7065473133383578e-20
-53252413400813657e-24
1106395553125638e-21
21237618760457328e-21
0.00015557475690783842
48206911475787674e-21
3310100266539214e-20
0.00047393290003457946
0.0001355619569693295
0.0011132606037327609
0.000351782337613112
0.00037025681754050026
0.00029102370562427175
5344631230303927e-20
0.0007175082486340357
4839337106694762e-20
0.0001308072881817985
28066112235764084e-21
3409969945034553e-20
0.0005547039363993302
0.00016597614789547362
0.0007120121643478272
1955405583111769e-21
0.00041246591159217717
0.002005145663388368
0.0004133802373682571
0.00011448481817142702
0.0001198727681743145
32665046548625685e-21
0.00010202706558040737
0.00010454481590709798
0.00012721039753138603
0.00040164172961974727
7160929591250501e-21
0.00014789246424056174
0.00012177721341078886
0.00034208634889384276
0.00010546422938884508
27029818599266943e-21
0.00044059287606836196
0.0011405314725048987
0.00017841840046488238
0.00019551206135236628
0.0002048737021155806
7505497380606446e-20
0.0008278893981079744
0.00012523235889894151
0.0005321825946599378
0.0004931427955378503
6641378670798682e-20
0.00016193383224164022
0.00019848386734453195
28973196809420125e-21
0.00020426040610023067
0.0013170411070160513
0.0002118032886086858
0.0007605723391024434
54505657808414856e-21
0.0003181758336836213
610385452644815e-19
0.00025099678341943156
9300493515376235e-20
53403094167389174e-22
54010379720172165e-22
0.00486920660073416
0.0008115243246626678
0.00017152178978193178
0.0007573702552017989
0.00018388192548647204
0.0005477944126088856
0.000832861233145997
0.00037554071985237573
10783655039700634e-21
2421511077765071e-20
0.0004398846926302389
11734156258532113e-21
0.00044084911044548787
0.0008149335797380629
10513393847797948e-21
662952683142692e-19
3737395565580607e-20
9032813879427121e-20
0.002978107160791611
0.0009952439666622726
0.0039034750869843355
0.0002064531120914543
0.0006439555082503625
0.0003286848595980033
9976555025156544e-20
0.00032883176723069995
0.0003912256937913929
0.0034862230398841603
0.0003220439930933212
0.00037552491200293955
0.0009567414505771562
0.00018992024653624503
0.00030223882312808753
13880565141310437e-21
5347011587713875e-21
8529142362213653e-21
0.00017910881133198058
0.0007623443267949456
0.00026520497422506656
9938167438262407e-20
6442640554179238e-20
0.0005170526874315393
0.00012388900332497513
0.00012195140418584496
0.0005766408711919331
0.00012635789112658204
0.00046347212895197045
61286493066978476e-22
0.00013097180067536075
0.00011925169724725735
17242158388896235e-21
0.0008756667138905877
8338673291217762e-20
0.00034068356605717557
0.00015162569734745253
839112350347526e-20
0.0020937006936256374
0.0007995749549597822
0.0005371601892851381
0.0004642853505330621
0.00013406045004586952
972185894080185e-19
15296243862574405e-21
0.00021345436465136495
3742145068780704e-20
13931837864211669e-21
0.0001240322668129549
0.0004096863206146823
0.0003127369458975039
0.0006444389564228626
0.000698932008783055
0.00023271485522194876
3090587046172021e-20
0.0001239338673636019
14386971979917079e-21
0.0001367158104605052
0.00022636255477486437
8055723390305328e-20
21037900524588132e-21
0.00016662176276048912
23983650939188592e-21
0.00042599674273834245
7003736489212682e-20
8873657711130651e-21
29068819089085532e-21
0.00010551834445024733
0.00022313389761324538
0.00011994560252260825
0.0003466279722766333
7586336459969038e-20
46426162722245264e-21
989303978319065e-19
59362477293794614e-21
6779437686939638e-20
0.0003255096122403519
0.00042879715973317674
27130787964492262e-21
0.0001288694868784781
0.000220649436501394
0.00017006451119208017
8445253266654603e-20
19509316400923005e-21
0.0007805836358614867
0.00024869299794386026
5405055849213521e-20
0.0002256355225084654
0.001170201959928606
7895171448615158e-20
0.0023716191250348615
0.0004643067984034006
0.00013652316196906974
0.0001476648530676777
0.0007499365711636937
0.0004141758522053727
0.00035487202117182677
3910945570420387e-20
0.00028350160708277345
0.0001415739985772637
0.0007592178378923359
0.00023625817638283402
0.000222876327942708
5284845062240825e-21
0.00012360513988887665
0.00045234204935362584
0.0001301287061299006
1617320256303145e-20
0.0006581917351428219
0.00035989170017664283
0.0010256101135844653
0.00048740607923543393
0.00012994555936702827
0.00022475552601315655
0.001791572807165921
42654994957059304e-22
16943149365262306e-21
0.0007813019358729186
4246584971097561e-21
0.00026743451396509096
0.00010773412210399754
0.00015024648899128614
12872744033686846e-21
0.00013192762563524776
7413215729416657e-20
0.0001647597208899817
3105092054868874e-21
0.00011360726935840342
1939912389043051e-20
2999511500883419e-20
13830403630239321e-23
2367151363932239e-20
5896074643936979e-20
18021111187528035e-21
0.00010814200973006983
29698399320677666e-21
3521579843455627e-20
3675041486285262e-20
0.0005872991743032331
0.00014489375950502278
8039035226372068e-20
21693222552458267e-21
0.0005040073398198793
0.00037999145969810677
697413891761227e-19
0.00025239380857200314
7130387743101047e-21
49987113129192796e-21
0.00015652537122947692
5994726217290513e-20
4422406475513398e-20
0.0003127580031450225
11018504855067814e-21
0.00016848615992803712
10051922885119138e-21
0.0003034859255884561
0.00022623236621768805
-90942242466403e-20
0.0004952585180969365
73312835605051485e-22
0.00010139175664912112
17487330683374994e-21
0.00015205585884891758
2838412945443854e-20
0.00011065716265837494
0.0002724450040425132
0.00015673456442471804
0.00032696554524722164
0.00016670229490188873
0.0006012889550824702
0.00045184034787162605
2524359068660944e-20
0.00024746748416598
956372363505954e-19
0.00017465588030619243
11296043820179012e-21
0.0001314594123536295
0.00021144922969773712
0.0003051986666076032
3080086875213588e-20
0.0002022186845255105
8474995130698033e-21
0.0007697060506016306
0.00010134944679816502
0.00016214431814041958
9443345648255803e-20
0.00016589262586770838
0.0002633762275106171
0.00011608048646282895
0.00017580367213697985
0.00057303329655217
7389528787481572e-20
47153622778459954e-21
0.00010194193802599846
0.00023814005995704675
0.0002894645007641205
8827422272101214e-20
487655273825873e-19
0.0002741627617849995
-6838746006700443e-22
3417982785342908e-20
0.00012406960292710108
2834150540504444e-20
0.00015872192610514994
7848116813139745e-21
9453288442523165e-20
0.00022484277648617747
43750474803250834e-21
3966735060131086e-20
0.00020784725547942287
6057430992129807e-20
0.00019139155325614994
9912027377120456e-21
0.0001989296506299199
0.00017840852245026612
0.00016309492679407765
6604568039640451e-20
794568003581866e-19
0.00019991209950416763
3023439334187804e-20
0.00016588612837634804
0.0006940369695866113
0.0002893325890028679
4052419399709179e-20
0.00029601415236281
0.0003277436316184591
0.0005307387942272007
0.0002928200722971577
0.00023927597817527304
0.0001858526395291932
0.00023219781226965362
0.0011282808303865607
0.00027562734935289874
6359481595109051e-20
0.00015291708172344686
3211702417158602e-20
0.0015276685278387667
0.00012731556242211986
16205213543502767e-21
5253674430209234e-20
16612017213561884e-21
4144193275998185e-20
0.0001300502017196016
9178762950492854e-20
0.002028888303052594
0.0001830120885472082
300517859241403e-19
8609411576283407e-21
7821133026769557e-20
0.00016136639642663688
0.0001816319734896949
0.0003614889795535534
0.00019939053605848861
739184081405316e-19
9393611425590288e-20
0.000568978764583494
5415314136209762e-20
2301800300996531e-20
0.00014068348446141031
0.00010796358098652633
0.002506254319633782
0.0012369152757757433
54709546305034265e-21
0.0005353600295841528
0.0003913578254381969
46857155935156527e-21
0.00018305549088681487
29399661464278154e-21
0.0001280080856088673
0.00011069152089619808
0.0012198445651369358
0.0003147659058582123
0.0002616157090973349
719934993111091e-19
7877176637591682e-20
8592244062560764e-20
0.00015818288547432685
0.00013566069615823844
41024619605621604e-21
0.00048272471283721007
5309259596181295e-21
28338707580534182e-21
0.0014629778593848826
0.0013809570874908942
0.00026131668023891136
0.00013079253591606615
0.0004398524126867157
0.0003116389619895772
0.0001911253079392557
0.00028965450107684996
0.00012037287924204073
10343448979371125e-21
0.0002174005016583459
3107601343607168e-20
1271729955945071e-21
0.00011365058367362106
9088047846115757e-20
0.0003775107561841158
0.0003332301321500279
0.00035923132819703775
0.00011207717521427164
14130440606931501e-21
5767948176300773e-20
0.00012228539091023273
0.0033611989974696643
0.00015310897679276267
0.0012272174660926595
7551687606233768e-20
0.0006336201340966026
0.00012969687504626104
0.0003114465698191588
6693129506665969e-20
0.00015394266130334654
0.0006264400862703732
0.0004757851335606232
0.00196037969919245
8649586115439788e-20
14018259232118399e-21
8446766999766738e-20
0.00014387076611501078
0.00013758143001768236
38762703356484226e-21
0.00028486377966990925
6276711647674218e-21
0.00012139698587084736
10209235905289496e-21
0.0001537876230694411
0.00019876553085331698
5288774623996654e-20
0.0007629441019324877
0.00014306530909862379
0.00022265151649664751
7614749635688569e-20
0.001437446764619271
4168688861504154e-20
0.00044962857235052265
7349952206317773e-20
0.00026676320713046186
1776148127974149e-20
0.00043159441836331024
0.0010773567811467753
0.00023970071915802954
0.00012749711142790964
8710339760963102e-20
0.0003445386381293993
0.0018592135355009838
0.0001448224471944973
0.00020596191750624598
0.00016255874606957568
812476398220047e-19
0.00010781560528933689
0.00015561406243763093
8413384622614235e-21
7688245060320377e-21
8651932853232888e-21
0.0002245869909231357
25488037393148423e-21
4401000338959648e-20
2258115038211409e-20
4940026092523254e-20
8718524771995188e-21
0.00023299900487710773
0.00013665661697951576
50145074110167495e-21
0.0002537780738626257
0.00021046108295886314
7814365225389617e-20
0.00015351836924293197
0.0002378515263638067
0.0018764398561076643
48260818188675254e-21
0.00014405716730583304
9612870151486761e-20
0.00024908122216530553
0.0005370885794126963
18650597954647815e-21
0.000792031670439812
0.0004356715110376015
0.00021557946419690696
4016529465369863e-20
0.0001297514163421551
0.0001752644577887301
6985404383339004e-20
0.0002801096866650324
4924519905117305e-20
0.0002658781152187318
2797162997625771e-20
0.0006900890370669411
0.0025235824870971603
0.00036500973195331373
0.00011903723294476361
0.00019437978954384293
3929099480691469e-20
9150460345606276e-20
8854579483198684e-21
7470327342936587e-20
8598839531256216e-20
0.0002743340965193975
0.000357010812119919
0.00028454201493634945
4874660014762302e-20
9007661305781961e-20
0.00031076755977918924
15029163112103937e-22
56110454175958706e-21
11943546658431715e-21
0.00013224080304234583
2805503533128178e-20
0.0001898099765292146
0.002266586901666427
0.00015554854558189534
9020672578635607e-20
11126924076862755e-21
0.0004861637875643376
10649043084667282e-22
0.0005444460732359599
0.0005503589044478954
-4050450353564936e-22
7442569966740411e-20
0.000302346128489406
3681105853895661e-20
0.0004659676153276359
0.0001177117837459164
0.00197627623652255
4058989820895251e-20
0.00033941950002581815
8710794303306596e-20
9093628481042883e-21
0.000296692229391225
35678599518778696e-21
0.00026879369069899146
49499051957407094e-21
0.0023896874383638857
4939804564797602e-20
14159729556117244e-21
0.00018933997124830808
0.00022671344857922525
0.00013612247893766833
0.0008917511779801573
4680636955215652e-20
48115170253337886e-21
0.00046585454595675905
0.000301840760890159
0.00038121476700134297
6451632912953076e-20
9958748761003706e-20
0.00019110651557675788
9435586900876434e-20
0.0001919580270854056
2873970932971969e-20
0.0003372127303620595
0.0001062240651232344
0.00031782165577960036
0.0014054857060295835
4864646434308635e-20
0.00038751159408105567
0.00037610013440059757
0.00036857091988197135
8080995173559994e-20
0.00015631844212175838
3298458037693952e-20
0.00013528973084980006
0.0001870296666929779
0.00027822510439098804
9237005600644389e-21
0.0003414596560204971
11074397539914093e-21
0.00026692335096859817
0.00022185142807450985
32130655971741294e-21
0.0001402459803695375
0.00024108654452628127
0.00013565014362855658
5889198448801283e-20
0.0001077528426195374
0.0006145381667679079
0.00014206746279961377
0.00017018403418292093
0.000975372292261491
27141630350845675e-21
0.00024798708995869053
24200260553119796e-21
0.0005423143774130715
53227527863674867e-21
0.0002562746703690889
0.0004920721961725479
0.00010570056868697833
5405160458676849e-20
0.001270431126363068
0.0003008711401660195
32225807915646565e-21
0.00012604114127671995
37587079319082347e-21
0.00039746685646604795
3567622590355421e-21
8728449891525242e-21
0.003169406559505841
5937129114327059e-20
0.0007581337158554512
0.00013433891251014
51379879330925074e-21
0.0004392211753673362
0.00039730463644405795
0.00014097032220146492
0.0003289229920203502
7301776146279231e-21
0.00014230032439355877
0.00030277131897143376
18501009060887418e-21
7338323102197648e-20
-6547020656821548e-23
8761287071276038e-20
0.00029575465670246494
0.00024061083328924575
0.00012352155645515843
0.0001269770271318859
0.001406619895845555
0.00047063255672067397
0.001072869870274291
0.00047874541521244124
4334451534659003e-20
0.0001335353563946061
0.0005619347424643222
0.00012432416414578882
35343130236104125e-21
0.00036996285866393585
0.0020380775459683874
0.0002378257177122085
0.000740627862800812
8444293585166816e-20
799990570656335e-19
0.0009123229977681408
48763901615075657e-21
0.00036529450155279843
6905835210712731e-20
0.0034262088613210583
0.00013632489538089137
0.0014268121339307488
5187853550201777e-20
34173007539171835e-21
0.0001390694654736194
0.0002895734363142731
0.0002454428025383205
1102524346359731e-20
9694077304558031e-21
0.0002031437307443206
0.0004341258566857289
0.00033743727468161437
0.00150086955880674
0.0009110911908751171
0.0006296626766943881
0.0007520897046541334
0.000430220681360248
0.00021488688753984692
0.0001652109252563791
0.001393354630735506
8531428430662333e-20
0.0005301455069440565
4547143248605709e-20
0.00048003986734557614
2857280922955228e-20
8301625032555491e-20
127684504989405e-19
7652502266939595e-20
0.00014854027881759798
6715352607462825e-21
0.0002479319065677062
0.00022874186170843925
5084919776380048e-20
0.0002529857267236694
43163594363638825e-21
0.00019332308983047985
0.0003416299515686835
0.00010289096225639985
0.00018595250227467706
15111887739822992e-21
4160740595319283e-22
0.00032727246902262844
0.0007144280112752516
0.0008879433394297586
3900702162941473e-20
0.0002140523651344792
0.0011195918325760201
0.0005044154274790896
0.0003713333535841512
0.00011094055204024157
0.00020140671552898361
0.0025059433630278496
4583417254912694e-20
12657781863580573e-21
0.00044630145709795207
0.00013136060067088913
0.00023773159251383482
0.00015620848714102058
9036887292768266e-21
3969825590643154e-20
0.00044729084650082764
0.00020482752524249366
0.00011071619043664813
8126803489107592e-20
5520223654277863e-20
29038961554011936e-21
0.00029070490746151866
7709923763440025e-20
6882672912872194e-20
0.0002492460677437927
1924780741924116e-20
8461183944782545e-21
0.0006222592926945985
9108560092691511e-20
0.00033458200638843957
0.00018939595789827863
767159425243282e-19
0.00041398259186838196
0.0003597305927549367
24893691455978927e-21
0.0001257118416442299
0.000591043991929074
0.0008051254395113966
2704879618573723e-21
0.000247753017436566
0.0003466141528995569
0.0013997517419397619
0.00018904121480193983
0.0011495747622155678
0.0002649286070427828
0.0003654316335311627
18441389044117547e-22
0.0007074761200031288
0.0003400544795321174
24277335268135172e-21
21393977752400793e-21
4055612935380739e-20
0.0016262441646836818
8969517177718575e-20
0.0005260309726928927
0.00012600854492129035
9785763029121222e-20
0.0007734390284250995
0.00023827878363193782
9407841071254166e-20
0.00045667200319041726
0.0016540010360397493
4783461832499452e-20
0.00037957475999121426
4873820512058609e-20
0.0006569053789653459
0.0013344639474552962
0.00045291362048920325
5679232889978986e-20
0.00028987467701142156
10135407808273047e-22
5958354230047593e-20
0.0002634262381445785
0.00015314004453632915
0.0002452266272630879
0.0017390570515773386
6673392667887074e-20
0.00014115534221857988
0.00110791063525555
0.0003518240130493162
6288699548340667e-20
0.0005682450890108854
0.00023892348740070984
0.0009330057116958093
0.000326765441682552
0.0002297398125912707
9657558059849035e-20
0.0008957984972190213
0.0005010081546678757
0.00020732545230888014
6105725922087585e-20
0.0002050074331876827
0.00011184083610485484
0.00015634159161935247
0.0006297611612186643
0.00019032009347989137
0.0004316699020219098
13643918282309715e-22
0.0001557546677544821
0.00012276516769488637
14530624069279382e-21
27093973048597043e-21
11163536339373951e-21
0.002172045440738969
0.0003806174328364012
9215630668929445e-20
6203523913155864e-21
0.00029429719409792594
0.00012933902807133022
0.0005769985509492269
0.0010780359406381088
0.0047259844927576
0.0008558126732667668
0.0001894868455440427
56796609602860226e-21
0.00010573005981208927
24551927873466452e-21
0.00017442511778261127
0.0009242811889081276
0.003195233001593174
35196283916730735e-21
3861075402974219e-20
0.0008164723872570352
0.000705016038620601
0.0002868070393429008
15104621385995093e-21
40450943752755924e-21
0.0009538280486322267
9634914292679004e-20
0.00013941485513689004
0.00014886972095168847
40885073743239135e-21
0.00023769076101433736
6364312777054041e-22
0.00025658554038510524
29424671749729757e-22
8900664461681783e-20
0.00014177043866454934
4574657877482464e-20
0.0004913564533499972
0.00022591623538112371
0.0003468308691426147
0.00037137131001964267
9747954829261112e-20
0.00024175468735101958
5432792435303068e-21
0.0005908209769992029
0.00011953965311180056
0.000187084459311575
4962356116340173e-20
0.00019097342830977972
0.00027551978036017335
3322405068651202e-20
0.00018195663691898594
0.00011686395567935795
7799181950389205e-20
0.0001957756848210436
0.0005909639354264804
0.0017784775460801738
13608641959083445e-21
0.0012823445702317702
3740023432700862e-20
22246356530743564e-21
4252363053656367e-20
3457852772458247e-21
0.0004321631362810428
0.00021508075256112508
26835847496547404e-21
0.0005535670315650648
0.0020869177870507963
6417324622436477e-20
0.00016357576779379036
28253742010026614e-22
0.00014660563154017664
0.00026062873745053017
0.0006368634035915808
0.00031915843111506807
0.0002090244942257885
0.0003731040145015337
11050238298311364e-21
0.00022689686546078044
0.0001509284436075924
5065887687441519e-20
0.0004363231840557638
2148173684657783e-20
50868914125067655e-22
0.00024044370325865372
3119268884235987e-20
3624349694744749e-20
0.00023902014901985098
0.00011212381519299224
0.0015450042891852938
0.0008521677700800683
0.0007078646751815226
0.00028303513070560563
0.0011143634667957314
0.001141208474808991
0.0003597769507011749
3423242680574719e-20
0.00019167634340724855
0.00017962556902920187
5315951097926215e-20
25289213405414806e-22
12272105220513174e-21
6669867979502867e-21
0.0005061647391089053
2200295568752994e-20
14141564200617663e-21
7727553783730869e-20
0.0001169038336299412
35025887286683335e-22
2114397315915712e-21
4513757149453276e-20
48354026980198096e-21
0.0001368550899876449
9704669065446174e-20
20606375227937987e-21
4404982711168906e-20
0.00010526323072943579
6268537198195473e-20
8934562257948378e-20
1990604049487638e-20
11324919213147463e-23
5807304594007601e-21
0.00016587999109494417
17584269940232063e-21
441606430358981e-19
21530970415408707e-22
26061453641325157e-21
3247789980242813e-20
15671687830329592e-21
4109166496402542e-20
11578531671506786e-21
4986648422125532e-20
0.0007712803750908692
0.00024134741290400896
15328635953545497e-21
7965668052966863e-20
23273137447492277e-21
0.00016765150202103913
8808765349320921e-21
3306835846190576e-20
2414269631791725e-20
6489899247474484e-20
19555491716290842e-21
0.0001951461166509206
8174179498538342e-20
13002694903993093e-21
30553003896329925e-21
3680379710995622e-20
0.00045460112879306346
19546692684996695e-21
21508206484146687e-21
0.00031023968806817256
35344754994533574e-22
6248958828195005e-21
4141974835526794e-20
