2855403504626407e-20
8351675678264511e-20
18612477774745908e-21
15515216334607597e-21
0.00013500083521162423
5424267563351255e-20
0.00030297547230199935
7842460459091347e-20
44846219392621465e-21
2115580716108572e-20
3803217326822203e-20
5752401731632196e-20
11668825453316949e-21
4488281692443881e-21
0.0007616723831063649
55706950924930926e-21
4042484225478629e-20
28528692185196424e-21
15841109454798255e-21
6394745575640019e-20
48852103497075885e-21
0.00016511848010224354
17547109276920378e-21
13044364640065192e-21
29662443433282415e-21
0.00010880260883713557
0.00017827052052498993
4187976728847708e-21
0.00021612783511473015
0.00015705647255111676
0.0005219331987425878
3318553748782461e-20
7507467341535573e-20
30673097405078905e-21
-38658794728428717e-24
0.0003077838986938995
4430346297004901e-20
10523256480471268e-21
8085349902561671e-20
0.00021589300281464174
0.00016539075746591225
11196339762733792e-21
0.0001013270911142268
0.0003349004962972131
0.00011542093284064555
0.00033164903006200074
0.001819027461945377
7395271373909964e-20
8295111536438215e-20
0.0009978752897582036
0.00015707361686594117
8453694271832772e-20
3231218275321969e-20
0.0002354184186506241
0.000268221888734232
28323018267175678e-21
0.00020759197103225978
0.00017818522670009398
0.0003881098194548097
0.0002044271799958392
3400318617234903e-20
0.00021927224323398223
0.00010815705244695355
0.0005554505735373631
0.0002051500034528881
0.00011035283751410486
0.0005185754462503299
415853354767327e-19
-8332610375838252e-22
0.00019139418431296656
52415732078841265e-21
779235595662408e-19
0.00013739922670978155
0.0002088701460990552
0.00011196062300008988
8105427873960671e-20
6959192141110326e-20
0.0004135880979808263
0.00047127591959025605
0.00035489556702163384
5173487191602376e-20
0.0007961703189600283
0.0007176430182348375
0.00032787343626746905
0.0014243979049094458
0.0006256109478041784
1826499684056209e-20
0.0008549343397503565
0.000813049434733618
0.0006264331111017498
5091610293833505e-20
0.0003299997012635031
0.0003542221591762779
0.00018175319631903066
0.00017245289461125044
0.0010212922156089801
0.0002187418899840426
0.00020536511983401662
0.0008718697138206478
0.0001265096779942911
6362638392008885e-20
7558329175692114e-21
3058459983980761e-20
0.0003840962120383996
0.0003433417047916757
0.00023440945628574577
0.0017347978870782634
0.0010523778482343805
1746142431299552e-20
0.0010738102701582525
0.00033111158699164337
0.00026826560587103727
0.0017405367280675032
0.001567539285670621
0.00011885849891424886
20231496367496566e-22
0.00018641766721902417
0.00048798562480253244
0.0005222715827118622
9194833652519544e-20
0.0013616869613382312
7274647969363201e-20
0.0015629656986431767
0.0005568160450827926
0.0005833461849187821
4902227715676663e-20
28158989297945102e-21
0.0018652085474971764
0.00010815213525116681
4866416693991206e-20
0.0001417797105177423
0.00047873077982438195
29587260870249745e-21
0.0005119241977153866
0.0013702465537079596
0.0005866922708359417
7182079382154572e-20
0.00032219271893050113
18655702661856627e-21
0.00015097227615251546
3922606182032741e-20
0.0006946682029987354
0.00013579366475301256
0.0003102348754657674
3388798082817712e-20
0.0005217702670881271
6964028923812204e-20
0.00028403288874858496
0.0010711854730136988
0.00011433873670583855
0.00014138401602368847
0.0021470087284791942
0.0009188248193473127
0.0001784762188015336
20650311899828258e-21
0.0001551838074248575
9280660066581517e-20
0.0003410461700882746
0.0003896487742557275
0.0035226049493652604
0.00014828652527829688
0.00016954193417241187
0.001195367592778054
0.0002584827531039957
6628678938729668e-20
0.00010761636587994977
23027482830161054e-21
0.0005031922590354508
0.0001524720193306152
0.0002393382967542135
3667228285555573e-20
0.0006611529600355939
0.00043321008745165703
0.00047879774907372117
3805209755852888e-20
10623427838177095e-21
0.0008182372878587897
25126527580843412e-21
772273533293201e-19
36326484482143894e-21
27444583494997843e-21
0.0010537419510708128
0.0006907438806927486
0.0014369305408474865
6532463991910227e-20
5544442926579933e-20
-19062791432333544e-23
17391909797765977e-21
0.00018878463561376044
0.00031720742842637127
0.0003350999476932226
0.00024761047386340326
5384540907236156e-20
0.00011734862912991406
7141558921718324e-20
0.00018907667821315587
0.0004691694902084092
42336429671793766e-21
0.00022053487067991194
0.0002768223129093606
0.000597619477263658
0.0006207874125506676
0.0009251542959965383
0.0013000277181971348
10374307044968213e-21
0.0009561881278904794
0.0019285160401554026
0.0008636813891830157
0.00013361056138660437
22518317191906675e-21
0.004249712310327967
0.000297010078273794
3710831310069613e-20
0.00047138380078001773
0.00015084542047655888
0.0008457599192516882
9134033129413703e-21
1379388180830272e-20
0.00013500022355746326
4037476113408303e-20
29753203410817644e-23
0.00035405277124671975
0.000703633234848037
0.0009390056120662331
0.0003706766167090904
0.00010665485183273034
6105783736660784e-20
2747443400565118e-21
0.00031016153252234576
0.0008071380287765816
6298977140998689e-21
0.00010501461344125615
0.00015789539017548222
0.00026919004556845053
9073833405272931e-20
0.0002194822014283952
17829252205264077e-21
0.0001819118024436796
0.00013930501439393488
0.0008468517800487201
0.0001519053233014236
18881078164740682e-21
0.0017668940485608903
4908392467080329e-20
0.00017543990173397742
0.0008488528740861506
0.0002329074678603513
0.0007254304650178913
0.0004808691481943782
0.00010742083591484017
0.0009948959740822955
0.001287349493054367
4889774353206355e-20
0.0027664910328832086
0.0006447665550908913
6119659907725142e-20
0.00013459414569655552
38337038845269695e-21
0.00011713959733979668
0.0009521852444292725
30697486078990414e-21
0.0008889765319863961
4036048330470327e-20
0.0005194692449571127
901590711137825e-19
0.0009220222891517657
0.0011605848803046355
13052816551208276e-21
0.0031172093894083945
0.005710298022879694
0.0010825254616109654
0.0018142207275837657
0.0020138033779453167
0.0001034706004806966
0.002616173733204141
0.0008245056413368632
0.00047375117912357997
0.00173133578332777
0.0011645421189849397
0.0003526379502081529
0.0020496256009133467
0.0007867436668075216
0.0005649653921190985
5349139479153186e-21
0.0030179696546872824
1522403097013511e-20
0.0002424514467894909
0.00033615734247288703
0.0001595264646818887
0.00016003406341798108
4729858137983423e-20
0.00037666642623135403
9081481498801171e-21
699276684754919e-19
0.0007106627715052582
7360032768648176e-20
4699471061305513e-21
6312925558752719e-20
0.00014617246641780178
35814608706823444e-21
46681838714280296e-22
3414618328430508e-20
8228575102170372e-20
20274549460177294e-21
7270151938249844e-21
7454256555014546e-20
331355974289441e-19
33523524274634316e-24
0.00019699287102363297
0.00017395962660236684
0.0003507224584443582
0.00030327570414178897
29909078563437783e-21
0.002605773906286827
14845176057065544e-21
5253936764993215e-20
0.00010510593147915983
9465432410503913e-21
-6547194237393689e-22
0.0011048734153938178
36597562426813125e-21
7621216669753059e-21
0.0005347008004357594
10365769280875761e-21
0.0005397529800252217
30204547011167327e-21
0.0010661723980646106
0.0005735881825580103
0.00030011281018647976
0.00012303884956396785
22401681213099643e-21
0.00018391234277788198
42791975878287566e-21
0.0002559380365556322
0.0010548907462292814
0.0001802770027128279
0.00014207471943923882
0.001822738700596735
0.0004679337952485792
0.000709319790848061
8559358020045088e-20
0.00024624341865142255
0.001737405364244807
0.0010149364166615541
22106576452810607e-21
0.003542633403324117
603139261694973e-19
0.0003608987206528999
15511480938219965e-21
0.0017541413554093474
0.00017572375454534794
0.00017957618819685405
1543393640244039e-20
0.0003858052072007543
0.0009128764441622363
0.0001588398591765403
1409419855898748e-20
0.0004760279412547535
0.00031240099508499623
0.00031791147035936115
0.0017323570501206237
5144751335271307e-21
8464702993849053e-20
0.00020249575211641057
2621102176279396e-20
0.001648931797257332
0.0006871900936151938
0.000316624807656784
0.0004187707072534746
0.0026992470776322293
0.001332468542809227
0.0003511176358199924
398823470632499e-19
4553675276057559e-20
0.0010760387036137847
10271719259466962e-21
0.0009692578261727273
0.0006504065526346441
0.0005266663603278874
0.00013575208147082216
0.00042071517755093386
0.00027930957394742793
0.00015304236529364287
7951148766718444e-20
0.00020909705191288645
0.001290240442301894
34537810883090646e-21
0.00042724369654225264
3209394157946006e-20
0.0002426530041254335
0.0001184446661130267
3553598715370922e-20
0.00031591568276071873
16826349713030725e-21
3335446236542415e-20
13785245641010412e-21
4535287587947255e-20
0.0011112317290107893
0.000836936886549387
0.00021031712874463237
0.000991138914818531
9708631754185029e-20
0.0011082490380618709
0.0007132573602238009
34089345142353735e-21
0.0005477497176196687
0.00015134116019175316
0.0010044455496994408
0.0001371261857629948
0.001110644833626017
0.0009213672981503668
0.0005326265649103096
0.0009517121659825508
5212592142064589e-20
0.0001297471438105812
9549784552211091e-20
0.000853965475345445
0.003010520702420861
7914177644071174e-20
7584567941610996e-20
0.00034460505319790837
0.00048573217050251223
2888231171622233e-20
935676604220601e-19
15930164392039588e-21
5186000497492389e-21
0.0002104787367929624
0.0005631844122538128
56038788366910105e-21
0.0008588731865557186
0.0006538725352071877
8936749482748139e-21
0.00022388983261868083
3722958058627372e-20
9971857163495184e-20
0.0007488049945787888
9717692520397331e-20
0.00031858952518593384
0.00037012642796544864
0.0001817674859983697
19188794921956937e-21
0.001876880514545243
0.00018230124933062012
5723346031575861e-20
451488060938662e-20
0.0006899677248677549
0.0008102227819785518
0.00027864935429668136
0.001759932679766922
0.0042265133861662755
0.00011282422834117758
10901564285961712e-21
0.0003770871721674834
0.0002786674549958334
0.004791251128567336
7037326994418876e-20
37158697657660856e-22
4454456998708972e-21
37266355828517625e-22
8538424711195223e-20
8091332292325775e-21
0.0006275245143117424
0.00022157827685453292
0.00036145946673434145
0.00032961354767810407
0.0002865962540846585
17048296166982818e-21
0.0015297612971235837
0.00134540995359953
7495030486037108e-20
0.0007822234247085931
0.0016073494526793787
0.0006307642848302846
0.0007231290640986151
0.0004870054733917453
57146450117709454e-21
0.0007292364770029341
0.0021160564798660135
45199905103198816e-21
456749973884549e-19
6948184942133014e-20
0.00030824083118249793
0.0058563032069266505
4827641273634158e-20
0.00043570229913826277
0.000716880456407275
0.0013489685054267745
0.001254207341088542
6564284220558775e-20
0.0008998250496868057
5596527616631312e-20
3380224559436505e-20
9289918400795902e-21
0.00011902510202509125
0.0001596811328965316
0.0013420809216371963
0.00020015531279509745
0.0019145181047820754
0.00013734237061130024
3380569502964322e-20
0.0006194518159790964
0.0003106682524571966
0.00015334663678048238
0.0007935383427480234
0.00019761303413164138
6439358870216493e-20
0.00022768510761966336
21402352382982748e-21
0.0014271972645576558
1018384966745595e-20
0.00041453518478516075
0.000839368971059277
0.000350529793093721
0.00010899796661960437
0.00034888459490697323
936059099750623e-19
0.00038864118110259896
0.0005130335261962478
1814028806127438e-20
0.0001994911870086375
0.002379030281892042
0.0007985673606544854
7862668790805622e-20
0.0009278449065986499
23752010203493502e-21
0.000548429185650444
0.00047083199984876114
0.00045365775508587197
0.0006253076321286547
0.004286872565257402
0.004541793088839157
0.00017843509396313367
0.0006262083962539816
0.00023250934713061241
0.0007781787722300859
0.0006981451818578371
0.00018000124415435805
0.00028652551576004924
0.0007596254557917045
0.00014558040202046105
5185355218189268e-20
0.0005617337232013156
0.0006284019135574481
0.0006483057514918085
0.0011546127469801292
0.0006840042913847739
0.00012402758057237197
0.0005747833550414687
0.003089845090581972
0.00012322307089882766
0.00040052023997915625
0.00676240846461411
0.0007990731824124088
0.0001568366143999033
0.000556132696657903
0.001427137144146046
0.00037175863324278257
20799815938008705e-21
9007425700090811e-20
0.00042739557641588026
5631341237113354e-20
0.00021305565068078199
5839297977869187e-20
0.0004578515780108999
0.00021579644998454925
0.014993368955350996
0.0006241407249725655
5738020339648327e-20
0.0011566884271251817
9886793023571037e-21
0.000449849009136697
2418642616300344e-20
0.0007321026951292781
3342596569404219e-20
0.0016574896342820586
0.0001267273225187045
3323595166720577e-20
0.0005279573901810708
13648378848092161e-21
3056906374999384e-20
4618683946976068e-20
0.00044421874680380794
0.0008999227570662163
0.0032754034561743345
0.011059551117907657
13322287453804153e-22
0.00024549287046841603
0.0007683344138294625
0.004461887883944859
0.003428359861220293
6344065135009079e-21
39560333792970797e-21
0.004404494343132156
0.0001660236902408909
6660542268638549e-20
0.00026895387933790083
0.00028923120570700404
0.002721864377972223
0.0007882151426300574
0.00307444536181641
0.0004281966207991458
0.0012152215889873676
17842409408589146e-22
23694099022769758e-21
0.00020132348793436478
6486551227898903e-20
54987095512739564e-21
0.0006663730114088596
5120787587073961e-21
0.00012392121286261762
0.00010167205351427129
0.00018146140951571393
0.0004069268833919159
0.0003747428189431446
826470771064982e-19
6085087925124724e-20
0.0015613108406724572
0.0002272638513142975
8129224121606883e-21
7535110889116272e-23
6975337288569837e-20
0.0013158579144388507
697035255219499e-20
0.00015066694643981826
0.0002925767418023349
34636725731688535e-21
20001807155378302e-21
0.0007683855186965926
21368912252680314e-21
0.0007609851607185696
24643962218842782e-21
0.0004435725030820186
0.00016067727548611856
0.0013119016954565735
6903180746541273e-20
0.00018890013540102352
9551525662180043e-20
8589105385928607e-20
0.0007290408628417848
0.00015967634061123776
5572989693106863e-20
0.0004547159604338265
0.00011702411519178779
4436811892017005e-20
6916273818397539e-20
0.000306011571262741
25071226621512755e-21
0.00012247470246039087
0.00040267015822909095
19978946777345146e-21
0.0019930456358848584
0.0002095187352725577
0.0008162203045455754
0.0015157786012728034
0.005322092186612533
22023568110513455e-21
0.0003336944747551413
20538915218780867e-21
0.00031091208425999026
0.000835100424032102
0.0001451099874560095
0.0014888374137445833
0.0002893327364753863
0.0003369669912756348
0.0002534543780369663
0.000892667674653374
0.0001629945146767647
0.00010047684914193028
0.0002399096499933976
0.0012695835318593893
3212882245927118e-20
0.001341256465304011
0.0010643546631442697
0.0006364902882047203
7371694303624757e-20
0.00023467820272171416
0.0020654427795981137
0.0004916018393272474
0.0003527640648794166
0.003287872174668817
0.00022232960368942333
0.0007064299330051224
0.00330331907631525
0.003062180802191244
0.00024863321072008564
0.00083104720793785
4874466090047338e-20
1630747030206137e-20
48570399289640926e-21
0.0002970275894532561
3147963847456412e-20
4670485354030676e-21
0.0004237513861926398
0.0005536051910073358
0.000526864496513938
0.0004650234960411037
0.00028930813665917004
0.000638108691652567
0.00012193655179429463
0.0006313324337478796
6166460012298107e-20
0.00025893281785259036
9819002417742973e-20
2546014566002385e-20
0.000439792511311262
0.00012587089590318404
0.001309058429727078
0.00025193431000011444
10727123927113308e-21
0.00015973932770857238
26655523919741533e-22
2713650038253002e-20
0.00021565473391296574
0.0013813077745813487
0.0002033862694009604
0.0007082567877617669
0.00019297076010562058
5329523702577248e-20
0.0017502465676243427
0.00034848510670055854
7447181825291753e-20
25536491310852063e-21
0.000610469346240696
0.001607942041724538
0.0005678135634605615
0.00014131859922935887
0.002431846505194885
0.0006503993510998706
0.003205084371756056
0.0026845254952946487
0.0007166357260034658
0.001261821949441736
0.00018801160066532396
47640520067935255e-21
0.0005397726675493371
6462815754342398e-20
0.0012326486162888238
0.0016254561949895483
4601900546567097e-20
0.0003537129506687861
0.0001794299971970321
6519941976078426e-20
6050428971475083e-20
0.00012050651136254095
11808367543184916e-21
12785591093470826e-21
10443825491309196e-23
0.00021673316648945063
3406588217801698e-20
1980885534444671e-20
9239485848901886e-20
0.00027044178880648726
0.00015210537203560014
0.00010776473116915913
0.00010369334637949292
0.00025166638139249235
0.0002025931775004134
0.000681921760959896
0.00019021374034197097
0.0004291849790532435
0.007276495319399116
0.0003174404249353418
0.0005872649308162133
0.00036040678957770857
0.00011002882980521263
0.002776076632137713
0.0006575576263863689
0.00011416845767023596
8652058400338074e-21
0.0005755684725534635
0.0001287972436915037
7286534632981984e-20
0.00048243394115892585
0.000771787849651943
3523239808830106e-20
3085180532714737e-20
921723475770027e-19
0.0006536828396821947
0.0005599542240262336
7465369648541797e-20
0.00026018758507726696
5475049448281882e-20
5264431833498543e-20
9091527469297481e-20
0.0015600266192728918
9921885328579723e-20
0.00045845184647056223
0.0005404370024578341
0.0037473927197474604
33026786649437164e-21
0.0001884476768353938
0.00012183237171557153
7065103301790301e-20
0.002301738785115421
17710718850414173e-21
0.0017745770018604418
0.00236194310856709
0.0009277632798597056
0.00021906362800988487
0.0004157780637384892
0.0009802966525655167
53872377954841986e-21
0.0013738230473856088
0.0007591800942092807
0.00043809957034700314
0.00156321761689222
5315672819114358e-21
7289990676674107e-21
0.0002742360209042311
0.00017101161588553034
0.006620985250868036
35241941177104924e-21
0.00015355748728705044
0.0006046277004122644
0.0023106189489632972
0.0004726475198518316
0.0002582056146550515
0.0006342935078219338
0.0033616129333514226
8346817508045138e-20
0.0014360175111511947
0.000492081364524205
0.0004669521711361901
0.0006106423335668158
0.0023993351230956433
0.00888367358710871
0.0022165842511662954
0.000563379071010282
0.0003691881005617943
0.0006427927460804479
0.00033729328255883425
0.0005245292688114892
0.0004553461156015115
0.00012615020967478367
8971596024195797e-20
2780811031068815e-20
0.002421585130514641
0.00030050801075417864
0.00048334503517069084
0.0025413751242648473
0.00019948191277428494
0.0003348319587549733
0.00021624400435210915
0.00042205318854202236
22230508424978524e-23
0.0006689934816557044
0.001573840909934881
0.0002911258061588911
0.0023626686041488764
0.0023412106825148587
0.00012391318649241138
0.0009415160030998555
0.0007437113664050665
0.00013244543095937262
0.0001127721593113198
0.0004200895331296359
0.0005095485741368567
0.00010977311121517323
0.0012372842490663734
0.0031799631149558158
0.0022845018717222287
6681066498063586e-20
0.00030177642672230394
0.0008674914062516949
8394833063941333e-20
0.000583838533638628
0.0006246067657987386
0.0003204803489957617
0.00048202327807448845
0.007977944238148531
0.00015979064811175663
0.0003127416987500698
0.0007036705100179449
0.0008136062239562829
392245665975835e-20
0.0009888779448515626
0.004068077954528483
0.0002661211853881445
0.0002990972693475986
7807772353089442e-20
0.0006470002075269338
0.00011366505638104637
0.0003600975762361455
0.002018099778313428
0.00014525663925181085
11035257763012901e-21
17834610798598e-18
0.00010898837436336388
58067619448821446e-21
2632088514767264e-21
28535879166116752e-21
5019328407005818e-20
13019483042674787e-21
9812726868868057e-21
2681663114003509e-20
0.0001842601143668974
852469840208491e-19
0.00029872253239071253
0.0021442943969778466
2347409730752857e-20
6761291229857744e-21
0.00024022927176037856
60020667764025564e-21
30274500516166565e-22
0.004120914996956873
0.000514366375263243
20582704870055248e-21
0.0001174518631109101
0.0008132047069645264
6621689491737422e-21
0.00024161657757461801
0.0034403868419506317
4612564354434528e-20
0.0022787159763683813
-23248548075973736e-23
0.0006051608773641295
0.00044689553017554165
0.00031284539701647527
6265217893464436e-20
0.0017311466113815027
0.000535806136371704
0.00017663686986948873
4994654280477241e-22
0.00293392123055695
0.0014674437501477685
0.0003376464655149252
452326289182723e-19
0.002033471418572973
0.00013817016349228317
0.001509659616240105
0.0014731507304539273
9807461073784984e-20
2714054297528467e-20
32432471455141925e-21
4018978095484168e-20
0.0002381179120737478
0.00011578614433525052
0.0001349321267651534
0.00010410790168887892
0.00011484484788111169
58605553588831547e-21
0.0004070406053828927
0.0002333279256004497
5177579537580813e-20
0.00023067121592910722
0.000884767010163844
0.0001230198285225642
0.0002049423919741197
0.00017014562652452057
9389948324742466e-20
0.001049896023794157
0.00017478308060818527
0.0005289950438081789
49128114895783224e-21
6603360585421312e-20
0.0002553760336383398
5744324224602543e-20
3427724950946892e-20
0.0004492772531540583
0.0004054140145382932
0.0004142438589133754
4607024067262685e-20
3836006340552732e-21
0.008171168615886957
0.0008281025277413616
0.00613992047728659
0.0005150689411013336
0.0004179321761362579
0.0005636477093557509
0.0010792777530524284
0.00018347533869183852
3317329943351223e-20
0.0005536208395706339
8791949859535943e-20
0.0008168884472224606
5763306062887902e-21
0.004463250759612007
0.00029233161880649054
0.0001692554557039246
0.0003498439930179857
0.000626037703581574
35553722050695445e-22
0.00038384801246083803
0.0005422012757933181
0.002671554810716005
0.0005835284508360545
0.00041676109864048893
8461153478822783e-20
6389123739110066e-20
0.0010522530250899667
0.0022064861404245146
0.0003230272256338329
0.0014816578661140114
28081320169351407e-21
0.001074846242553042
0.0005711084908073714
7514285790822723e-20
0.0004572981773501281
0.0004138640755047141
48699939413130194e-21
0.0003282624393057253
0.0004595912739451938
0.00015348200860555359
23056293255331247e-21
0.0026621674058080183
0.0037474573031686348
0.00060468044482152
0.00018930652927510956
0.005962055391554836
0.0018034095569072338
0.0003346160651324621
0.002794948030417551
44442788894789046e-21
0.0010953398278906682
0.00024394758428211453
0.0016386330126321933
0.0003293013265462622
0.0014066389648375954
0.0022291868357589414
9119783156396051e-20
0.002779624383677213
0.00011346560281285253
0.000503983584655197
992524862642267e-19
0.0006593582175036974
0.007087488770007878
0.0006401995273120146
0.0016860900856648855
7487241274810196e-21
23775483835704908e-21
8382719428022347e-20
0.00020525056209117883
0.0010988858682595768
0.00041485844971085026
0.002480552168916352
9996837754742101e-20
0.0004152000890705945
7606795626637037e-20
6806855489718343e-21
0.0017175518011826073
9802822269205915e-20
2644857007491992e-20
0.00032061787776664223
0.0018547874526965273
0.0009102214727228206
0.0003746102647752699
0.0001264854552698472
0.00016401692934287694
8092971169002984e-22
0.00018239069359038618
3715716680572589e-20
0.0007602141784282381
0.00018533188013995983
0.000684475223441605
0.0001452559368469166
0.0009930864807963327
6776228698856671e-21
4886422328299889e-20
8597462195449822e-21
4289415771359254e-20
9417579409833536e-21
24175615729648377e-21
7801594778404559e-22
61623543380319414e-22
3266179810874119e-20
12417175011817875e-23
0.00014936894934750914
12344647831788215e-21
0.00011593285811567696
0.0002082934224946772
7222471599239723e-20
0.00011364336720190012
0.0013158919159991563
0.0006620120693510275
0.00042251508075683404
0.0013123655571666117
0.00020250001041708475
0.0005677032569662376
0.000487143683584014
0.00026703685506946186
0.00045150249141255003
3158387242218156e-20
3818499481435042e-20
0.00012941661230787068
0.00010147988627426126
8331134679856787e-20
6167849519736403e-20
0.00020317833172056176
0.00016383854076234847
0.00033970257143638
1827976933838556e-20
0.0005213357558265649
0.000693560854275758
0.00024052142394971398
0.00024348427298561914
0.0003830924001920531
0.0013037967077310381
0.00017354009944998307
0.0001225795592623695
0.0014023687393457248
0.0030549035370396696
8684979593381256e-20
0.00014020944679201408
0.00020950872741669867
0.002395961259978701
0.00021095292736726876
19096990698619945e-22
8847729862904153e-20
1139544135064545e-20
0.000380226817191823
0.00021273819064615026
0.00034051850683967076
0.002057368451287384
0.0009362296902798689
0.0012842465128442085
0.00065038234053172
0.00041820885668962385
0.0004216247902489436
5932489223266634e-20
0.00040683233850202555
0.0021870159446968425
0.00014188608727037685
0.0011582814701865697
21169581493557993e-21
8911266952003952e-20
0.0002767584070900038
0.0014591546331757682
0.0016497426305577254
0.00040014080105308134
8715276521018044e-20
0.0007253232475171621
0.00038832983143090684
0.0011155965726004347
0.0003981266776313226
6937856819572411e-20
6758842646346211e-20
0.00215043740653109
0.000589924874517216
0.00013092699712346194
6414271553017107e-20
0.002157059626668258
0.0002205688100425282
0.00011508492286480318
0.0004744620132293608
0.0011499973900339188
9776664310602251e-20
0.0002529815663379563
0.0011782796918031481
0.00022175878419678052
7440044077258006e-20
3353850523526386e-20
3862203444354639e-20
0.0008910578070340042
0.0011669672820374172
0.0007806263034418247
12389838195040192e-21
0.004106731525857503
0.0002658914153139247
0.0002819971862493926
7307791576556052e-20
0.00011647999051982013
8439612838768819e-21
0.00014968401525129507
0.00010278596896448188
8427653333814975e-21
0.00016042427133307647
4689364256277694e-20
20614363512266315e-21
0.00012588717725276532
9128285838889833e-20
7390621046684021e-20
0.0008731225225126432
41577546842165956e-21
0.00011016453963539552
0.00016460303231544018
4442652177378874e-20
0.0028171206008277988
0.0009623515575267614
0.00031703528175041734
0.00023207019806518924
0.0012695419330940917
1864861171241016e-20
0.0001909770770198469
7088874314127672e-20
7569357755327007e-20
0.0005981732432662851
27821105464224105e-21
0.00106836211728964
0.0005859695867200546
37140632484078055e-22
0.0019102469816793287
0.0001783530733972354
8262523480695226e-20
0.00020659363082120875
0.003119059178433458
0.00012519069034800653
60254233705261804e-21
5902492399618921e-20
8815303889498318e-20
4161550951143632e-20
0.0002997884471015153
0.0002878717281337272
0.0002230098091207043
0.00010422182980424943
0.005804777659251403
0.0008971766430651858
0.00013841406401664228
0.003794297814391731
0.0002925836048919306
8541754796968521e-20
0.0006371443671472849
34136915252121006e-21
15153227020368887e-21
0.006044852761541264
0.00017900520449965667
4880746983990314e-20
0.0002108424253998442
0.0002704649550423399
0.0001585706808987736
2524259507857652e-21
0.0004658128717241363
20381387066675403e-21
4730739601334671e-21
0.0005053326078234919
0.0012479797504574006
8736432739086461e-20
0.0002135972377171874
0.00015318273228022154
4798606332025844e-20
0.00165177945190778
0.0015554489855686617
0.0017426182175198643
0.004055215494729054
11561786160708976e-21
0.0017146833846204228
9192054157572246e-20
0.0021300212103643633
0.0001362745517372838
0.0006587319890988039
0.00033188597460798413
0.0005815207817334189
0.00020863908622024274
0.0007447957126208189
20904887693352685e-21
0.0002494558601299002
0.0003618756249709545
0.000983278736285757
0.0001351847754489137
0.0003963499214271393
0.00045826481962073543
0.00026611128060186756
0.001138769050619994
9196882162763271e-20
0.0008347455645626536
0.00019908089310130954
0.00013727244429966127
32787432786228184e-21
0.0031390569364122415
7980095818309423e-20
0.0017562662457526843
0.0016126055780097805
0.0011931955948921592
1646959141363821e-20
0.0005834365109126093
0.000950578765743245
17057115753583398e-21
6543253077312858e-20
0.00021766438720888356
8881748343599366e-20
0.00026139907414153763
0.0001724636457650502
73906497498881e-18
56151671395744974e-21
0.00031745767194556716
0.00019944969048923242
0.0002845864476369587
0.0010733346271830746
0.0001883296969695003
0.00032462850622267807
0.001326577662400259
0.005895225911866371
0.0015296176091398966
0.0010301182388043758
0.0002897679982818413
0.000477411951296481
0.00011407695399127065
0.00014882588006826295
0.004086746604527976
0.0003593322526210626
524077093530213e-19
0.0003062156950765565
0.0013204574519787328
0.00011983797225294971
0.0005634874736832283
0.0003147497832229021
44861592007839435e-21
1029967149178566e-20
0.00048042100132148375
7766490644571218e-20
0.0009056515095625029
0.00032051417424142043
0.000853458055606925
0.0024406974143942333
0.0039695571120474905
0.002005724121918157
0.0007579991729599334
6988656859301631e-20
16305152439691296e-21
0.000838805933766766
0.0009824625234005286
28396826140094236e-22
0.0004913920371090006
0.002636789635834337
0.0003881358124827799
0.00016468423593341748
0.00039981310883843154
0.00026584134340874264
0.00015416875967099787
0.011077461436758513
0.00010607955207909209
0.000359814712377748
0.0014630383313450383
0.0023772418221700716
0.001707319262481291
0.001753763289297453
0.00047198674932964123
0.0014345641778286933
0.00015722678119478147
0.0003734406765774026
0.00023013526735636626
0.0012405173970653112
0.00035864478489995246
0.00022138762045860084
0.00041670377551053777
0.0006575342714062527
0.0031231356371890008
0.0011285213582736227
0.0007752165715806323
0.0001609571626663825
3007707545208105e-20
0.0054191930023182
0.0007716336514697782
15632926930838636e-21
20394797375276213e-22
0.0017498327911963493
0.000247111495539485
0.0014726884169975062
0.005894259106199721
13090870068092663e-22
0.00034913710538302144
11488011674243343e-21
7260572352407595e-20
0.001269699914614268
0.00014362555545482773
0.003611940418554542
1342649789847932e-20
0.0001912232921714773
9411022335693622e-20
0.0004803013733631282
44091397264933936e-21
0.006918340277645027
0.0005016990427487014
0.0009504255085281093
5995099014884208e-20
0.0004513437642046333
0.00019613984740166375
0.000833481469327882
0.0001510035790365798
0.00010756310771950375
0.0006841772020446643
-19073617286753036e-23
0.0003211102001699248
5024396051578108e-20
0.0001407334052445637
0.0012163282540893442
26939189015433863e-21
0.002647345316968735
0.00024689155156759385
0.0014605198350479236
0.000673434571072156
0.0007925065723060498
0.002701874060938047
0.001998147404288457
5647161356629288e-20
0.00011078811915807707
0.0006528561410803263
0.0016752765991201496
0.005762350620969071
0.002673532494783516
0.0010487672789003609
0.0017915030161164823
0.00037988628537317107
0.0016532899136202353
0.004941562528840325
0.0002221740568044989
0.001588841245922426
920832128955619e-19
0.0012514773432520372
0.00019392837540945014
0.00022191923484507627
0.0039037665022489797
0.0031465493119528613
0.0004887277210370266
28264007848523757e-21
0.0007892967059383204
0.0004686841748654647
6060658278058529e-20
0.0011275902917907703
6832705023843548e-20
0.008077037525094448
0.000778628556174645
8547944868013219e-20
40383060807023184e-21
54099218472944554e-21
5037611808153662e-20
0.00016971030494954096
0.0008356181157485305
0.0018076998773975943
40402110234822054e-21
0.0004974167864542229
0.0012144024181989727
0.0024167085141619154
0.00045612131584075246
0.0004255273313884831
0.0001013443820222657
4961377828435988e-20
0.0009265012749061087
0.0018723802007889348
0.0017519838451513473
0.0012732505008801827
10810850735176918e-22
0.00030551036435738394
0.0002487434895811436
3132057429870763e-20
0.00015859034046991207
0.00020143954947569184
2875299404764149e-20
0.00046939401562849474
0.00188869501339816
0.0004262158642977959
20044693008568784e-21
0.00018661132259548049
0.003809222353684985
2082898164497311e-20
0.0010042725963231784
13411664296505584e-22
51872027890733574e-21
26232975274224504e-21
0.0007283594533455183
0.00023367618115904216
0.0003678808682470979
0.00012026845557993754
27233009557353466e-21
576651800703256e-19
0.0011798911891916942
7332190128833322e-20
0.0030418860047326784
0.0033667688033711474
0.0003771103955857653
0.00012094542805921843
0.0016095226256843832
0.0018171646920973812
0.0009910278798340914
0.0004579342583173747
252015856717489e-19
0.0005576818552754499
5686519015910137e-20
0.00018871365131117992
0.0002639327116738046
3929364118368107e-20
0.0003175920043008425
0.00010961138221866322
0.00019305141839571436
320667940111461e-20
27956107924653905e-22
0.0007662789702975552
0.0005161587005653299
6401741316408425e-20
0.0003741796633867151
8744789169167996e-20
2280648504595462e-20
0.00040330897528109504
503419503263028e-19
8001143070235134e-20
0.00039154730259433165
0.0002839250382263624
0.0005464498858518755
0.0002654034336035466
0.00023493282611079588
0.0005880679089831947
0.00020585418528133216
0.0006661678051293457
1640101792513794e-20
0.00016693357180121705
31363373273978165e-21
0.001563042281272871
0.0002780265248154511
27811533989461364e-21
28597140721897447e-21
998574994708879e-19
59579768001232474e-21
0.00029161337513441667
8487364292977143e-20
667024567352785e-19
509570388259369e-19
8055876713204408e-20
0.0004989398067169683
0.00011683873843759689
0.00017903678632119076
0.0005063812863496715
0.00019288791986821758
0.0001566497103349554
0.00017193714689760136
9400260832056536e-20
8210718390093713e-20
0.0005299367378705927
960564619608856e-19
0.00015784651086610843
0.001956403758913728
48798252571694254e-21
0.00028261996033242617
824024961930516e-19
0.0004436643667462188
45163180232066296e-22
0.0008377085105046793
1377856270347062e-20
3962933607894728e-20
0.00022671274573715509
0.000310542407511216
0.0003240477202893868
1106263773976593e-21
11630797235996658e-21
2389831686061385e-20
0.00021746206637215826
0.0002652075263032432
0.0004581977432082398
0.00012154730530721036
9266402018376806e-20
30790250279418866e-22
2978590678266166e-20
0.00034349165167956076
11329869955704806e-21
0.00016182608856751455
25390042377094007e-21
0.00023413224518190358
0.00013609150931188116
7794757099884398e-20
15346269737113374e-21
0.00010779956373505919
