0.0012839819334609392
0.0003483816473670708
0.0013383736729981474
0.019710162526417732
0.0007299205449718524
0.014578488710625344
0.03903264915951219
3829387938275915e-20
0.020178963877631195
0.002873305180142057
0.06935869967550234
0.006568917379047427
0.01505769772401144
0.1223246527600753
0.0021307986254892283
0.010722269558337168
0.01631487065186395
0.052692874219326113
0.00855558970981465
0.10668921116206927
0.08582055205731047
0.11410708252129868
0.0006330387568399346
0.003961473480110873
0.012148773541296282
0.07583641989305251
0.032973963956189005
0.007490454394930607
0.06252926776089726
0.036519959996658344
0.008879267774450741
0.0062230943790843925
0.0017598916921403593
0.019532381355442406
0.003181011173345832
0.01779864496445336
7661970445285889e-20
