6203182489421698e-20
1971132588543883e-21
8725162124202638e-20
9253441209070358e-20
7670046692255229e-20
23411199640712134e-21
0.0003727106230533995
0.00011811867089937666
0.0003645511951355819
0.00112825195640347
0.00046756114055201774
0.001314639940264728
0.00031431430871171304
0.004715480539921807
0.0005332851959729143
0.00014737415325980974
0.0016261565593730736
5815581727498505e-20
4602821743024986e-21
0.0046460046190022085
0.002239958872806913
0.005225398386675146
0.001141228081580439
0.00018379017277033775
0.005778265887914985
0.0030489191252730426
0.0014417370011477267
0.0010192977897183647
0.0004723859600278502
0.001219038923611882
0.0018151688671290932
0.0002659387753692938
0.0008708968554688842
0.002528910424002062
0.001357271306985964
0.004599558052924605
0.003403426070450754
0.002826798972176428
0.0005327766912972326
0.0014603773371961205
26019732721902662e-21
0.0005684088800193489
0.00022454751779951465
0.00023529465373801504
0.0008458944359812331
0.0029608443645434634
0.0017636048600656636
0.005054888717649549
0.0029622260298957097
747600838222511e-19
0.008806346192581032
0.002700168382015742
0.0006302439206162361
0.001502549170841193
0.00010019547030675
0.0006183875493568781
0.00023273631531894545
0.002490558158669499
0.0040046485363542435
0.0016591650936785775
0.001075675353032909
0.0013099045520427695
0.003860642914758637
0.0003575654127623796
0.0005186845799156798
0.0007028872654307705
0.00863958065557889
0.00221577059222146
0.01840684684916661
0.006331197301087058
0.00027492200875009086
0.000100328765029593
0.002170246732156545
0.0009422621157997583
0.0031971881214007667
0.002597741054613581
0.001099706834870352
0.003358243474600677
0.004793447525304617
0.002696649570799304
0.00327449215185964
0.004690169977998701
0.00345598184353914
0.0012542520068079565
0.0020062876324149935
0.003734621290957529
0.0014631986303155456
0.0022642709268903003
0.005812536841688248
0.0008411591739432479
5091382079094642e-21
0.0011679742479934428
6483471634764317e-20
0.00035812967197143547
0.0011971037508320694
0.0023386299472892736
0.0016523242268125357
0.004822508616943934
0.0008108860111147162
0.00015193140963483788
0.0004787051302106936
0.0005209321237003409
0.00469454367598949
0.006933872262420423
0.00010433850201681397
0.0005223899307316525
0.0027554302335379894
0.0010019509190603384
0.016821724307502263
0.0035803776013402355
0.0007341264414483012
0.002316202165910258
0.002399012613234195
0.00781418515600461
0.0026845663435252896
0.002679386930207639
0.006183685017840913
0.0026426290352584932
0.011747863684504218
0.003060499680960332
0.0002662441359352291
0.0010584265592112425
8464304632812265e-20
0.0012289754383133925
0.003624796620754866
0.004308846239292416
0.00018354755269704638
0.0001677590628284809
0.008744391957727117
0.0066795935869661295
0.002441244629551897
0.0006630307193567323
0.0009584853280548362
0.007953158465947815
0.0016932175837450116
0.000761907187839036
0.0008199677734071646
0.003144020007823606
0.003818378595020405
0.0005964952816665843
0.00399337615423221
0.008901708882291507
5733216819389007e-20
0.00043010313827707386
0.008435562013432832
0.0026627230955849177
0.0007399893936171809
0.0026213391544324277
0.003448399983573286
0.007599330557277643
0.0013801015988912345
0.0051663774443145545
0.008454683644034683
0.00040256998265325263
0.0001649143430659201
0.0004981403237802095
0.002549303474759843
1371764769220701e-20
0.0006855096826324855
7301690961247808e-22
0.0010277644149437083
0.001738484801297903
0.0009676697224554825
0.004986076429246201
0.0005542041051072886
3995862896746478e-20
0.0005911322866098738
0.0010136690658235613
0.0033103844048655573
0.0035080353071833127
0.003157319914732338
0.015754399323658175
0.006669032272386298
0.0010934479530084063
0.007489444855835379
0.004925374643982845
0.001955148634562683
0.006160397021031478
0.0011409235622041962
0.003077663350071793
0.00039659755070644334
0.0004416989245888394
0.0008608286826383619
0.006800821996818276
0.0005136346754827483
0.0023233099887944087
0.008455298849517134
0.0013048317372144262
0.0018711813562659922
0.011513189806330109
0.0010895189397523918
0.0009118151482043593
0.001019132748822108
0.0009919475506467727
0.0007432003883489239
377542762161059e-19
0.000537945999441619
0.0017771801760350398
0.00119944805213659
0.0006324370342988738
52366829723494365e-21
0.00010911605359179032
0.0008157341827593088
0.00035198222885546055
0.003035888063905742
0.003247729612690863
0.008381416417632454
0.0003263538399202028
0.011967794186132542
4887025084538426e-20
0.00013472106186518577
0.001869812740221441
9649276781080016e-21
4766961418478853e-20
0.0004422018622723639
0.00033532442146126
0.0020951914461827363
0.00016751862316941518
0.00017833700168426412
0.0012671955268411226
0.00017634703938013233
0.002284914500918377
0.00022371685844093983
0.00473896612880776
0.01649429457151761
0.0006280910379326216
5607809478225073e-20
0.0004731849728468878
0.0006302764099215888
0.005611962935679055
1559765643038691e-20
0.0052561200109389845
0.0070240097409304475
0.006090900121126189
0.004424119265767184
0.0025752919840444145
0.002078599371979396
0.004990757518979324
0.0009379345721397328
0.005597740654579641
0.0003529536884395612
0.00014398386304702816
0.0008329659707006401
0.0022805409414807663
0.000373202852804463
0.0007995446614797812
0.008261150697073321
3925076779828339e-20
0.001560667515953938
0.00014354808743618304
0.0046963089866794
0.002649650197004704
0.0006606790194799016
0.0016513565839160207
0.002408756384832231
0.00037480076031268613
0.005204476682863342
5654806646851958e-20
13260327888113725e-21
0.0044304488693741794
0.015172691563701894
0.0005908401785285052
0.0025942660244119833
0.0012428483087689578
0.0012324850951668518
0.0007512906955908904
0.0011584711856842797
0.002105295401126347
0.0001615123582094049
0.0010933001437007494
0.005614403140077264
0.017169181317773837
0.0005008078523184896
0.0018224472499012386
0.0016110318347916789
0.00935245513264295
0.012986279237554804
0.013747220258790523
0.002213609708550607
0.009841588868425856
0.0001974674688860204
0.0009230031558141768
0.010443794730085878
0.005482503477249707
0.0004934420855131628
0.018559152459348797
0.006561735850378306
0.0006695600719901752
0.0011672224340262556
0.002428577826842525
0.0071489491781844775
0.002598052518056324
0.001147377537216507
0.00965651480473509
0.0008356017115908471
0.012232775112375714
0.00012027539299178465
0.0004845384954163854
0.00275914482151591
0.004197289983193439
6315371987039422e-21
0.0001198835365258155
0.0003345391996511342
0.00363385524465921
0.0009065192396884499
0.001295282677214878
0.0016567178067179746
0.0009669515293564009
0.011923562369953934
0.0017978729191850439
0.004309646209854334
0.005586951648415792
0.0021411237395654974
0.0021313896452596587
0.00020761992084520999
0.0028082609149182387
0.0037080794910795125
0.0010619403678104016
0.004233386414105572
0.003470859047615913
0.000442625412142277
0.001117770848559637
0.00037245659473534443
0.000475599754145401
0.004914342708162762
25388433740727527e-22
0.0003066418670504951
0.00031884667161396596
0.0015436407529392227
0.0001194579473530586
0.0004017713391518508
0.00010629751893361976
0.0012308666963031446
0.0006259123781329663
0.00022607851079825634
0.002809755507179578
0.010686425948844608
0.0008282587558902629
0.0006144858306478673
9278208517114457e-20
0.0007606717052552459
0.0002252478757774723
0.005179852448488849
0.0019548852941993415
0.00014228199466487958
0.004367040870238261
8469927479250853e-20
0.0018005324413090551
0.016921291768549132
3640659798487178e-20
0.004167658289895521
0.003555583143292935
0.0001895011546143107
5587418023049708e-20
0.0006173816074613065
0.0003471910030999282
0.00013690416147478767
0.003073997495400606
0.001126461796067766
0.00012399928471447069
0.00046551244760347914
0.0019288349579276074
0.0006389574752582119
0.000775092180910822
0.0017203947301300726
0.0016907326673288726
4823527283214537e-20
4884386335557351e-21
3779669285634658e-20
8753290143817739e-20
7516762875254631e-21
0.0006828880959231283
8429302657162308e-20
0.00010481054690470605
0.0018822889086775414
0.0004156664294055364
0.00029097720187321795
9314919148861247e-20
0.0019976692859518122
0.0002676688192203026
0.00169349949704458
0.002420112175076702
0.0015688915421019302
0.0030535639651952428
0.0003037246098357963
0.00011696198460320796
0.003674030150111822
0.0106442658212786
0.0016905908883619578
26904554517577352e-21
0.00012376841616784128
0.0003225251933554675
0.00346049648089851
0.0001768774637419773
0.0006226161706361391
13085371180616716e-21
42989925811158136e-21
0.0003773557149916635
0.00011580124035483645
