0.0008903075544657704
0.0008358397738391144
0.0020357796680233044
0.03320353232257503
0.06654290301336607
0.15925225442803898
0.05200525193354039
0.016026585008540907
0.006183185713927849
0.015494326424104522
0.08443809673083981
0.08078005388096368
0.07891438845585758
0.02046517640689102
0.04240702156705336
0.20527720118265233
0.009064110468557813
0.013230152845314383
0.005680094938529047
0.013198312788218241
5896210165312e-18
0.022961283579046834
0.0012672949858619493
0.002381337279711948
0.000584895880192002
0.003919134540513707
0.021768159548939743
0.012860992778445787
0.002437219988232043
0.014992099376299778
0.0075761398710359985
0.002327695819184644
0.0009932750370709646
