0.00018888162977444742
3771723600177205e-20
0.001315317313027873
0.0002728636569520952
0.0019008152659392252
0.0008620055517189458
0.0003149678173508178
0.0006751962965230822
0.00033276087949496175
0.0027635086818434042
0.0006923556532193118
0.0009318020383587394
0.0014623973264381706
0.00041522406978873085
0.0006082170511549086
0.0009329083812631471
0.0020548409565767345
0.00016317995958969975
0.000954435480639945
0.0013594957103024608
0.0009392511871697801
0.0023093932731960763
0.0022001554004722817
0.0002429982821108411
0.0030805822112048814
0.00010773623049052245
0.00044427793616518886
0.000558164866260707
0.0023373537231728327
0.0007194558158442784
0.0012424352029706716
0.001247511516914798
0.002955115162619454
0.0007855076883442116
0.00035104938820123085
0.0011583355310362806
0.0010697844030649992
0.0005761472374152006
9389664015927758e-20
0.001559445417328955
0.0018290634585737566
0.0027081315003756623
0.001560548311302008
0.0006516824392776119
0.004080950814588735
0.0010469502505705758
0.0029139563333329893
0.0009225599585735044
0.0012362552565303947
0.0007699106926213518
0.0020402768454359692
0.002658589220569333
0.004401649585972597
0.0018696659599853809
0.0005068778940158682
0.005785495069767858
0.004755920915171766
7836350073953948e-20
0.0004247931181548166
0.0009675348426059257
0.003548509129065795
0.00033175069035657314
0.0010364814403898395
0.002474382261382141
0.00020882525976462923
0.0005043024328755794
0.004858653757842615
0.005325992982271279
0.0038610624160806124
0.0024985161113927137
0.001745534633950923
0.0013222089841932018
0.0017792587226561575
0.0008570771072751565
0.0009560560050765388
0.0007172335114143694
0.0003694534210946897
0.0043683554365074595
0.0021767373991960063
0.0032827883139355464
0.0014171784579372513
0.003120407829363782
0.0010330783489857559
0.0032475933999838833
0.004275282336369654
0.0018026018616150567
0.00124118270788149
0.000444721940553756
9190943765152403e-20
0.0010099459627864616
0.0003203415359929422
0.0017853547726799227
0.0008189214161208601
0.004383201716287931
0.0016723574594611165
0.0012816747804478134
0.0011820616069414338
0.0009174890736873679
0.005579387212782802
0.008246453997100802
0.0027801186106765664
0.003205564166932411
0.0007993469829181549
0.0020012287466681083
0.000650075469411864
0.00046593576155424285
0.0014960718145658883
0.0016645966070844126
0.0036448424608718044
0.000937264890404746
0.005581674715903964
0.011957651095923165
0.0004758419437730114
0.0017602307770083713
0.0007872663723815968
0.00033274870750282906
0.001544672998378575
0.0025584093774625276
0.0030442408712604307
0.005126233779946559
0.0014849579415852911
0.001890003039682613
0.0034980922848997778
0.001294701053292359
0.001465114360093517
0.0031298090591798037
0.0022989391774621303
0.0020180182639646964
0.0008600273120864567
0.00420704778909218
0.0032927455999232657
0.0018448034911297748
0.0018734352208498002
0.002846366308048516
0.0011135569689959405
0.0014508443188342645
0.0014124884600694102
0.00022028246654143006
0.00011106526381271685
0.0006701293950626213
0.001289491951863718
0.002979954453803409
0.001893615352252725
0.0003757901612309071
0.0015168524156472464
0.0014451010187699585
0.00032153063328418393
0.0010373468318645076
0.00047124127300584683
0.0021741988086893876
0.0027739803718319603
0.0009425175541432379
0.0014168338082670062
0.00045829565240383365
0.003951319381389816
2638572061695402e-20
0.0019047603681680647
0.0015970661372191619
0.003716365998058544
0.006186213156002625
4725777452535269e-20
0.0031032120908311947
0.002684393725694499
0.001945330271819531
0.0006928523397421988
0.0006536792922086839
0.0029389200333017787
0.00490445750875257
0.008009207239062031
0.001958131505450442
0.008260507316601978
0.0005112288629303272
0.00237802884495417
0.000563837425937584
0.0030670004230669433
0.002528208188729038
0.0004292746584643016
0.0018489144412277578
0.005064937565743906
0.00936867357606806
0.002086883216905807
0.0028733812994639727
0.0017182081899030136
0.0019146953392555198
0.002620763726187367
0.0005400594823407262
0.0008175846757749488
0.002524100939613388
0.0011265486046855794
0.0008113858130273995
0.001361092079441004
0.0013987917896704932
0.0035705412491055443
0.001977118127911439
0.001771116329996191
0.0013715857494030832
0.002336943389812339
0.003899857358998605
0.0034229926715506945
0.0034685616473332528
0.0015014325791444282
0.0006537089024978065
0.00325123472887885
0.007681140215121578
0.0020131147112831234
0.009979573517724185
0.0072543604171243165
0.0016940648698132985
0.004871325171109201
0.0002156241870769099
0.0009294311650408374
0.0003284766898470641
0.000607946134257191
0.00158648648871483
0.001447694649718111
0.0005049628225262088
0.001463675967109271
0.005131613555160926
0.0009210794635702882
0.0027393547201807755
0.0033369280647191036
0.0016486866985989767
0.0008534454545012685
0.0015283554910485533
0.003536677371417631
0.001753361203791196
0.005728229106482806
0.0011464309123932531
0.004597231348551436
0.003550220565948715
0.002076257302835971
0.0018692756567039246
0.002291646013343165
0.0012542580959792045
0.0014257953615643916
0.012642274257286737
0.0022784124581528135
0.0004678667687973256
0.0014694172093474736
0.0016082358642241835
0.0055488465661122826
0.011892436829222204
0.0015422348599455158
0.005051280074050353
0.0011416946454140004
0.005667385462525427
0.012648424216057049
0.001477467701983937
0.007027778151576836
0.00015557100525787255
0.005630094106138685
0.006879950774895304
0.003155642733990061
0.0014295083149357202
0.0007556976073742178
0.00032975737312768074
0.00091766658267631
0.007405395372547248
0.0038415754018323233
0.003321238098697383
0.002555065944234852
0.0014910770164952623
0.0014147275254193631
0.002075322927161886
0.0013676397135299215
0.005356221850782693
0.0016895785038641992
0.002023193914900857
0.006221050125914252
0.0027000395128190025
0.0038735305891457903
0.002232033357256258
0.0019369256880893031
0.0006772571405922023
0.0020679617557719686
0.0035756283076336113
0.002284589599582484
0.002169394951752206
0.0007351426338534859
0.0018556076009568114
0.0008352308849998532
0.0021633961826022104
0.0005144515152118272
0.0004853795683255281
0.0035706263694344257
0.002126125275425177
0.00105813002011104
0.0006627964017102494
0.0011647614367674716
0.0010917101684536266
0.004738236504455527
0.0041950355383805395
0.00048216930662065694
0.0019391217574905996
0.003540693487597295
0.0017724232925557689
0.0003514010933798407
0.00015080899833180391
0.00039744289444093497
0.00197852951645223
0.0008458996194472587
0.0011437992630539365
0.0025618621050297083
0.005145957470844175
0.0015823956246860422
0.002784901917038021
0.004457879786089081
0.0044175018330022625
0.003124933806548377
0.0027796820310464453
0.006459995313565278
0.000609460065215961
0.0017915893741792003
0.0004360679306001288
0.0044489333179341265
0.0050932770883837155
0.0013427313298890317
0.0006870283853846142
0.0018642211608259857
0.0001387563270569725
0.0006632792208974751
0.013532433903421383
0.018765730031053387
0.0011066243558909615
0.0009775212190419442
0.002476922587616967
0.0005263831985496996
0.0004409077795292562
0.0019374102101625767
0.0010178207715975268
0.0030243726601504235
0.001921878222532656
0.005590414090561997
0.00038566261528002777
0.00030496623291417156
0.0008116482327499636
0.0007330179910818067
0.0006958306169171811
0.001753960905245482
0.0009500076850610723
0.00011535496151445087
0.0025293795958804452
0.001477030337497611
0.0014481361984873865
0.0035026705619456496
0.0029586145010103704
0.0030234157515008787
0.001119789383136471
0.007344373037298066
0.005575017028647588
0.0007468079662819694
0.0046235726126431275
0.0005573002725429208
0.003359764724605278
0.0012807460216154643
0.0016553959563567363
0.0006023411849549776
0.0002907911061462186
0.002079029977744584
0.0014350306797070557
0.0013427057798173373
0.0020248564847588062
0.00021916354183143703
0.0050614228963395255
0.0021594919618937464
0.005318194832339497
0.0004493502837870147
0.003016138145769663
0.000853919659878425
5024475742258181e-20
0.0023237872139615125
0.000301726456769455
0.0014791529111232128
0.00042752211111244564
9478898264824599e-20
0.0019239923383190583
0.0034598966297105373
0.0008933433120116005
0.0033500525529076256
0.0013996451569095183
0.0033830639570013284
0.002077307927689276
0.0008296763555579854
0.0034095154259205667
0.0015441305457861369
0.00589847471089215
0.0007913067551668874
0.0008502247279265367
0.0011723322360939253
0.0007927935815376186
0.0004496489282066687
0.0023280446680725778
0.0032341839295414103
0.006888768094592129
0.0011334955826127766
0.003252959871118746
0.0010456855163174183
0.0005071291287420309
0.0019236043677051814
0.001201667109863458
0.000324676580868479
0.0022968432953195724
0.0009050233281713758
0.005359757218218452
0.0007689090598963885
0.0012219989796144464
0.00019218702089132504
0.0011854775347023032
0.0007648340831563862
0.0014380096793021955
0.00032115186696933594
0.0008859854592809848
0.002615849026387682
0.001075626761924033
0.0031562336798183557
0.001335490644456422
0.0017765366315966023
0.0012953175683093007
0.0012572915623156654
0.000593765383050409
0.000502194566254868
0.00348385225449614
0.00018676242253951495
0.004044235830556865
0.0012015820048501074
0.0025025456171501232
0.00026138963655515613
0.0012626256082636134
0.0003140747459656034
0.0018245228480934408
0.0008807401864767139
0.0013122691067643192
0.002582422645961804
0.00072002758408787
0.008865252956188712
0.000823510531995681
0.001011999545280543
0.0007102936385913353
0.0006332478664448078
0.0021540096499382236
0.0037176660817647327
0.0006381081016686354
0.0048649410799457
0.0016689387138639322
0.0022473435643620334
0.001049520943335716
0.00046056411979392516
0.0006422231224570385
0.000896896998218686
0.0032357722161302656
0.0008529241266199411
0.001900440943103039
0.0007942446127253785
0.00044366489720570364
0.00046115491546118025
0.00021992582982487344
0.0004520376920669234
0.0003081728625193137
668901360686108e-19
0.0014452668407922964
0.000500091209375157
0.00017956366394329684
0.00018830123226846454
0.0011512744925524765
9793886266563352e-20
