0.00011133297298327974
0.002279854549485937
0.001657670749228723
0.00598575061252529
0.004484239842079424
0.026930955263028154
0.009695606461925802
0.005253555429437343
0.001709186613944633
0.0002891019512494011
0.10782281863681141
0.09076574845423742
0.014242882075941585
0.022304475725141538
0.2143959367864488
0.04123389087878893
0.1074296171415789
0.06433677995112952
0.09998345026351199
0.016645447008232075
0.0008480997922665698
0.0010750679770832265
0.0038250436734682315
0.013807330598073058
0.052194083016971156
0.01925863663751962
0.05634869458113991
0.007312459592651128
0.0035535805666565205
0.0020463883725478317
0.0021723138239124105
