0.004420741884540458
38664101197970544e-21
0.0007825668568814248
0.004561938917532686
0.0009202382550483821
0.0004963545676273303
0.0011905421170479503
0.007060400622932627
0.009285751834695535
0.055659526741275354
0.010102878099107794
0.017277516670526766
0.026487724444802494
0.052283320751979945
0.015657405517875856
0.007038198278222555
0.016702656828163753
0.00019424455586976384
0.004402894655989255
0.024269745503495987
0.05221002266307697
0.016529068311236492
0.03500876620784328
0.07580013070564096
0.03931455579417605
0.002721150715766548
0.004361812009319668
0.056561336163487796
0.0008947280054913233
0.0020609498826032087
0.00021125917374490073
0.0009174509578851486
0.00013009397529421682
0.00030870813368794487
0.01899775603972169
0.007565624444439961
0.016735197854177528
0.0007676740528901896
0.005565185801714936
0.10268458295814639
0.0026609982651106157
0.01451790459241997
0.11960712599851951
0.018628391649276845
0.026560796587550745
2942714970957926e-20
0.01122199348370479
0.022415162895687176
0.045893034718074106
0.011115127865976406
0.024993375661959867
0.0002662847830455087
0.0015736694975432095
0.0008115833184375938
0.001525758477824738
