6998266434937738e-21
-7103629001371445e-22
0.0007921550503395749
8037857458815743e-20
0.0200344377888449
0.014154207271483156
0.002362735292705369
0.004336343720540378
0.0003478999556512998
0.00776196214842712
0.02813798231179147
0.003686060682240048
0.01436878420362516
0.00576250370952853
0.0016129821074994794
0.0048939504080213045
0.3331916530943203
0.0037098864480523117
0.39954958090668935
0.02865976898087067
0.011656898960084306
0.07323720142673165
0.004293936695261116
0.0009150582739756498
0.0020423554094911736
0.02115342240913273
0.0029738205236180646
927680102378454e-20
0.0032222573054470124
0.007047042585523883
-8309490426805253e-22
