6016710340359078e-20
24311425805649588e-21
0.0001783848292500954
8886855718668904e-20
0.00015081471395127626
0.012988817786716046
0.0002029716174366697
0.004020443991099635
0.011108722286438341
0.07229302482505066
0.030220784831502753
0.00665101891307023
0.00025315624982435043
0.002881795250570454
0.05234150595173944
20685713493682287e-21
0.07700311509862902
0.18749952393338587
0.031063376106748523
0.017685368465246036
0.010243834779032073
0.18212385673210313
0.08700101294619902
0.05403353582052233
0.028725677099377147
0.0041966393647586454
0.09931027741211179
0.004200319314898979
0.006569603381915153
0.0019528452268391236
0.004853835462508546
0.0016260043003881932
3905626903074737e-21
0.007550704642872226
0.0007331967034491775
0.00013789353557231053
