8941381986183408e-23
16223897974659199e-22
4774013880735117e-21
13923156334140874e-21
0.0008527403773583279
0.0016946631387922623
0.0006348800373420064
8877458168488886e-20
0.0018653888787444495
0.026120332243853798
0.022627434898556256
0.18157811229869295
0.0007836847043717679
0.028810464620305554
0.32365812698467056
0.00024970112778871344
0.13892605428765767
0.11046398796082735
56349854663919435e-21
0.0016224896683985166
0.002783956975184287
-9628444788319993e-22
0.008743254989359711
0.004299983457293619
0.06950268432739337
0.034808438443986664
0.03059200534170078
0.008406712234666843
0.0008109008812283117
-8776618617806855e-22
30921798575559427e-23
