2253349327827962e-21
14259946153266122e-21
0.0007416978898308097
0.010140616202163914
0.00028423311633174236
0.0018573198494092205
0.0251683904515062
0.11124661112839955
0.015071840516498689
0.015274960654443785
0.0008862176049087206
0.0038953911887131495
0.016361146685165393
0.0015640011585349282
0.00463727235801024
0.008254567961079696
0.15933230752519809
0.003381410664368768
0.004501386609279397
0.013002903618830431
0.3228530333136868
0.09131826315492451
0.04561210719170652
0.009892671780687224
0.0011574008623026271
0.004823821961029038
0.03529355684077147
0.006992009118563366
0.06735079434625026
0.010876608149466251
0.004970918766228229
0.00045804658191543303
8995231504999089e-20
0.0001639457096427767
0.0006858406723132198
0.0009225985136692668
0.000919642243639317
