0.00011002233798693608
1602380846046488e-20
57678776409339766e-21
0.00010991897546681072
0.006262613960816447
0.0024452017165463827
0.012479104111492062
0.00902039019075692
0.03756127026077794
0.06588877060189946
0.0011484889665678009
0.005994596293900356
0.17704278458295983
0.021896706381535777
0.00532281351674264
0.0038270123191820105
0.004628714352734446
0.006151297422048528
0.028527408314601335
0.1812075508799556
0.026125578188139556
0.0168541259499363
0.0019532658970952232
0.019928184715879604
0.12208988988642605
0.0881065080407904
0.06298748575632691
0.022677168526946838
0.0004619876112594571
0.005026768170349526
0.005557675110902429
0.007104007631693222
0.0008065656720296355
0.0506224210713838
