-32125857112670804e-24
0.0003936703325888315
0.0008402730744760832
2253761567669829e-20
7454886177736935e-20
0.00018883435731567534
0.0015582202227703294
0.011103587006148365
0.03698452442584406
0.004519978933087084
0.01894542999647178
0.005579792718197937
0.016112683697755082
0.04641279550048853
0.00014532134477498025
0.09428044561419018
0.01686537251394915
0.008854164274676538
0.05012784743328583
0.04131205232801196
0.0033308234583943846
0.07317834238850103
0.1898083224787952
0.04279003154801312
0.05636353193401311
0.06395725709891865
0.021611546965352196
0.006615627192905473
0.015514915447904476
0.05017952599343461
0.082932280239346
0.02191332461006352
0.0061753444254203154
0.008745260429497166
0.0002187934368467394
0.0009762478711380911
0.0006430941929896671
0.0007236821628370876
