-4797896974752247e-22
651531154175133e-20
33796505076150253e-22
0.03624418111344226
0.02514090606001542
0.010835368272381539
0.03791433731958674
0.0008443199458917108
0.08172805463341719
0.019935920529892265
0.0002466292498730125
0.00022896848945383068
0.00934988788647881
0.0027461667175202997
0.01411053968723784
0.193111666649528
0.42805120412167114
0.03444289259333426
0.04015029257932328
0.004889380652271857
0.018941663683179503
0.016060095793915055
0.001080087805520536
8026005553688617e-20
0.0017528485543907648
0.01705680490319157
-1658520746900688e-22
-8834060939688787e-23
0.001535644294816042
0.0035127174284625244
