-9996291380488388e-22
5101760737673077e-21
5069694538909807e-21
0.00027017883830474787
0.0007417795245259762
0.00011375613425009508
0.003730261763459198
0.06589429382334352
0.0012577583390223188
0.004720360890954663
0.1571336216778166
0.00047128607861257084
0.0023852497327704523
0.0953173789897806
0.340160901063019
0.04299383033446807
0.03218783112022713
0.061387148306131935
661577952803874e-19
0.0007688740447618166
0.06674525041309168
0.10416394783215022
0.004593165289281304
25252000787452702e-21
1290482580575763e-20
0.010558311212107067
0.0031175108134198627
0.00011325377879944042
6980001208759388e-20
0.0009717754907443833
18988048857875365e-21
