0.00011117837734179137
0.0006327717907071109
0.008045688407757455
0.0007385934908008819
0.0008951649491907658
0.008673219927372694
0.001209074628540383
0.00010463541620350851
0.0004436145701325851
0.0010880161135124475
0.005501751885852948
0.21209827708002585
0.042782024122702315
0.00051898021002824
0.006181199674811969
0.04154235135645244
0.08399393798401582
0.008113895400308376
0.15957926645468667
0.00024154183096540598
0.017029981379017595
0.28701790676796785
0.0017053125894147625
0.00942206560481517
0.02640630977120401
0.0007987445477685467
0.03560895242510626
0.0036661109654110005
0.016559816491699707
0.001796127289896005
0.0033436792484894977
0.005152802839928839
0.0048827105753234575
0.004114295832547592
