-8813625806767996e-22
0.004165679569647783
0.00035215558999212405
0.00018025066477489292
0.006651363360417758
0.003957042577068466
0.0017008116615378256
0.008019770324980953
0.11612556333372581
0.018459430469989862
0.006235264694975319
0.07729281080642775
0.0019491396769942605
5934721271093046e-20
0.00023885693927272093
0.3228665996819331
0.028214307702341443
0.009636115467974325
0.023665565275041458
0.00024638742256539303
0.2048043973961882
0.04201497229476662
0.11935669398473527
0.00013857223661707744
0.00024293062185012714
-9772282953306755e-22
0.0008043941829616484
0.0009059474822727345
20673072621827094e-21
0.0003878361959109846
0.0013089786905794807
