0.004193950866156317
0.006178545831400006
0.00014015333179499985
0.0026789909744499903
0.007154523628010749
0.014465872684913832
0.01523468449657759
0.0005263066304450675
0.02029243191492479
0.0035801335539271313
0.0005493713775685819
0.0015570085939927167
0.011985978588064177
0.03273657943549787
0.34021721489443013
0.021364877773458774
0.011101672661229755
0.015839783085436897
0.33725799562498543
0.003359566139636585
0.027133157022720646
0.0002839601384126766
0.08783677203163254
0.006879263486389303
0.0008503886145163834
0.0023492710464885383
0.0014166269232426909
0.0013305761291674634
0.00013508531774329124
0.008208530728094899
0.003111760477059744
0.0029262547612542203
5230770389212658e-21
6945540823332474e-20
4758420325341409e-21
0.007041683631420215
15830060080310098e-22
