0.019517208710098734
0.005555114284908601
0.002674683188931529
0.006789619384518221
0.0417427859785244
0.020132523053116837
0.019233882633497092
0.020596589523013523
0.10028932790965803
0.015414640329092498
0.02595233640607199
0.002339115928788816
0.0022541388997208817
0.015054322369999325
0.021541271223919505
0.003211145383040076
0.05149656541749629
0.005729181176101432
0.02253008810622085
0.01618036443788193
0.2726780833701029
0.2034367284691238
0.06746329356636979
0.014054126620353468
0.00808164578676027
0.001287874636612237
0.002407154163193932
0.00047925510218844693
0.003421903915405303
0.00033166436189262515
0.004640169418118681
0.0026643123383397567
0.0007833839632166716
26238334445539888e-21
9229907125733857e-21
31702150043999566e-24
