-8530803530762183e-22
15142996984977583e-22
45648960317288385e-21
502935609193555e-19
0.00010340403238874929
0.005895483391336447
0.00048258541960384267
0.011057268130817253
0.007476772666326009
0.044390896270320834
0.013321365991057786
0.023857790882341707
0.0154863326243362
0.016169934628660277
0.004317656762770127
0.44401328434697557
0.008719851936582
0.00028814028588282977
0.29250194845555183
0.042173563900609855
0.0007410254461631601
0.0003386470918117247
0.0008122951764731086
0.03587574830619749
0.021422541318479572
0.0035562834730736388
0.00045196081681721397
34341941219399995e-21
0.0007368785572806368
0.005678388977912776
-9945715720372307e-22
