0.002817634816833813
0.01303406097852041
0.005575436867983919
0.0016630746315803501
0.009427384523856925
0.009542587895063863
0.012052552181072968
0.003597914063807801
0.0027641080517875
0.02941086459324732
0.047202774760373975
0.16387622082408032
0.03859173697865175
0.1418769973627757
0.024098356163242234
0.00994143982909581
0.0006563283633346525
0.05495875813123605
0.25453752052402623
0.0351161425140254
0.00716287101263906
0.09268843116415676
0.0004154761014096667
0.01612717894744242
0.001416959415057718
0.004907132342863544
0.0008918940330624282
0.004686587388181213
0.0020250506612748366
0.0031704536323458976
0.0008010809719457083
0.0005891722542033283
0.0004628605485351422
4853699389142452e-20
0.0036310669052438942
0.00023335357315015513
