19398780355454632e-21
0.0029142943635005183
35823151868113024e-22
0.00895252852170929
0.004237349489695203
0.0005631891698639393
0.13391658295287842
0.0002465403898597883
0.10678488511598999
0.07387985586485478
0.35800367747807293
25181137180315235e-21
0.002242496543276606
0.15421400886765246
0.0724168478252982
0.002304617063006046
0.05802349168530542
683592631308946e-19
0.0012746842894522158
0.0007908452737459963
0.0026138960949210134
5415289357970446e-22
0.0005466834417685359
0.010975462714015241
0.001765033188603003
3645476366198099e-20
0.0008300490703555
0.002245543650083016
0.0001043059421443835
-7574754764070013e-22
3706909727285746e-22
