7170554982856083e-20
10625831960209128e-23
0.00010360122031484055
0.011081600972056349
0.00012406365432892838
0.0036267115622498156
0.014952453651871058
0.02784925170768872
0.025413352753941177
0.00021026609657358222
0.00019813913988857626
0.01962852696704226
0.03591191615932543
0.02063205160605928
0.09558373160402261
0.03894836111786589
0.0029237009533281916
0.0019404619932821931
0.0007845274457451812
0.0015583376498348193
0.0026942410099318735
0.2602355517601068
0.1366580616787271
0.00037742893044934563
0.12399448614183708
0.04303117164158826
0.041795324637864895
0.013520825239109616
0.024844234133454466
0.008040222160352307
0.0078578460790877
0.020525976061858357
8881984142331949e-20
0.00235329016107127
0.00500815646627257
0.0015037095295267078
0.005268303253594146
0.0006594832101772205
