-9890634794864715e-22
0.0002898957078179584
6466255232527544e-20
0.0014919203288264484
0.0032254494516380677
0.003966505146628379
0.013882277639812046
0.019560647059642108
0.002489558764263601
0.2307281305467643
0.004568636182591576
0.06298956705059974
0.0002277927151625772
0.06270113191931131
0.46776889575221364
0.022128311182594024
0.00010333492861491104
0.008236282448372071
0.0008071901704429
0.0016563799774016185
0.0005573877847961402
0.0012351385889914428
0.0001394293176270978
0.0017523974197009855
0.001987589223544579
0.034813276427359555
0.02715715758914989
0.01365643255761823
0.00621208681330244
0.005603523816366215
