6296490185893743e-21
0.00015781873210719667
14000848046644652e-21
0.005542409264634879
0.0637254789519367
0.04649646327673892
0.0004907645149742849
0.004558711918301293
0.023300177546710394
0.0022234819823929086
0.01686314789194592
0.1386614222564985
0.006593731667357135
0.04291934183896224
0.04336050056225249
0.012633015376354539
0.010017804828903007
0.01027403702158979
0.1665798797512425
0.0020090140450438935
0.017596055500398267
0.2695212627892903
0.0771086352664902
0.00042125392964019736
0.010366977860956993
0.002385826388503608
0.026053608875956123
3913006107447348e-20
7975056151073776e-20
