11460177070933857e-22
0.007663792997616321
0.0025975046436590614
0.004499225725698265
0.003744774774494547
0.0008261096955332163
0.0012361342143475105
0.030539481237679342
0.06319471549090044
0.01091974658688967
0.05839123202456189
0.04036283666643647
0.0076710143469279745
0.054940503569822954
0.19487814689413588
0.019662377913836935
0.18745985728639025
0.00039686023495258757
0.0020033476109221865
0.010103233637466347
0.1266797009955705
0.0006658896857687202
0.012479270895102357
0.008704917804676065
0.0022408634747940717
0.052404906672290946
0.030423811656657546
0.029132420373573383
0.032151336274196834
4029120720534741e-20
0.003984549390185203
