6242632889947486e-20
0.03285099183144122
0.000220577052674954
0.00028064301315063435
0.001203871733745419
0.00030591430923697697
0.0007918947900113629
0.0009757494676756543
0.005949755572117339
0.00036198207723622144
0.003750804917781694
0.002449172866008611
0.0017463478623340617
0.0018288413884491098
0.00013261140342172193
0.02003780789960574
0.006032511661702666
0.04831046773820434
0.005817213791061409
0.0020216877692998208
0.07035445645803273
0.005283395987577826
0.021792726617579184
0.007655584145420961
0.034238576112388744
884904948958562e-19
0.004786657583648062
0.012207142354143089
0.002111229393907255
0.0030919234849501945
0.0015072682906243833
0.011330055726648804
0.003859959715781794
0.009749270222869037
0.00262571509562368
0.0015136568522898283
0.0021378837554868564
0.009075859469443446
0.004742184151492158
0.003371314091311448
0.045810659466325225
0.0008467655152816572
0.02825697749968838
0.0007296077525493759
0.006478894839678553
0.008050885290559683
0.023223735648074548
0.009117093767983262
0.0012968511335175509
0.0008139504130257831
0.01988547751551231
0.009057985649694287
0.0031405418963537093
0.001846495199736795
0.00495526430169637
0.040566921024756585
0.016887315413921578
0.0009781758795441395
0.1322840949122939
0.0010440008384973122
0.00212290710656799
0.011893763796699031
0.0049158853062523005
0.010750394553659861
0.058769697092140534
0.003492810623618642
0.003305609319655787
0.009484188768154598
0.013310823375974912
0.0053695737354395355
0.0023331895608125082
0.006301989623817296
0.018472812139246862
0.0023448489148529096
0.0021384582326729957
0.011734516650252163
0.01583349255097479
0.031130343191263413
0.028610247542858153
0.00044737875346735856
0.003369621860454502
0.01614910637908923
0.004174400798034931
0.006131745304419514
0.00330736834090329
0.0069230099322911635
0.012365303091609712
0.0023405634578491756
0.0003074250132302677
0.00024220754687180856
