0.017421577367675013
0.007161359195852989
0.037738362242447664
0.04420221603968379
0.007918848304511264
0.00022173301172076078
0.02015633472078912
0.015532121169084825
0.026330686837276622
0.004733928171879201
0.12089478440576457
0.026016588659879405
0.0840799868382816
0.008603002021874345
0.009545316417696416
0.012902258126632584
0.11442020489718098
0.003048114928709093
0.018114916732593536
0.12543847031326286
0.025152565273825398
0.0031674452601697547
0.006957518955922108
0.12947222079036105
0.035825985138827864
0.014006454502660977
0.017196881518052945
0.0014383576140791444
0.0035331294808243338
0.0066934426068799326
0.006680658439030517
0.026721776084293776
0.0014442305191638076
0.002575631725444654
0.0005975057622007738
0.0003477592511016496
0.009753680662763381
0.003953946011601296
