1837486918347862e-21
0.0014688664925444192
0.000453996042310872
0.0003079093779669319
4889186668193125e-20
0.0003903707212180887
0.0014996747811087947
0.0002611071166174913
0.00043834140032522585
0.0005690336949511529
0.0003600983332382598
0.0011169281418609259
0.0003608240587925027
0.0007813994143664521
0.0020250220011771404
0.004727179377196012
0.001564003120111926
0.00134152807160934
0.0031108949345577436
0.00026449073977776426
0.0020337142040745488
0.0004794207662445446
0.0025385827872489346
0.0008880563863410977
0.0013961725823165019
0.00099477508207346
0.0010747194098310491
0.003190707504139471
7970681787571259e-20
0.0009885403541724904
0.002487580133764856
0.0010809575641308469
0.002229403132150308
0.0010187690508066433
0.0011433783907057076
0.0012572865775264557
0.00108449782798726
0.0025971208623141724
0.0007834040357513456
0.0047431975892378905
0.00012168775934978246
0.0006622285332236698
0.004201670632382246
0.0006521985415738823
0.0005809057485273242
0.0003846406444298256
0.001383340936050177
0.004608122082281598
0.0014227879683596516
0.0006868576701552558
0.00038345372200904117
0.0035052073818763094
0.00035594565983633627
0.0017531422651238676
0.002163995078014657
0.0013306344036343115
0.0018458709544051425
0.0005520896603738228
0.0012864622128459142
0.0013143460246834119
0.006710727495895943
0.002820930008859789
0.0009092938661192122
0.0006141723806503784
0.002603239946851921
0.0012453700876074983
0.0015337131000003749
0.0008636537476848454
0.0019544459009328747
0.007483077582949928
0.0005194341467032307
0.0033735692554870654
0.0009827427415178478
0.001010701774425104
0.0023061833295615823
0.000703013794995339
0.0020399187420143436
0.00020183329799737906
0.00016983851721259977
0.004332871076029272
0.0030193030547137688
0.0024070494520910548
0.001198972893726247
0.00013813036468998056
0.0007682065014509987
0.0003027982181027671
0.0013763970214722622
0.006298152753433389
0.0029083967754474356
0.0017559088027170747
0.0004532717485615984
0.002461184536450757
0.0034503155056574584
0.0011634844239319954
0.008169321215227692
0.0005286577150158085
0.0005322319659651356
0.0019900600725390343
0.0005486869827962908
5524043766844731e-21
0.005321975842373588
0.0019576743622315954
0.00464543606608557
0.004672332276583542
0.002403452308924972
0.0013056565998773324
0.0008966744862644155
0.0006928312381624513
0.003262178906270209
0.0022081195393910237
0.003920328578021485
0.0031100855446504617
0.0035108340077529424
0.0007316204183062024
0.0030319452876143823
0.0018123688416379138
0.0011095563994860573
0.0022407243398878196
0.006291730595871142
0.0006968785969562704
0.0012217388802092098
0.0010086789833204483
0.00014420355653829866
0.0020252326448868163
0.0016842153107170714
0.0016559640574305803
0.0016400965490843244
0.0004038375321661516
0.001173876681251093
0.0026411226968818253
0.004474129994154599
0.004483461424925493
0.0008791933120290806
0.0008389257233399719
0.0014645559057838672
0.0001747451693895289
0.0022502203177768346
0.005704995783827248
0.0004886184204502726
0.003109055854179016
0.0008017170792770247
0.001519963539355606
0.0006802687296608551
0.0006444164781970671
0.005402657922942844
0.004570649264165056
0.0024605693122766096
0.00010273947483844678
0.0008365693092033622
0.00038145050596985177
0.0009736193575707346
0.0008177719242016008
0.0016514498741382572
0.0015047418163487785
0.002532227190978036
0.0010912683149143071
0.0018031406704805744
0.005824279971032142
0.0013262927962447897
0.0009794341941117945
0.002408416521289423
0.0018385228176922219
0.0027047655316236882
0.0005019374106636847
0.0009715509236990011
0.0011946039883657313
0.012978693420520928
0.01857998918137664
0.0015444475627062189
0.001888150796382089
0.003542258450330186
0.004303448894622667
0.0008423878859331171
0.00025290291876455575
0.0052346631418142674
0.003106027234218638
0.0019438485853879874
0.0009602779896945248
0.002077681005729695
0.0017956162944449986
0.0002787849806356112
0.005206878322141723
0.0012917607577929478
0.010566864999051467
0.004082419247585629
0.0016629887396531586
0.0031903840717687126
0.0021139218595592714
0.006653160176700728
0.0020085541754293243
0.002193876276042418
0.0004652060331921177
0.0014465103266931415
0.0016006522009152139
0.0022178821848962077
0.00019607009882861894
0.0009998405418346395
0.0014163639884098435
0.001297016842433407
0.0037809415162445557
0.0033521121333170835
0.0014209299559732878
0.007984380761214346
0.0016802087554948573
0.0009962685715106732
0.003180524039567923
0.0018606027566665172
0.005348388148620648
0.0008320522349704966
0.003625329119001457
0.0019501751217323464
0.0006666870411435545
0.007494987605227774
0.0013641393716200935
0.0010752668380181272
0.0009359909937136455
0.0016923523331013096
0.0034978195591507098
0.0004853090206120879
0.0006645188489303233
0.0013759860009139055
0.0005602010548204767
0.0034735871136023105
0.005615366522172676
0.0013192323647921304
0.0008267107762347605
0.005650059171964742
0.0003513856252503701
0.0003875948730774262
0.005791735143339248
0.0005229884984094676
0.0004826193208753242
0.0003042986334119742
0.0024646998553495875
0.0018865577217430528
0.001437944671349203
0.001274828625415483
0.0001818396118934647
0.0041646905729954995
0.004853727393968032
0.005519533407835727
0.0021328313972352707
0.001583737469791813
0.003880518621527199
0.0009190225146882967
0.0059887576078231355
0.0012915308334456002
0.0005527183782017259
0.0012280306541123164
0.0002440962036415067
0.0012236457507076284
0.00044678001467008787
0.0003515462733817066
0.004491930114458477
0.007407817644681911
0.007560787194197398
0.002861313969563675
0.0031200833627602715
0.006494332916410753
0.002452445466442715
0.0023197813759309118
0.011572272624023446
0.0023239190293364172
0.000572025915935143
0.0017977434029181685
0.0023660735173909983
0.0034748047178113327
0.0027717438467766502
0.0017622117402217433
0.00025579868741237535
0.014931647669854876
0.0020537749842521407
0.0007771381396526591
0.002903108403127305
0.00048824546109013
0.00020940488075887008
0.001025417075602022
0.00035983756368702935
0.00299500604796823
0.0022048717486225643
0.0028711938792602915
0.0018111912148776356
0.00575744462631903
0.00940973980937401
0.0014555175839124235
0.0001868319134539682
0.0003578199580481978
0.0009297019122720392
0.0020417734289724055
80446086325314e-18
0.0005358597359036064
0.001287366493075703
0.00011555444597565093
0.0026631720228515138
0.00045965403710319653
0.005012071930105835
0.00372646969408448
0.0006248321363729703
0.0007281290651802061
0.003338725032429853
0.0006797546451632468
0.004201311559652437
0.0005513188027270858
0.003178355286764384
0.00016722344156288246
0.0005586015896854268
0.0001317858387525666
0.0016452926053087242
0.0021915398872639313
0.00029072680141324896
0.0004443678647326623
0.0010361383346041849
0.0030834024158376125
0.006108825831989753
0.00015334429083891396
0.0021715248232222796
0.0027294698648890827
0.002033151793903594
0.00035208949412592966
0.004261451606959107
0.0007637160242399672
0.0007957791274755944
0.0013973607113363692
0.00017275717699841747
0.0077660943976280575
0.0006530263678343153
0.0008290467126247117
0.0015103018400882482
0.0009721483775414778
0.006563249334892052
0.0016591580474015631
0.004174855303095625
0.002318963058873943
0.006895300359450353
0.0009035612522691393
0.003614765025585294
0.00018918669183028828
0.0050860369085170545
0.0011349710761778843
0.004350107979773927
0.0006389270029691544
0.002182123536476849
0.0035353781267445103
0.0008830191875234795
0.009569989772636383
0.0008438133522833673
0.001323671951866584
0.01688147203791338
0.0005578484381731671
0.0023818204957493814
0.005796556307269552
0.00607700580924324
0.0009821505580150719
123112185199293e-19
0.0006402823888079264
0.00010727916223572296
0.00024462394068376164
0.000743740416310011
8218393227691949e-20
0.0010201574446593788
0.00012293779646372222
0.0003104397938785926
0.00015768457909296472
0.005670842843468411
0.0017992014673915086
0.0025079420550337605
0.006435952036560136
0.0001319758384951169
0.0009369929357676342
0.0014612425176982738
0.007807823254818478
0.0032881895703137844
0.001330959741213174
0.004075511380413569
0.0023121773181810877
0.0019193129796767688
0.001756263916116591
0.0016035400746279818
0.00011944214515313094
0.0035598989871586974
0.0020332015640329485
0.003089580650981874
0.004180014225973028
0.0006918756387776965
0.0002575182579900595
0.0010311997253738233
0.0034928500436068963
0.0005802513430446546
0.0013249133470999933
0.0011379440088640637
0.0027902271974611973
0.0017103259497853857
0.0007988229045539883
0.0010702813185357745
0.0006309564011043796
0.00024261478844920435
0.00011608576034485774
0.0023734064818099637
0.00019211249354200003
0.0029595723096805912
0.0017580536430749762
0.002224236324576273
0.0022781723850184925
0.0009707778490130095
0.0013801409064143936
0.0031827649531913876
0.002661635733547176
0.0012179617098563003
0.009293231596913283
0.004139927518181135
0.0034359926356329227
0.001746495430247394
0.00026456067938320405
0.0006263967363818707
0.0011054686229757676
0.000996826186252494
0.0015083696703442437
0.0015220856206493948
0.0014766448595782571
0.001739847089633699
0.004195114870675595
0.0020333410242671297
0.0026618124443384596
0.0004079163413831332
0.0007525276124468836
0.0003585924502426933
0.0005759844199620165
0.0007913153747986167
0.0008804953955229072
0.0009388397508775471
0.0016070474722391904
0.00560612156292399
0.0014479723581346706
0.0008415551798133773
0.00038915056246256974
0.00018275323885552216
0.0019629413876057515
0.003910610399019202
0.0020263214183404077
0.002728584011821371
0.003876135395642571
0.0004889889034644025
0.0010000237623548837
0.0028576191128229437
0.001479663033507643
0.004205259868912384
0.0016369723753510374
0.0009725198816259919
0.0036423627887909858
0.00011785177510305503
0.00046307849362767326
0.0035159972205111955
0.0003432779584332235
0.0007147408748010563
0.0003004930448505022
0.0013017209245329397
0.0008180477830876465
0.0009603283962633212
0.00206928442235426
0.001510413087667137
0.000427174242569897
0.00014936634046262324
0.0014506490722148344
0.001500551407382613
20981128045663622e-21
