0.08736010130382742
0.0047856138055301055
0.09383836664224865
0.001646522851531081
0.014244377632749381
0.011544169794490309
0.00573177745950988
0.0010715599024541684
0.019190936481625353
0.008499995806199534
0.006835212148067768
0.0038803868394426916
0.001112437427190642
0.0004060914036808943
0.025837029472165454
0.12535644229984155
0.022778605179240515
0.008740072507859357
0.001228805198010094
0.0035486311928114946
0.054642710288717665
0.03585829032119046
0.013770114307919122
0.004939893938979691
0.008855520184161308
0.004456553298927644
0.3765110884086864
0.01615381659332887
0.015466005986032878
0.008516181542143581
0.005675635284013504
0.004831112198663252
0.002685942298759244
