3787371482574941e-20
0.0004321068153915822
0.0006252503163006293
0.0004202434608296044
0.005300864643067356
2750057395710991e-20
0.0002518773976937234
0.002787847721612215
9833358282897959e-20
0.00012279672695454172
0.0026763714982270363
56488530828651706e-22
0.0014031546418455812
0.0027499495447877377
15932433813209194e-21
0.0009105805664094637
0.0017305418092476797
0.0024990669374050905
0.0014445135755449194
0.015629175991812565
0.004063868641759752
0.0035975351645365864
0.002197329209384707
0.0004996428610171438
0.00019803099636839756
0.006087378575723546
172175791707369e-19
0.0007817179288934231
0.000734785177748827
0.0037239582994412087
0.0007452752008593776
0.001832534895944294
0.0001630798823688193
0.0008236829316421425
0.0002031611516512347
0.0010894336202957732
0.011845862491666888
0.00010574028322374041
0.00020453659208355746
0.0032973586950379363
0.0026579694901609405
0.000977380992004033
0.00029783387711896254
748055762287568e-19
0.0009947594638202288
0.0013674442920164074
0.0006967901437117603
0.002339644812361498
0.0007449511443407114
0.002430036502154857
0.008965618046576937
0.00020998409803333506
0.0006740090878737473
0.0008169665620121497
0.00011824312625957583
0.0010921396373709065
0.0004784644540528955
0.0005699277755513833
8106166405212213e-20
2293676141363836e-20
0.0010158956062541024
0.0012523801217538722
0.000632231387456296
49520670280587944e-21
0.0018921774844811343
0.00224048200669699
0.0011044659100311806
0.005081152113286372
0.006383372277078569
0.0009797063868401095
0.008426196220618997
0.003392517063528361
0.0014462269444024368
0.018374155104981218
0.0007861483941406671
0.00011231095346741806
0.0011713727718186638
0.007760005862281721
0.0012427843119732535
0.0025712716151021905
0.002896958818446323
0.00013698157435994952
0.0021269517102783637
3131752067071889e-20
6566714455053165e-20
0.0016455401631948559
0.0002482614012455286
0.001044858163662684
0.0012637098534648058
7852593088409746e-20
0.013875813099200003
0.0004968527227463023
0.003327953490269658
0.0006315136162754237
0.00042343167625137065
0.0009229780070515345
0.0010776485278417636
0.0018818693029284276
0.0008389865691044625
0.0010614589675203008
8469326390418636e-20
0.0006687420276900964
0.0004072160420590779
0.009309724594326035
0.002888519911941964
0.0006240137817309367
0.0020279919917155784
0.022228531122376625
0.005664018301457456
0.0012034957884489844
462927577645462e-19
0.000902137845776758
0.00029852350436973096
0.0022398384878910727
0.002826938335130556
0.00010164189908552532
0.0022668946266131518
0.0056444981144083105
0.000721405359752998
0.0006056321193663347
0.00016483834296807483
0.0001629750575250735
0.0018874059843612641
0.007144011314118421
0.0025191735690425245
0.0021956756497509694
0.003489894479550038
0.0003899974026749927
4528456776575843e-20
0.005977093562237908
0.0007462470609821356
0.005260279965176024
0.0003308843206520234
0.0015277363826756043
0.0007714357159012924
0.00034520448341785544
0.001656868022364743
0.0021861311038371433
0.008945360870695796
0.0026249044526579363
0.0004254904569923216
0.007740887544136808
0.0020746346561783743
0.001587098861840866
0.0037217624137984083
0.005601138854104126
4920643466482812e-20
0.0002104383412296387
0.003088681781096596
0.003780626771938017
0.006650166480720103
0.019813347508482543
0.005582070578819617
0.00427570121059126
0.00017035577388650739
56294051033593245e-21
0.006210062696461315
0.004339908125291478
0.0004277344595439453
0.005880945065769827
0.004842458581793932
0.0011510892989301236
0.005909111500350056
0.0002509120607185817
0.0005105772900863556
0.0004137804495048718
0.0010634740478636336
0.002275940761479773
0.009248955879899637
0.000601673346056397
0.0010221451557695784
0.0003133097708111143
0.001069134245889332
966571318432088e-19
0.005436118839869823
0.013535917277530132
0.00024369674440142817
0.0015956878051700337
0.0005953029752040244
0.0010502341813464816
2825968492684564e-20
0.002148002548494343
0.007261124472236946
0.00512404377357774
0.007088222606919032
0.00959390584231742
0.0021699237987320022
7584263805493512e-20
0.007943433075034022
0.00016340022597006548
0.0014268967005358995
0.0024709938295252756
0.0065714493755968184
0.001954730262105507
0.0005162930534502546
0.0038166957335450066
0.003291070962283387
0.0008719245616613966
0.0005317201149398784
0.0011934156664071664
0.002055845435028669
0.0006246696522935893
0.00220195422370909
0.0007592014627282045
0.009974314835606906
0.005055781272569512
0.0017042961665290498
0.00043257039979373936
0.0015690805917194166
0.0013720844725252155
0.0066610717867852075
0.002631893341847698
0.0036278166404939685
5843869133281725e-20
0.0006358358934528722
0.0008971798904921554
0.001511772789978429
0.002344264131625132
0.0001559795720223626
0.0021817760142785084
0.0021928357275632564
0.000720817697601643
0.0006866688845591081
0.0006961996742416486
0.0010670061319645937
0.0005214188891763717
0.003694479554774795
0.01783389558347019
0.0038927959356492006
0.0013985212942777014
0.0012132694212528532
0.0007551388968757275
0.0016261785361874471
0.0002964652386927574
0.001848174330445261
0.0038248811257286237
0.00038504898591781167
6666233927631028e-21
0.0021945941165202798
0.00173751795999225
0.005159303263535276
0.0008487661012469806
0.00926354745033438
0.0001666353763443818
0.000578078827514842
0.0007901807700014294
0.0025858236068755586
0.002147000717040038
0.0028316103556203084
0.00016464741188781595
0.003867019474262094
0.0022898320502789146
0.0024369839537555123
0.0010354259944732867
2519906104987872e-20
0.00026227370946225537
0.00014882485715177307
0.0001705264211945602
0.0005132964124818554
0.0007504224209391995
0.0028616899557256485
0.006299153479676411
0.010585637204508181
23393693633988515e-21
0.0032791154906257193
1880776710938769e-20
0.00014941146809997706
0.002234265888623518
0.0012666221098304913
0.0016856492215323539
0.024041168073499264
0.0019408081683430327
0.0008414544141426297
0.009333693772199456
7286862553376759e-20
0.0015279453200049843
0.0010927480567367418
0.00023202436921548097
0.012179046405310577
0.002629480331100487
0.00030054518951768734
0.010745772291154086
7107911034753863e-20
0.00035350541875180027
0.002232968283959513
0.0022677968826802083
0.0004199236927230011
0.0015563347294906432
0.005064406511100573
0.0027862990560225138
0.0009608296919579888
0.004833159061388192
0.004182718131792873
0.0006890855726766764
0.004488645606880584
0.0003132532655808398
0.003926521308043891
0.005074293579955476
0.005539728153742747
0.0025199726780525808
0.005105368011225344
0.0001360212020666956
0.011969068233619094
0.0009180884133878272
0.0005326585189225762
0.0005205237120636643
0.0017033191115262993
0.0027944291589779785
0.000994686726052792
0.021750817201221354
0.0027837277528232405
0.00533062623396684
0.0010232707951889546
0.00618538568924662
0.0014603425470701879
0.00025988713443449466
0.014862099574505117
0.009379317051162878
0.00011141624778438015
0.000446743818536645
0.00023344563032407113
0.0011542714476173673
0.0015977972030432846
0.00015441576254701553
2183040733000979e-20
0.0008222819056282206
0.0029181160063972
0.0010459026996790138
0.0011839005073821937
0.00015348979546598145
0.0006095938680360535
0.0010650206395842782
0.0004658142238181021
0.011688956372329721
3753919279303095e-20
0.0008150258999290313
0.00047140885681037974
0.0017284747542144307
0.0038284136028443735
0.0009203677084328089
0.0031932264249819133
0.0016621261544410746
0.0047567740214429785
0.0015393350446340904
0.0001373935872424457
0.0009592415521761276
0.00011933020347657886
0.0012070052921641836
0.0036296130404846723
0.0005978405522739684
0.00011840141810787855
0.00028574799126693094
0.0026167023825223656
0.0046773485844301115
0.016619353344186065
0.0003359507826321715
0.004808781747665065
0.00035820905151883706
40032236743988195e-21
0.00017728735046302447
0.00045636099684832296
0.00046556170588246356
8912142475405722e-20
0.00031153653497012317
0.0004851044398649422
0.005033392813149472
0.0019160659315435838
0.001530698570674812
0.0002461031390604342
0.0032622243247972323
0.00029172016446826657
0.0013074564189566199
0.001171098991433788
0.0021201484852393956
0.0004357303070857057
5217247114003748e-20
3365322192141914e-20
0.0011287224843069348
4444145040653892e-20
0.003129066127529733
0.004688358783699369
0.000393870930326663
34357064575286616e-21
0.00044440175366542816
0.0011763688223160019
0.001504883280999391
0.0006825082255217773
0.0009195519425892331
0.00017478365501674613
0.01053621233497557
0.0018427958799151444
0.0004418635803971967
0.0007870525381251132
0.0009888262072527752
0.0015706564055260814
0.00010595997858228887
0.0001555252119605435
11151024506168188e-21
3069576524764845e-20
