0.00011758607147293224
0.0025109190608806385
0.008708875096428249
0.01660458436002561
0.0020654577534379736
0.0034024982934202736
0.0166035355872734
0.0035830499629148247
0.005862195964909887
0.007309218174992008
0.017926569265237106
0.0019859330187780985
0.0021120708371245747
0.007650913290761615
0.005245471012682073
0.10374067713877616
0.02428307139834847
7112728988561227e-20
0.0016059805805306495
0.00020544601355463997
0.004369369542873734
0.060069348426540575
0.03252203105505386
0.0008320502559820359
0.1304436630119681
0.02135141059984774
0.07934624057075154
0.030343813779895666
0.008643382032825034
0.020888899527774188
0.0300347926909894
0.0014143105430809517
0.006546839435900346
0.027711717288426255
0.023633889961450827
0.05286568901015515
0.053587792914919115
0.020812058629307368
0.045013528546247294
0.000613134108107916
0.004494073872273554
0.002903086434582094
0.0013218515095065996
0.005949584431818797
0.030195098646349613
0.012166044590628537
0.014767385754405697
0.0399183051220264
0.002256365707285825
22882387354884258e-21
0.0015406479143939967
0.0017586179970161078
15801588892877272e-21
51111939933281604e-21
