30736518961678073e-22
4252590963108135e-20
0.00013758844610111822
1089850517582822e-20
20878607739630297e-22
19568949417564663e-21
7240252822599843e-21
3610209190030298e-20
502846300067944e-20
6661138695094926e-20
7559107589861035e-21
0.00026575769172313134
7229934438204462e-20
0.0002879558973576013
9442328020196297e-21
0.00018410394404292589
3745206598017473e-21
1211747251374821e-20
6570549152504e-17
2206995569434191e-20
9607204248695847e-21
3594384273995136e-21
11440255915408216e-23
0.00024161599238894843
5916718088158493e-20
0.00013034511500170803
7867258842187535e-20
6165457440891795e-21
7921905899147787e-20
0.00013275725786059396
3498526375908249e-20
46194547230699454e-21
7292072439881117e-20
1739037915770541e-20
0.0004718018995189942
0.000562293709604977
0.00024242521369373303
0.0006038572916661861
0.00035267253654102765
0.00028706955194241163
14123826911541492e-21
0.00010790567870235325
40407218833697394e-21
0.00010997827712470286
0.0001106066596449342
0.0006320024331958314
0.00030142452466366636
19694698323996232e-21
88488760899909e-18
3013285157109201e-20
0.00024645936557160357
23595719974862532e-21
0.00016945056383420984
0.0006160045232912706
8279096361125314e-22
12242581819662245e-21
0.00019734242072060973
0.0001809943344394914
0.0003012033408533381
12185325626770998e-21
0.00248312867914628
2224657287779889e-20
0.00217059576441639
7684766015379016e-20
0.00016926258864660205
29347950351020553e-22
12676321983248156e-21
606255187058548e-20
1852894925603402e-21
24080764821045946e-21
5478252549059707e-20
0.0003198817477549527
7011824909292013e-20
0.00015158455243024818
33890490554797407e-22
0.0007426252655427496
5335212312328581e-20
0.0012531271992253879
313715767526186e-19
0.0007409498141246786
0.0008148242262203628
6131956859503618e-20
0.0005205625767603507
22218055198545648e-21
0.0008735208346150064
399996933995064e-20
0.0009208942204339672
44359554159886856e-21
0.0005072941979255387
0.0005672514886318718
36659508730448124e-21
3055338442901443e-20
0.0014045729156629504
6023718968662e-17
2155115129339411e-20
0.00017303499268414164
0.0008671889145174396
0.00026641069088061614
0.0002982826347621723
0.00037818810683531794
0.0004898740459235149
4982696983489262e-20
20902894850147213e-21
0.0009621609337312956
0.00018025925889757793
3083400620140312e-20
0.000659144037777633
0.0004501156685580835
9597952904558524e-20
0.000202808894618717
0.000523903999250371
0.00030227035456022086
0.00014691532839963096
0.000291383431614117
0.0002044906273949088
0.000311680226559174
0.0001529290675990468
0.00022597001004394878
11346060563055875e-21
0.00012549398478291086
5339122712120735e-20
18764111826314442e-21
34108152947604295e-21
0.00014820480899357098
0.00018826676270638452
0.00011010622831203641
0.0006490635104582888
6209699856766883e-20
0.0005348516629348167
0.0006376062889919415
0.00013069544267449928
0.0001263548582832967
6128682451079976e-20
36507908095419805e-21
0.00023512549077674797
23544012571732257e-21
0.00016957704878677398
6739213925894752e-21
8563924877309166e-20
8608872757295736e-20
0.00011220479148040637
2823848902919982e-20
0.00021182275768514107
0.0009538758175283533
0.0002776617387422169
0.0006059058086375625
0.0026572784430161055
0.00031442282063114563
0.0005650064251887886
0.0006396769483456053
24616962694678477e-21
0.00030166653097200337
0.0006262443236161222
23431803416478722e-22
52457254829439115e-21
0.0011541342134434285
0.00011191969998302702
0.0007802940136408675
0.00037136091417934734
0.00019018013116646747
11539312543143089e-21
1378944311756633e-21
8103155315055257e-21
724539178000451e-19
0.00011132917475716572
0.00016319860580411586
0.0004571713399868763
0.00032828871772534865
10658200208679417e-21
5119066214636733e-21
3701015290088681e-20
2868503402177074e-20
0.00035345365446974315
0.0011051582561972789
0.0001714730190181791
0.0012816315007977736
0.00017975068210535406
0.0005113364499354554
0.0026237765885014884
0.0005455081493503194
0.0028351200207522623
0.00012500943000051106
22421670718521194e-21
0.0023529290427359542
0.0008237389080634662
3934925614335453e-20
0.0018870775682669173
0.0006030086993932157
0.00027926472748642645
0.0002066161626415145
0.001994285890270482
0.0001258945726256678
4280356531660599e-20
21160185574774986e-21
8001000871630298e-20
0.0005495803768867196
6506869831151966e-20
5615837254286082e-20
0.0019003525717746182
0.0008991192049502975
7619310636681922e-21
0.0004402792027113335
3167701970070368e-20
0.0005021001287934847
0.002088673225969903
5294709175028131e-21
0.0010728396462357
7667420752799939e-20
5504815904506023e-20
39386010494175575e-21
0.005322438269878955
0.0004987632377713057
0.0006896633578168701
0.0003568977713575572
0.0004130432976230651
0.0003405264007168133
0.00022190686403179906
0.0014328771218076598
7526475442542571e-20
0.00015913346518597792
0.00014017564164481503
0.0007802779775209311
0.0004538554095238305
0.0008726596940517835
0.0017295572819175644
0.00027877705295053097
0.0009117918048676296
0.00014706026357815677
14667963374082724e-21
0.0004893049440690982
7707993198268124e-20
9573443413049489e-20
9795400315006574e-20
56534407749332785e-22
0.0002453840141790861
10750497084198787e-21
37923704151106253e-22
14973406720879565e-22
0.0002449356243158905
2653069578370902e-20
7887105412239795e-21
4018335225604028e-20
0.00022837313699727068
0.000205088705319249
10072487576707881e-21
0.00032333499101780904
0.0006616590978107918
9126413489005815e-20
0.00017366483398867513
18496006801359047e-21
0.002781429407412486
710167679282506e-19
0.0012492003777946942
0.00010387041835620548
9779660675256839e-20
0.0013630320022008809
1456492838695128e-20
5196732227263298e-20
6565374653509785e-20
50410989480692484e-21
7504385355040143e-20
6144367149046332e-20
10762969646696013e-21
0.000250184982742991
0.0002747157415832374
36930962529577527e-21
0.0004998848589102105
0.0007226817773524782
8014651892153117e-20
0.00035041215708133815
0.0008251302678184571
0.0006731571439100188
0.0010229513673454043
0.00045336758352454947
0.0006430012357789612
0.00038198524623959826
7793753131259418e-20
0.00033692062737411527
8740107930503705e-20
0.000580782046171853
0.0021346611035078294
13607940722387182e-21
0.0001612379224244101
0.0011326359471222022
8278779334133859e-20
251327431366993e-19
3809776215998398e-20
8539230327242395e-20
0.0002569923954168377
0.0002150965796398268
6970946737127825e-20
0.00039678316086927076
509463714934211e-20
0.0003779277118784971
0.0005985399521782322
0.001698037551906476
0.0008040783017972264
0.0027054112950417332
0.004998514369652467
7922536575372929e-20
0.0014860723797785731
0.0006444591565122231
0.00010159700789872927
0.00039159872918427785
0.00021248292033557926
0.0010348079915814957
0.00020734119070867207
0.00027564665988421823
1731096744487135e-20
0.00019373198906459202
0.0016218897092354148
0.00017432234346153686
0.0010009992061360315
0.001039036511151362
51393743031085594e-21
0.0006553537436979445
0.0005358665972936342
0.0015521099154198646
0.000193316384289062
0.002996639858385368
8507163536837842e-20
0.0001693501711592466
0.0018753370742944622
13125061552281613e-21
8471474597439893e-20
0.00022313526492733383
0.0007796753119156246
0.0001469731581920291
0.0002602530339761623
0.00024318785699689854
14078882813227733e-21
0.0015982240523856012
7690121895307629e-20
0.0015887308358618498
14752941949142746e-21
7791689132101151e-20
0.00023934139401187045
0.00029108618010895165
0.00028920865755243465
0.00016296056630228856
5907499293774949e-20
0.0001224704097185043
3304046081414208e-20
3600496833851977e-21
9092960735431403e-21
0.0005930747418912851
0.00012389722504801878
501626139439901e-19
9547238894937019e-20
5020477162521384e-20
4200395184133022e-20
9625000946850756e-20
15140934868120177e-21
1481020289961564e-20
0.00044909439820012867
0.00027350228675483175
0.00020600417126874365
0.0002600422063028754
4858127513439641e-20
0.000357708629146054
0.00014488251770090955
0.0003489075307501825
0.0010225918937432717
0.0002466841379480964
0.00031405920155330426
0.0003493300716248105
766349288336431e-19
0.0006343376782524641
9458314361507084e-20
0.00010721849430872484
1571891492922535e-20
0.00015154775203581362
0.00015247087993867852
0.0007054417309021058
0.000556465356628286
0.0002871648384866194
40723699640673355e-21
0.0009261838704389002
0.00020710945158133236
110894429161586e-19
0.00025758716612497883
0.0007698575953358017
4779133017399261e-20
0.0006495425926763525
5666447952174469e-20
0.0004987939934265055
16982113033764837e-21
0.0002156589341642661
0.0004124507339972962
0.0001348885633746667
0.0007365034258740924
0.0007699079707587471
7898221532996574e-20
0.0017320162695741554
0.004092618035626445
0.00093518179885588
0.00036305083397262193
49466501003394936e-21
0.0006755476643667444
17893049733958623e-21
0.00018041050878244886
10276222839259699e-21
0.0003902250681132181
0.00020833332123900442
0.0001351861978522945
17501539954163762e-21
0.0006581636343596241
0.00038847451859487525
0.0007738090355949853
0.00031398904532496197
0.0003516818396048675
0.00037823755142846936
6936088363978305e-21
0.00010726366592640894
2633037419936878e-20
0.0004966630104380706
0.0003296242346019489
6528345352574233e-20
0.0005388550263939498
0.00010668432467093376
0.0008339333920356437
0.0005939949207257537
0.0008384191671591376
0.0002261769392393359
50006370849658594e-21
0.00024146082022504992
0.00011866681684218634
362434435103962e-19
0.00029102659858927835
0.0010160651676346332
48084038028238716e-21
33088606105298105e-21
25779522079493862e-21
0.00024720108041154294
0.0003964915601190347
0.003301773835028379
0.0003992466788671279
0.0005607877795675385
0.0004540996227372535
0.0021353486893899796
0.0022297519081180793
629632584837584e-19
0.0003225820482643315
29797695662277376e-21
0.0007325008907479687
0.0007536882486953808
17038681157256445e-21
0.00038521844074590483
0.00012171736267355739
0.00031137097731460375
0.00252401971547027
334104533804239e-19
0.00045353071389864734
0.0006145787926500794
0.00018135193884664854
0.005114484423104984
0.0007549609340888832
0.00036322927309341964
0.0002933748188354426
0.00019142711263699897
0.0009257437700947443
5821341937402344e-20
0.0001224004587615453
0.00015811248437809814
5424575136684954e-20
0.00020549063618598935
0.00014429661004498933
3708345245924599e-20
3008240284394844e-20
5125421020258264e-20
0.0005737181671651975
9799060162429947e-20
5789389889202825e-20
0.00019452745380920276
27040297372056533e-22
0.00012655703791961142
0.0008418888623034828
0.00013604950946808676
0.0002561630282313313
20134729900726555e-22
6477890266274355e-20
8038853540376725e-20
0.00012978549079201948
13540329540094845e-21
0.0007613138990042108
5284649357537752e-20
0.0007157704012382177
0.00511947681337382
0.00034543084920199716
21699468586617696e-22
9747777930224757e-20
0.0008319322615479385
0.0004950915277775281
4504194114013227e-20
0.0001334754205183861
7301559559691229e-20
7480264554205398e-20
971646227305458e-19
24230662524510805e-21
0.0001768796638921833
0.00045950112940895915
0.00026230778509296295
0.0002945362315142348
49090168166713455e-22
38603096510651375e-21
6580643467465628e-20
704703029836248e-19
8529299027477663e-20
0.0001882030642435808
0.00021276994215212102
4958865657588134e-20
22363800068370264e-21
0.00055380763240954
19539507081474087e-21
0.00015720717122635585
5272186297048491e-21
5120372968857872e-20
16918329138967152e-21
0.0002966189436884674
0.0016600401381779656
0.00022028576924133068
0.0003230280053866433
8457521443802687e-20
7149406313831416e-20
5853158035269046e-20
0.001126383759441437
0.0008517892970653563
0.0005054953642376152
0.001377785411641299
0.00032753801046253307
0.004858579839510209
54128269689708277e-21
0.0003589730745076188
0.0019068329958851647
0.0011984159731785288
0.00022222832192793165
0.00015625847833393344
11115375792113163e-21
0.0014695088815414121
0.00017572363548019413
0.0006210615672070219
6604065227919155e-20
0.00025908124972610935
0.0001543024689388533
0.00022159737820554186
0.00012358974860377674
4580953363428496e-20
0.00014635500377473135
0.0002276903919171327
0.0019396749692024125
0.002906200570712825
0.0001291766445052328
0.0005499648312815183
0.00023944684409485335
0.0005481665549389113
0.0014539940216822243
27800618600325455e-21
0.0007731957838787998
42359574680723655e-21
0.0017986855071184583
0.0002854220999585965
0.0005400808850308965
7826678956526573e-20
0.000740327592745197
0.0010100185339682415
0.0008287939416325339
0.0035238178527990656
0.00040371272243812
0.00043367496554120775
3902612977745513e-20
7942281926104461e-20
0.00024118698654517244
0.00026452235006047247
0.0008666502256067489
0.0029558639474196228
0.0008242733415652104
0.0009102165125404431
0.00015624905098588415
0.004595586030496844
0.000834463677128903
30380440148489987e-22
0.00011836129488808181
0.0013005344356668163
0.0006393610696212344
0.0007717905438719709
0.0003949919003444434
4077491068738041e-21
0.0004729070831759726
0.0024594053304820133
0.0007930317182200951
0.00427771176247999
0.0003080120345097399
0.000648875948998075
57595226442802965e-21
28165840705089663e-21
0.001230236351367255
3458160739438981e-20
0.0007043585947791292
0.0021624196599172923
0.0002326743759925752
0.0009126931392267402
0.002928489165417214
7411993177918316e-20
0.0002326513860463865
0.000864653017789414
0.0004218544851200312
0.00015976665700527515
8041998318954141e-20
5111127648767792e-20
0.0001409600934677233
0.001028499589966113
0.00038565614781333005
4931897547945644e-20
0.000293537338266859
4713225293135892e-21
0.0010303804796724183
17388192515253983e-21
0.001114204835024318
0.0033433105355255336
0.002510157965706741
0.0023708434708749455
0.0008487396923313091
4385792144901704e-21
0.00011653930561181377
0.0015350256711367195
0.0008421860095274184
0.00013672630648586438
624754088742117e-19
20311677859627813e-22
0.0027649133776640102
0.000710515614169688
1037017211718841e-20
30047910458421676e-21
0.002449520281678312
0.0002858948836877303
0.0009392423706090729
3617198959612988e-20
0.0029520306722499415
0.00015172807475808433
0.008227205160472277
0.000589629182840163
0.00019238308799321188
0.0009753389422957873
0.0006260480903348243
0.001104852212675154
0.00033596786793371617
0.0003604828608208766
0.00040997994928299996
0.0008072262022217478
4015456757539186e-20
0.0007580224757234612
0.00010212206826959847
0.0010610033329701099
0.00018405738922568164
0.003349892311264383
0.00743746718003222
0.0012458037114184445
0.00041943097348427235
8824962066226263e-22
2507783074096175e-20
7807222467695695e-20
2124586169146152e-20
0.0005922137161668045
9514259820829405e-20
31229255056461264e-21
0.00046294933871896275
12334265009269187e-21
0.0006032904949547693
0.00020912654927723146
740953183526266e-19
0.001324351568550534
0.00015845509657714241
5261532170988523e-22
0.0006642115642873645
0.0011333887821124344
0.0011397252382319436
25542150639256366e-21
0.006648885519204585
0.00032828870044977456
0.0003698293616679095
0.004398637146630741
0.004805777733948201
8279084963186432e-20
9957599534807049e-20
0.00041645797369863855
0.006625915012608658
0.00027570170905704083
7455245196947007e-20
3228677658742401e-20
8169506178402509e-20
8723145647480773e-20
0.00037618766195230525
0.00026624265803172576
6681133142792796e-21
0.00012953523562547663
0.0008116763808354475
0.000105009057869303
5344037308498407e-20
0.00030264152075863286
914418257173541e-19
0.0005092384776500615
0.000253738174723941
0.0023847516631037846
0.00020798645526715715
713567855640331e-20
35321959171131887e-21
0.0024159637225192525
26880463740538253e-21
37254879136227845e-21
9334004816781548e-20
4798184370076798e-20
0.0002403917795380395
0.0003741416196609177
0.00012281960952816552
508458340223058e-19
0.00013329301538539363
0.0002247790806917705
0.0005879831260522785
902252466712073e-20
5566023147979839e-20
0.0008549063085754821
0.0016723087375897058
0.0002085364134726025
0.0006095865175523166
0.0008999926942378061
15339742739480156e-21
27058026122587906e-21
0.0008549687980949945
2061621099568105e-20
0.0002852990104704846
0.000487205621329628
1183482406870867e-21
0.0004711531675569824
0.0002070581786127875
0.00010137697663096872
0.0008872834299636479
5546719436353798e-20
0.0005573526814839386
9107958819819099e-20
0.003663098569329053
0.006005129522494099
0.0012216016449467881
0.00010465895149246994
4241007566258197e-20
0.0002932432275831484
0.0002785133938380865
0.00010518036103988307
0.0007090362644823677
0.000569684543426902
0.00036827877566454777
0.00036785446829615303
6653077978070075e-20
0.002820312026299058
0.0007973784681721217
0.001299577849223554
0.0008200022406962948
0.00011119826139003864
0.0005153978893042473
0.00010727725546281289
0.0021109771122509342
0.0002305612347569225
0.0019394880577641826
0.0019400926135112351
0.0015822087352384635
20925627794498733e-21
0.00010128287560466773
0.0005747560406834945
0.0006412679456776266
0.0003661426604602798
0.00013530331800156229
0.0008631605417923006
2139379444116949e-20
0.0005194424579392087
0.00036592884108930255
3526166117332288e-20
33191793774404524e-21
14209857316542411e-21
2590551123948874e-20
0.00040331879568268223
0.0010407903472096313
0.0008870094433952365
0.00020715829843800576
32742949388008665e-21
0.00024765249124656443
0.0008196687543135772
-13070908561277992e-23
0.0001118843974916964
2339973074526904e-20
28819237308563282e-21
11262772116251023e-21
18217882268129138e-21
15608657155550236e-21
0.0008604660804988393
0.00029867863332181527
0.00021034379954721532
0.0011841406180485843
0.001718287418323585
0.002057515004471763
28801122597130518e-21
0.00048321763161310755
0.0005270857428402688
8400110394969316e-20
0.0002972272462321689
0.0016855440671533107
0.0006141056501789779
5784470764134283e-20
0.0013946105259522374
0.0004345157299011544
8754471767860415e-20
0.00020504148938365108
0.00048670654081440254
0.00027676382253844303
0.0002890482471808694
0.0002970081701680374
0.0010427885571204392
0.0011042737478007278
0.0007164467432412516
0.0007191895008987624
9925295491352323e-20
0.0005900831970136428
0.003014841541800266
0.005459416438509145
0.00043283971545703863
0.00010569036729202141
13290281711194574e-21
2114843811909373e-20
0.00034649572540067437
4882295211605625e-20
0.00013031114030427818
5653079234801552e-21
6392946798299112e-21
5392731896318591e-21
0.000227806107573852
0.00019191093487206176
43940985615327495e-21
958628794789547e-19
0.0003259799499051681
0.001759716876769989
48309290297222724e-21
9284743030405385e-20
0.00039250950659376334
3627638057164678e-20
0.004467935997133003
0.0004372081044776845
0.00019176736005665343
0.0019085201126750413
0.0010279965579811842
0.00038232441989942656
0.002145758305459232
0.003302246293324982
0.0019213872366988052
0.0023548384211674973
0.00047023945316499425
0.002161412904855176
0.00030330242378093794
12913761045740748e-22
7801509931025413e-20
7916861348545666e-20
0.0007515544826539531
0.0008142717990560323
0.000957911664251261
0.008518467410543665
0.00039899167014797863
0.00048482485701690115
1505936059290246e-21
0.001155578236479121
0.0006122548628390882
0.00013280938210372955
0.0010130449048992895
0.0002134979861423727
0.0005779600703753415
0.0005775456974380195
0.0018631449919838839
0.009084193034628343
0.0015740050947112972
0.0016932895554560567
0.0003079264621022025
0.00018517509741731685
0.004996998981664986
0.0008678544439158024
6251243776897657e-20
0.0003836631321420859
0.002576353222829847
7254036736508552e-21
0.0004371568197139336
0.0017092589022466263
0.004939812207419058
0.001482308057535272
4508050247104193e-21
0.0013145720197254213
0.004750110437539685
7066240733481087e-20
0.0004366164939397241
517231323502516e-20
0.0003791043349100036
0.004970076547186726
0.0022614771754889784
0.00139036092045692
7124800446220387e-20
0.0014881920405789637
0.0024501222299972833
0.00027004841451573543
4369083427760653e-20
0.00020664739361480166
0.0017097282897451304
3261451611245346e-20
0.001882427447694795
0.0005783206544779626
0.00027094919130259067
0.000934165928859712
6661626281023755e-20
0.001707588883374436
0.0009824316527131136
0.0002734010720955675
0.00014932127055173518
0.0008047582082083523
0.0004908658645790484
0.000995918916020425
0.005206929323549328
0.0002849766815778994
688743297871795e-19
4500284413121084e-20
0.00017716402857526967
0.0007182793718192776
0.001137681269662979
0.00037326910953452513
0.00010671658703283737
0.00010300932020811103
0.0009847611650852987
10352406314801983e-21
4301421572614488e-21
3059148177386944e-20
0.0010150261271998772
0.0002561145126689316
0.0002146248529635695
0.0014417238626683725
0.0002120101022147525
0.003899069356824086
31801422790827185e-21
0.0004921069514499558
0.0006997339110694594
0.00020176409639239884
0.00022955736891062088
0.0017344177189749321
0.0002871039168958801
0.0003545921639793838
4590255400754092e-21
60522781657722057e-21
5624856135683981e-20
0.00013607813214140565
19327194570765722e-21
32709525958698094e-22
651438282861001e-21
0.0004947581812201204
0.0005145287507141858
0.0008032855825465589
0.0002786781840118581
0.0005576193113055518
0.000379687629502563
0.0009293176992131806
0.00038743575443446937
3105061314061323e-20
0.000406616059310486
4603252047852617e-20
6348643350507863e-20
0.0002916628803144732
0.00023536707441636548
0.00013814398941212823
0.0004962496405063666
0.00024323903676097845
0.0006361449708963591
0.002386384047763397
0.0007605902383736512
0.0038675829554991707
4181359807356661e-20
0.0003801454942859595
0.0001304996142869021
0.00015534946450679514
5084803168923843e-20
0.0006923138034056996
0.0006420246545963756
0.006381065214181052
0.00042385126450561136
0.00014613506456102843
0.0006040392970495921
0.0008920266145742476
7481092259569081e-20
0.0003008212143607486
0.0007199833764428284
0.00016312162110728286
27269807075219454e-22
0.0007036766970571726
5407816778269898e-20
13621010548556158e-21
0.00022112655462191936
0.00030691010373258874
0.00040743449531835114
8784763486698037e-20
684108640654169e-19
3657688732751736e-20
0.0001161409441414098
10215728572785986e-21
0.00011359777184362129
39729442496292366e-21
21605295917385296e-21
0.00018056756898281173
5747632852715772e-20
32862055524004727e-22
3600123565289526e-21
6899480234401254e-20
6352823968583514e-20
3405107288411765e-20
0.0002172581163039038
9356177608760816e-21
0.0001819075870164527
16122763650047544e-21
3664181313931193e-20
0.0015249069673819965
3104625697402295e-20
0.001012466372818395
0.00054889537350321
23423886610624716e-21
0.0002267051900485201
0.00010085096028561003
0.00037934138857232406
0.00048697282013694784
0.0014403090689068076
0.0013069447224009767
0.0003645422817157834
0.0003686202449895332
0.0017769628905647777
8691442487558774e-20
0.00024649369373881794
0.0016818111388336775
6593306421749784e-20
0.00012361751337817032
0.0007625045481678755
0.0004204725025191348
22962446318312462e-21
0.00015500101528126685
9603959128207446e-20
0.0009417694623337286
19969180357967315e-21
11652618447423618e-21
0.0001444813531319344
0.0001119286952145532
0.0006010123744245716
20268703459766688e-21
0.0015827670160806254
0.0034430582494617504
29407375868260766e-21
0.00012713945110386684
0.00044579180114574096
0.0007528490252607809
0.000853813673301159
190067097709355e-19
0.0008946605294543801
4947641620580399e-22
0.00015576223551412333
0.002699268571980239
13034736657307289e-21
1521093373663007e-20
0.00014078959864328647
0.001086211680858578
3006148887838079e-20
0.00039573459652934254
0.0028598275924929624
0.000404988507089919
0.0017291777764654652
0.002193406140430628
0.00045130326052007926
0.0002440484473579203
0.000244201819400307
0.0026122823778808755
0.004893547968009044
0.0004897628283185131
5876251897548158e-20
0.0006396477936418778
0.00016034895537813526
0.00262222512351558
0.006833358805329179
0.0006269013358356707
0.0029839758134985695
0.0020125154805433355
0.0005140969949876875
0.0006352736714936044
0.0006141627682834562
0.0006936473932134695
0.004665295079658848
0.00010196108554635744
0.0004326654693447328
0.0013601984430331115
0.0016338028379758866
44053866260322846e-21
0.001713041658389822
0.0006683815262203731
0.000676143464705934
1057152271241121e-20
3781138594902137e-20
0.0002406418590618596
0.0010853655075584218
7518851356730857e-20
27559370126350682e-21
0.00403351200710945
0.0008902039199937595
0.00015382147046088957
0.0005250466664347331
0.0006730281087827201
0.0002529025290338736
0.0002144638615320004
0.0003102823382348715
0.0005945709338111775
0.00021949718678284614
0.0009165206760995046
0.0022601078425291132
2343463451159336e-20
0.00023898326564517454
0.0013693398916134185
0.00016981352326409866
0.0013015943125273637
0.0006062632109987279
0.002895339613223385
0.0009123742167692948
0.00032723666919613043
0.0004346735381996479
0.0008548192380203357
0.000681548729937903
0.00041204027735533083
5611525995207301e-20
8457984769933127e-20
11867671312137612e-21
0.0004497945125685298
0.00011142017382315346
0.0005342916055084667
0.00016509657210383847
0.00023951537025694778
0.000748077314186633
4867587780822969e-20
2471125226703022e-20
1350196864253623e-20
6957963505270109e-21
1234085826088416e-20
13480992023589571e-21
5217454052645978e-20
6533134829840797e-20
25012705738212757e-21
0.0002864547568504976
0.00023381527141453325
0.00017508921348324951
0.0004948619758454451
0.0006272019550881794
0.0005048015612921443
6540892330526195e-20
7621664935806368e-20
0.0007735305458709067
0.00012030335711510145
0.00018837631156803686
6617699371450903e-20
4638940226524354e-20
7253325022275616e-20
7809669700135953e-20
0.0016096928805118497
7287662305740138e-20
0.0010434956894670618
0.00034065137058930255
0.0002895982280233649
4840728778929175e-20
10634664427676627e-21
0.0022353913337029995
0.0008919092764736753
0.0005146323657566513
0.0008841760375589382
0.00014246666499556396
0.0004581151833846343
0.00017079702041588316
0.0006137786335948085
0.00037143173930515207
0.00015561681472369164
9432434547916817e-20
0.0006143563718087536
0.00030117094932758406
0.0012814871268581407
0.005013195173397821
0.004588599457011526
0.0005058938889602331
4030257163968096e-21
0.000705472479530282
4360269749851874e-20
4469314555498874e-20
0.0004898187439961823
0.000509891435022423
0.00024292230320456897
0.0004715597247531734
0.00013564126646704739
30063381922266602e-21
0.0007712739485000817
0.0006481539269251888
42936554496081426e-21
0.0003132142130432859
0.0010392411799724417
0.000633385495228375
1271957636018571e-20
0.0021022382292526114
0.0004284013970490268
0.0008761879894444989
0.0004168184596616015
25693057336310006e-21
0.0005434697791687094
0.00024923918663563886
57165322342742205e-21
9944403279597964e-20
20310234461858806e-21
0.0004736565709638458
0.00025403365725956435
0.0004994873278192722
0.0006126046138854408
0.00012890022211450774
0.0003380763190286527
7261413529127948e-21
0.0006414535785348149
0.0004548538009914666
18223517368275877e-21
7761009989921304e-20
0.0006579978821417665
0.0002466937541009225
9449228617530083e-21
0.00010983817251363019
0.00028219340239505714
0.0002685812579347293
0.00042995715591715
0.00032621518550681133
7741259463544167e-20
58555367845212966e-21
18090339550768824e-21
0.00018088024657674873
0.00033091429098950796
12793739921658955e-21
0.0010818554464193625
0.0017519157438059527
189167891647221e-20
54958824258490866e-21
0.0002966685983657722
0.0001797220459657496
22384119667239928e-21
2941889019281815e-21
6433604680102833e-20
7225826205618135e-20
0.00012277736109100426
0.00043051881832011947
0.000225023415233501
0.0004115686268668735
0.00017339856047485154
0.00037278873152971824
0.0012125623523820321
0.00022101083641871903
0.0003935363806138956
0.0003374866914030815
0.00022730447245969163
28640038746217613e-21
0.0001208034868134018
0.0006369906225147302
5426952192620722e-21
824816434799622e-19
5388011943143306e-20
0.00012148471082334946
9875734838240808e-20
0.0029111645657142497
8781265307484194e-21
0.00012505705366798242
0.00020241968361321894
9228556474756096e-22
0.0002452220470282049
0.0024667425204065096
0.00010227915630543542
9889186308960857e-20
0.0009471337115114154
0.0009357834156141585
0.00021435459678842428
0.0004208047633754448
0.0002892800848440814
0.0002963925382645959
0.00032688339131960745
0.003591457607294655
7653126598386563e-20
0.00047294658300510217
22920037807455226e-21
0.00043252253178353557
0.0011544477137779491
0.001415541597245575
3312270371231097e-20
0.002497539825304175
15252730100522922e-21
0.0017382335405113972
41115104249954095e-22
0.0001386483876546264
0.0001606009632531712
0.0004326738719570962
0.00020223271719980234
9883425353720273e-20
0.0007371846565395546
0.000499888732295069
0.0002015507258889452
0.0003232903475272215
0.0035463195271937635
0.004357938265777384
6314191894123414e-20
0.00028277051526579163
0.0004188096103131164
8790162154307623e-20
5874166112760089e-20
0.00021706273022972284
6188659476708681e-20
0.005927452292012804
0.0002985497973143079
0.0016863403944454877
0.0008832090565050219
0.0005054957410703211
0.00034067673894577896
0.00011701776389912147
0.00024605608918877093
0.0012034481032761812
0.00046480508190673074
0.0007711621598187976
0.002182745707094725
23738357488029547e-21
17150368098985182e-21
0.003353641936786828
0.0024996100565498128
12664423182291907e-21
0.0004041930842425201
0.00021281262894385844
0.00020252725494836397
0.0007250922890371622
4831879838944609e-21
0.0009277860939748676
6612302573027649e-20
0.00012150912672317167
8691995707869756e-20
1987193425433089e-20
27356176152701177e-22
0.00011219193663433095
0.0002899283134751463
0.0009333004926879041
0.001079920865247762
0.00011719746791130037
0.0003153422226960777
33762545741462024e-21
539206095234076e-19
0.0006696707557927042
0.0007274006588715622
7584788707571102e-20
0.0013582139131185114
7278838002831496e-21
0.001015521310840304
3238575797926586e-20
0.0005517757260323395
0.007806483212217797
0.00030043938162102677
0.0014456682375793499
8780564086014897e-20
0.0015074030886836043
0.00032037861688950206
0.004474417755093605
7187350598681342e-20
0.0017646329531602295
0.00012783054540728412
0.002659292678691177
0.0023616687439033963
0.0004455086908393674
6894451950176006e-20
0.0003930095250332578
2593058711019282e-20
0.0005662634981420061
0.00039112938990562183
0.00010190493408763293
3172267752230388e-20
419863479216447e-19
720706201728273e-19
0.001924710434090456
0.0008754221750963901
0.0004965767233214719
0.0038370023754603637
7454818616503202e-20
0.0006611763006914025
21855923346929684e-21
0.00010062896410586242
0.0028421379848277387
0.0019037529731805874
3372473816435769e-20
0.0002833459666480452
0.0009489227878695239
0.0018890787427282422
0.0006527997272530473
0.0006422779885304491
0.00046085505691311146
8263074834085013e-20
0.0010387180074931954
0.00019342344289117786
0.0032905339390311506
8957111933902244e-20
0.00026599045749281573
0.00013978144723661304
0.0016737436748981058
0.002267791821147801
0.0018979413605410564
0.00010271790996822818
6578705587639384e-21
0.00030162351860909154
0.0002612025554255659
0.0029973953637257244
25491844610461167e-21
0.0009467454623439768
8221986978550788e-20
0.000807387431094802
6570915985126478e-20
0.00015777736660879004
0.004054651968892832
0.0021614864118024075
0.0001670357294148306
0.0004164333762108097
79751913135741e-18
0.0001122772770027846
0.012843959858632067
0.0007660903424917408
0.00010487512162004623
0.0008104304235256698
0.0019139989354152664
0.00016797242022846404
0.0011546024654469002
0.00014961010473132666
0.0027607562484418045
4809783389255871e-20
6014571168601463e-20
0.0006586521298000237
0.00012584385715086146
0.0006216388148214033
0.00013472857866043988
0.0002593240191703848
0.00154935024147451
47045352264003646e-21
0.00040037451368234785
0.001295164107180815
0.0003707834790471155
0.0006604764065099085
6723880318588131e-20
0.00016269443285027465
0.0002455756748281538
0.0005546874708443563
0.00015810099406345616
0.001029198660810534
0.0002911447805507186
22206668471447687e-21
0.0002504817957286326
22107821014006177e-21
0.0001489153534053054
5397240225723646e-20
0.00026544458416221376
0.0012933666299450482
0.0005072971544898086
7348808738714691e-20
0.00017154612136324843
0.0010193089122507615
0.0029696323155921417
0.0001448232832870147
0.00015830529589248
0.0004915422460136609
0.0030032134632610595
0.000930554655283155
7284940175948253e-20
0.0007681319723233837
8466826063384148e-20
0.0017369455967687368
0.00023802890407695316
0.0016613324569829766
0.0015880745551173573
0.0001283246307882111
0.00032815115065851046
0.00010596034329311851
0.0022529251543964303
0.00024270398484995653
0.0007892345934967376
0.00046419716327207773
0.000266510032431642
0.004551678547578361
0.00046019539701453756
0.0015195084128719874
8248895285239454e-21
0.0015145825058601426
6372198816372132e-20
0.0003480430264674221
0.00023129621280793664
0.00011287574660108436
6303838450053397e-20
0.002121947607957636
11585952098579198e-21
0.00043678066706268753
0.0015322204153786242
0.0021414595475182058
16766932980702066e-21
0.00044817260320490214
0.00012768306263323932
0.0016287825400708863
0.0006843317584219787
0.00020416872485795032
0.001632718415916647
0.0009616790878147228
9607204529534062e-20
0.00016577856093839857
0.0004094459228006141
5062615139707164e-20
0.0052456802199510304
15934470411207055e-21
0.00048608039260731933
993079923554381e-19
0.0005896377274873906
0.00025330380941651913
0.00021289771835410166
6605017208386425e-20
3859260439892308e-20
0.00019455306133802708
0.00036028802981370956
807267097308201e-19
6600905151879576e-20
0.0015608406355214377
0.0006202679420626352
0.0009918986502863566
3530729860170032e-20
0.0009585799048117891
8155624530430702e-20
0.0003050182395700586
28053033894185056e-21
0.00012740482624168186
3645082351980703e-20
9257798205193396e-20
0.0011422847708729604
0.00013531250951003834
0.0006093473429358268
3721504904660189e-20
0.002781049144031205
0.00024555142945844124
0.0008122106155757264
0.00029664813081507405
0.0006193718493649595
0.0004174790569387097
0.0006783246771052812
0.00020885862934417145
0.00038084609025844883
0.0001831431775078333
0.0024731805378448565
0.0002751271865823014
0.0001018717893722804
0.0007122424224741576
30115772123713875e-21
0.0011820406176442314
3125772996256628e-20
0.001391832966168008
0.0001486585015685924
59512251117661627e-21
0.0010394096428533752
0.0008106795230851431
0.0009495580634109189
54408502274308704e-21
1288128265013344e-20
23890245811518273e-22
13472212107097974e-21
44027916379456586e-22
3540119031133944e-20
0.0014828689293526775
0.00026325679550523895
0.00012416848127129725
3725092165045373e-20
3453788928058797e-20
11495408033079928e-21
6356132965826959e-20
20993762714598473e-21
19889224537094906e-21
0.0005118373570694397
3095106685209732e-20
0.000951850447869221
59719135174988684e-21
0.0004708020249667108
1064042529019191e-20
22214704378861713e-21
812662912370944e-19
4145729140759848e-20
745951056398425e-19
4563948303848796e-21
20327795470000454e-21
5158475852357943e-21
13005495367136786e-21
0.0027853436158859018
28250511733287475e-21
0.0009912394204097314
0.00017916201838691663
20682118676513006e-21
9994881131570132e-21
592127041943457e-19
0.00014573290751709574
0.00019011786527022874
4764476731598435e-20
0.0009689558897310829
21629369154540343e-21
3055354124849998e-20
0.000749934224238521
0.000644228198496938
0.0002159008503333815
1630245107575374e-20
21680677762092345e-21
0.0002604528545407125
5620196888503575e-20
26242309738890386e-21
0.00014129320747555262
553714754168068e-19
0.0001261604073458537
0.00033388230518282646
31282881123773844e-22
0.00011300922208237278
0.00033238423184555265
28729632522165604e-22
5569735465782784e-21
