0.00023523271166348304
0.00035529284217349484
0.0003031980961449205
0.000941859701148737
0.002030163021465011
0.002184776279613842
0.00024087468290397536
0.0004102731117259823
4601197559705469e-22
0.03923139407338543
0.05335503279380029
0.1909990531264188
0.0012533613683040686
0.02884156736067508
0.001057629130631136
0.0008536236893404724
0.4478216989535215
0.004758296971653622
0.019413331735898678
0.08708697555633564
0.0620325802906268
0.050040841349619836
-6419247249284115e-22
0.004274755837143675
0.0006416468224218176
0.0003951023270074098
0.0012019587447994395
354179547755661e-19
4315838275942358e-21
5871660833012965e-22
-6597325889147706e-22
