0.00010756603034400863
0.00042163347677804427
1314204942000532e-20
0.0003916247090135852
0.0004701745775244602
0.0002792426075374354
0.0011965290883327686
0.002287017765606451
0.00012065805895920627
0.0019626128866035175
0.008373864660252322
0.03540670301192657
0.002196034993199163
0.11514086587956975
0.06450492459249808
0.07380471496307026
23837813646860794e-23
0.1267713910213069
0.06636406773712979
0.004648512124372208
0.10708070707565595
0.010464922098458052
0.015787696690930112
0.18934059907021758
0.006551704813985552
0.016137576212853666
0.039512162843488845
0.03418411320405921
0.009798939795539061
0.0002009360378447206
0.0567867028599445
405684550807914e-21
0.005368479886450554
0.004057311859353446
33564810282883094e-21
1714188600729008e-20
0.00021551655879657196
