705023801973593e-19
9502291645496317e-20
8798949039965386e-20
0.0076851668266865545
0.00010567336430608283
0.0007919038278257321
0.026243174979082087
0.005731194226758203
0.035318276994734964
0.138965585110625
0.040270123026344105
0.014866098683149037
5025592301943114e-20
0.0038611076627039003
0.09983035234873229
0.10098979816126115
0.057169261820629
0.13792741112473206
0.05938157117946497
0.00021825693518927864
6757815110608958e-20
0.0001443716442883294
7951373495319463e-20
0.02235102869045323
23573457104255515e-21
0.04567102494909252
0.06455894174243161
0.06952417749990782
0.0018052773652872582
0.002132073940573349
0.00013469441404049287
0.02930625779105072
0.022059743040658473
0.0030781989638392865
0.00939358001249645
11237620421072203e-21
