-9923507262491323e-22
0.0002096986102817703
0.00023108001918689986
0.001253996668838731
0.017450757736002145
0.003893335079330041
0.013497414224282604
0.008665109756272944
0.008405308026807307
0.08520294768950731
0.028345820181279686
0.021925412480010578
0.002704439466776189
0.06882395608223864
0.31914075372820006
0.00764887939133975
0.0018970468342385817
0.16734822276735647
6985566694982466e-20
0.0009233284369837723
0.1028348867541018
0.0004737365220306547
0.1288672934616723
0.0008336707698723424
0.004215233712907944
0.0017155156241708738
0.0002058972061192884
0.0007357715169009275
5435240943265287e-21
0.002476852695968414
-663999844956531e-21
