0.0003413867987376472
0.0005681271395308165
0.005940787300285938
0.02268930881134265
0.0006123636839257411
0.06604671630728531
0.003910243069374498
9507126508142733e-20
50193984347818065e-21
0.03896843851167128
0.0014069028777063323
0.054381759604112824
0.023765583746738393
0.01144845467518825
0.05949900067975859
0.02688147540910299
0.13774611575185947
0.23468172822160524
-8442773771038944e-22
9625595433462688e-23
0.04166128110893592
0.0023343525297321917
0.04723435825998079
0.02585791827840865
0.03186933810445404
0.0060709264493061296
0.05762428969331663
0.001875428298706894
0.010630245232075812
0.0003423104968019856
0.01252933693547568
0.007128278504340291
0.01473428117176847
0.0007095297260203701
4013163890577527e-21
0.0005556495249851775
0.0047368574534952775
0.007167807708020693
0.018839259560554815
0.019061627983497077
