0.0001543994020676398
0.00013873507522598142
0.00628878938626178
8945656692193986e-21
0.004763664050197487
0.01994419619239788
0.01447977763397737
0.054073730793391554
0.0003866026630377283
0.000603833314908725
0.21396048525413877
0.02052627188171253
0.19226592421688338
0.0010333628000540214
0.3131428213893079
0.012035177413315319
0.001669175630709883
0.000551779582306922
0.03762823741011528
0.06012023753805846
0.0009102516872655785
0.005048079294588619
0.000595762081944043
0.0017911341917934236
0.02162660760395098
0.003961914750355465
0.0006893566285746185
0.008166390566786091
0.001830860736400301
0.0016034951735801465
