0.0004989807433953159
0.0019170193906241741
-4392504694043049e-22
0.0008388925020050993
0.007285771692192155
0.003527213135331756
0.005569446034547393
0.03858863839395469
0.0007745464497088524
0.026272261468455686
0.018671785942232868
0.014731017694281331
0.21677746957918453
0.15963355287135494
0.3655814259764974
0.0002059536711947401
0.0370946636162015
0.00018008654468374611
0.0017416022552806676
0.05591649503489036
0.025166204111527146
0.001603079593144384
0.0047388075622758
0.010689908626733467
0.001069383289320077
0.0009262330714513224
