5272321506171334e-20
0.0004152065153235341
0.001126601334730004
47539481628471493e-21
0.03193399931579923
0.054379560888239864
0.012212814149805044
0.009042185005463372
0.03361927281270535
0.0028217576224309066
0.0077277520885115185
0.20033711041067798
0.02689215488819804
0.08251443953711683
0.01005257209049242
0.005721536026336344
0.013703425267085702
0.0025171772278559934
0.011978773743279155
0.0014951744962559868
0.0011652085126856433
0.00022298234120094067
0.004835002503955025
0.13941323923356339
0.02013252698208436
0.03889946515098861
0.05252816482913557
0.13274494650607327
0.009388688914410453
0.011569760777773804
0.0023456293936076314
0.071363197457307
0.0006968161124815385
0.002815189921556261
0.00216387569383887
0.0007171123875805307
0.00024050453947039663
0.00016591262528900682
