6659864655674601e-21
8653230237051403e-20
0.0003906609347651751
0.00017369531486860715
0.00012697130052527375
0.007448204050502478
0.024377828917497606
0.04697827738887148
0.009593680719408615
0.015070387482124668
0.14260056948545896
0.0017751890100384526
0.03774231558960717
0.010964711306567301
0.0289180992182017
0.21089659101792402
0.007081550273039395
0.0861215517320932
0.0005040800875297869
0.09459280191445474
0.013459856942117118
0.07509157413291251
0.00017387870764114244
0.010886133609131689
0.007243104593937191
0.0009304153980735401
0.0003086887594043714
0.07214183272203326
0.012169218130180601
0.04378932508341172
0.03768181442927107
0.0001393032348954915
0.00024339920282377721
0.0001994656207368683
-6746391303982827e-23
17294162940756764e-22
8996957054356936e-20
