-9224527169361934e-22
0.00033085427356935787
0.00028108026113118255
0.000660993342193615
14035800996350241e-22
0.001170900747427567
0.006337419875619662
0.033079151615472716
0.2007774689440726
0.00012445287328020265
0.002457245507071508
0.04916283611136573
0.12937322839160417
0.0009732500338206834
0.3891323362850738
0.0002930432710703055
0.0036652595393550018
0.008650783633463208
0.13873540735291703
19024504603406968e-21
0.007347520063264838
0.007917588682134116
0.004388199001681054
13621807982365126e-21
0.005490980320669882
0.002377808650039892
0.002113039661377004
0.002981300306920039
0.0014675868632806671
0.0006781154797523854
-9785275967091773e-22
