5622201123666598e-23
0.0005774880653763798
0.0008953139764131752
0.0040204107371011625
0.001021831815976877
0.0013249851823425032
0.000812649061035117
0.00342832302290539
0.020965679446774747
0.06237819714248807
0.011423110845811074
0.0027403846301220273
0.03917334011061214
0.00224442580167855
0.0027766984964284046
0.511935299463653
0.026300498280154537
0.07591439782613912
0.1160488804650806
0.0086258263795929
0.06189859395906689
0.015229727087120257
0.0011022415750444627
0.009821392041563041
0.0002213398531148369
0.013341035455868852
0.00031356593079933976
0.005366197327196986
-937544072334364e-21
7396769338387854e-20
2507964921678326e-20
