8872581799242727e-20
0.000571013744792184
0.00013481163728766666
0.0008525476372544034
0.00021850121591187658
0.06488521661805216
0.019160622089361642
0.004371321349033605
0.0011024072997710176
0.0002006161447533822
0.008534214662156444
0.011509466796988601
0.04529795099735447
0.01935699782855482
0.030738057760468878
0.01942310324587568
0.06874364002123325
0.08658536262217409
0.07283022809631014
0.23650453468056837
0.00783539328613042
0.01500072581298075
0.05977539553041498
0.034413945441730605
0.0003334497012595807
0.005703799108820939
0.07413097863250849
0.026834663111198087
0.06122052227987225
0.010003212615410815
0.010034613031943536
0.0035432817164634594
5794202417893072e-20
2737441192102977e-21
