0.011690483989770536
0.00014453913590389386
0.008432799039658113
0.03332853803067477
0.0038779926893046835
0.009275029741112089
0.1452007468375545
0.07424988556246288
39600911525705834e-21
30121182874853568e-21
0.00028054671711083497
0.052594914867919396
0.206219409646499
0.026805358302224774
0.005905383256056687
0.013612475347831563
0.006307539043522901
0.007004902574968833
0.05718131977167831
28375597233879293e-21
0.05178896690033929
0.0028658194178796423
0.011523776771445459
0.24643299235499755
0.0037048464477805374
0.016297143860174466
0.0012265331489258748
0.0012696080311109727
0.00227951873481284
63813988995805e-18
6175826349645226e-23
16859591072087897e-21
0.0003200967483136568
