-9662529649101797e-22
0.00031187187393256897
0.00020486622494946156
58514114054612505e-21
0.0002672486665188986
0.0003415299272854538
36679502929347676e-21
0.0024358538273930586
0.0003570067486570642
0.0003299659231723004
0.004754228861082
0.016293953547070306
0.003153249572509957
0.2126961982268709
0.16241457795983436
3403088219819004e-21
0.15483514722338337
0.01547289014482569
0.2625034889325375
0.02358064305940994
0.09658691463627614
0.0016154169605876732
0.0343591771957723
0.005009938933598076
0.0004659862833340271
0.00023857801566066553
7290768593039544e-21
-8457060350766211e-22
0.0005076033909847131
0.0009563912216728495
0.00020319712788382775
