30468401572851305e-24
0.00036976613179830675
6489573830645968e-20
0.006060923486299747
0.00031491905497696036
0.002098436601380236
0.0043181228754076515
0.10252166114529636
0.0010522470677390837
0.11031386247835198
0.01911781194706842
34186448618893825e-21
0.00015665491915093697
0.005603500538179087
0.01605164583845642
0.020739663844430434
0.007602480886587205
0.02019895676101029
0.008259265413936293
0.012196473370074432
0.019863296994089077
0.19725300933208575
0.06192612898070553
0.0010148076738545903
0.08605152916839617
0.1031036826840275
0.0707743378981242
0.006055393615392707
0.023980180275495366
0.0014469531646364444
0.06043785445107474
8492828195138899e-20
0.0011747032288669625
0.0235644196352396
0.0004234237734492594
0.002287284734631916
0.002371943971999073
0.0011106171205088494
