1030712352146794e-20
29715793397230482e-21
0.0006209881380110152
0.005295850191270629
0.0008612942772171892
0.003083683244422521
0.0022230672447432474
0.0027015850042800328
0.0009232641836691791
0.021600199458718647
0.002330988203201278
0.06331439086601397
0.03542241316805751
0.07129455484284562
0.006707824165018928
0.5346870046636077
0.10560843653385446
-9481329450458798e-22
0.018938530871956065
0.03338818487023378
0.07125888271534007
0.0016513982248105772
0.0007265700994976017
0.013355814411847279
20109600736827867e-22
0.0018942197347487767
18010262723272183e-21
22645802164084254e-22
19774245647543093e-21
0.0020303598359053435
-6397819061675556e-22
