1470827136655497e-20
43381116686618386e-21
20378023389907985e-21
34072476107224787e-21
0.00128214652698386
0.002368051133192751
0.06535899323274086
0.00018503374394719665
0.00031319561201441506
0.04205811805127913
0.053243398667838004
0.05019505127006068
0.0003420794109561208
0.03003874657549833
0.15184073752529115
0.08262333717181743
0.0931435327725112
0.021407945825382073
0.012769873609816516
8063436000147046e-20
0.00051873303238576
0.00894847548139171
0.028854769769956375
0.12883016226211857
0.0588661154017119
0.0583555196442427
0.00143042187632082
0.01099890686987781
0.053284427037472215
0.0010331085458034597
0.006084809348793431
0.0014243905098963474
0.002463651302922238
0.012476830824193458
0.013464295712729826
0.00559064916402928
9228437051230124e-21
2089402221416437e-21
