0.0005783809706618991
0.0001863973220978187
905203723880815e-19
3103610215976747e-20
-6650838173596373e-22
0.0003657529664716884
0.0036088633151663756
0.000397848490505457
0.006884667943215756
15810745458047016e-21
0.023175672543464188
0.014014618226653086
0.023518299888109648
0.030748111659424253
0.01449560155605673
0.0005011495034357644
0.03363120142749623
0.0004923784120875114
0.16883886249515467
0.04893054967201743
0.1271006527231658
0.019704302880285494
0.016541278217022188
0.000446975366953447
0.18836395799586086
0.027214283887784213
0.02041246772805149
0.05175378299727247
0.00042551102337006153
0.005878405326350725
0.03772327201937285
0.03815744709860996
0.034186006121649626
0.03480930189022872
0.02671975479485219
5713896967773425e-20
40243128482436876e-23
