4986830000927155e-23
3244152778907938e-20
0.0013300883376963077
0.001051366256906365
0.0005516279886688126
0.03715499053833986
0.05411015617993788
0.06181845661502349
0.04051281839743574
0.0009386501944350555
0.02237101057444922
0.014203865493343173
0.3472541600189809
0.07089980213920696
-9470477244790842e-22
0.12676966848216809
0.045936852190781516
0.08743169998548107
0.018426994196721048
0.03949774464419864
-6135095529383704e-23
9935356900872402e-23
0.014346074346615254
0.0001360213037459087
0.006428357501837513
0.004187585867538833
33176914390725776e-22
0.004582228265358381
21798371103396873e-22
23683135846753097e-21
-9825342445731603e-22
