12983365875052719e-21
0.00026693472109982176
0.004066533199281274
0.005643328180369116
0.0021978970281382013
0.011870184072720011
0.06724317148424779
0.020742688516043495
0.05643512474102498
0.0035314515552516365
571083114965114e-19
0.020777488098002818
0.033293023148088574
0.040885649074876865
0.017036853639950562
0.05785422478837464
0.08410620501745987
0.000701180050745608
0.0008133315764955174
0.06951031806522401
0.003461731726123184
0.03251165993928326
0.11151745276570216
0.08114048174733636
0.026015816755413874
0.013194648416189912
0.0002803163992988741
0.0023395446276917283
0.00012054884002447944
0.0030712083745710397
0.0632428354927308
0.003670874004409238
0.07609938870428079
0.026403871526997625
0.018047834656024647
0.002612053886412266
0.028908027312687455
0.00018869145845936693
0.004265267281080883
0.005862067450515806
