2208408831767949e-21
0.0007475735720200955
0.00048719142973215296
0.0005697167501231672
0.0002575467856130483
0.00020195193684367977
15452688937166146e-21
0.00013146241674893652
0.0007098080539434688
0.0019531974623497065
5744823953781581e-20
0.0006003343090851832
0.0009496569148180178
0.0005983123830670794
0.0024745108741305055
0.0007207778953407522
0.00016650836712825737
0.0015726079644606608
0.0003144177273764052
824972966480518e-19
0.0004125987141803697
0.0018960338487691596
0.0017067799979008204
0.00031598390532241457
0.000755627517155112
0.0007509210889989885
0.0005738544884636215
0.006506441611200961
0.0014290919176868661
0.0014805522286758627
0.0010212163870374925
0.0012215603520321857
0.0037561592454338514
0.002127347782700649
0.0009717183416549761
0.0009748659876742649
0.0020675451220718817
0.0007355059884523574
0.0016856434379226876
0.0006866731991854097
0.0012090419631972178
0.00022668330605788039
0.001036001803976552
0.0012922921355040954
0.0006907239546782665
0.00040071313379964966
0.0035183020568869345
0.0013711126843010167
0.00019219958005085728
0.004011213664796403
0.001447341806988292
0.0006288135708095719
0.0013220312978504197
0.001049588311666458
0.0004663119094229367
0.00038786236900874917
0.0011261275463418526
0.002140973686951605
0.002926490139824911
0.0008421969466429401
0.0006198304034283012
0.0007393195972977523
0.002239631846381032
0.005743762494191353
0.004957198782640346
0.0017575524955201623
0.0023595682985180105
0.006563146001678644
0.0013031546304520338
0.009157679198635861
0.00391930067226298
0.00750174911208395
0.00021002645750337916
0.0007884431780983295
0.0017486147939612352
0.006159056968276393
0.0020873647760313225
0.0036946999600955483
0.0008451682677366909
0.002226333433626562
0.004521960647615802
0.004197653886734091
0.0007312554391845636
0.0025555924975057104
0.002887734061673219
0.001317810276351645
0.0028101171443942552
0.0011521255171870718
0.00029721183315914885
0.0016926171869111775
0.005347112079653862
0.0033110547721061636
0.001147472652908387
0.000799427807297978
0.00032309109729976694
0.0013890226736871258
0.003212558174998208
0.0008704194864052424
0.0004973153623527767
0.0019634020603833606
0.0006529070071407314
0.0024145021656361834
0.0009688440588277683
0.0007234184935613889
0.0018363194096269189
0.00572623190965715
0.0017344514672880812
0.002837374206117331
0.0018606490113030334
0.006629203142951356
0.0013608923501266163
0.0017744841968274012
0.00031448270053195405
0.0030026929667362275
0.0055388297141725175
0.002052737779765552
0.002695570913590341
0.0003239010654169234
7756224310020141e-20
0.00038584830402371283
0.0032649130717297492
0.0030339930404564472
0.0003705396593135785
0.0036123369447117193
0.0037045916769620868
0.001198344735715884
0.0006481056829593111
0.005289898482788358
0.003009108825143729
0.005882422882144819
0.0015171589436680354
0.0003722175918323478
0.004357025342140445
12457637994448804e-22
6629913145821299e-20
0.0007599015648080045
0.0007948873176422559
0.005466288690867218
0.0006048156720413359
0.0003624643819785698
0.004007690097234359
0.001206283701694584
0.0018368538897803885
0.004148535717088286
0.0018458467227218133
0.0031003642253453582
0.0016944701846988704
0.0008196446849403819
0.0010158200330182903
0.0012482778986253058
0.0006486696231115684
0.000790119207468738
0.0006735222164789402
0.0022471857541918753
0.0003480702233720311
0.00016973863145009204
0.002158819526095117
0.0010308034278461102
0.0004258300680992496
0.0006356707494559545
0.00017435697395186783
0.0012241591373929172
0.0005109561788445279
0.0005933308915109123
0.0009751306059047812
0.0007068487612393432
0.001347333832967327
0.0019130868668877628
0.0006778631550175118
0.0014119124457033477
0.0011610573870207343
0.0019426142124251648
0.0018517940510082791
0.006383024154477924
0.0014609164843760178
0.0003601558439497749
0.005109266616513062
0.0005272196804208621
0.0017551647009712771
0.0035411068353142
0.007423251379704382
0.0014856582978479943
0.000688954191460468
0.006611232889653765
0.00031405871506878026
0.0027010928199029454
0.002259630699112971
0.0014104421763913655
0.0024278218733051445
0.0004995818445933151
0.0005713770577670249
0.005264836211266367
0.007591401738095083
0.0022132807293238255
0.0008650489159512871
0.0002602906526805995
0.001224390697905205
0.001246098504981373
0.0037057640397953804
0.006094590958008714
0.00037131750953358765
0.00046169001001415683
0.002245378936397174
0.019095598876732726
0.0004010785005725852
0.001684029783848318
0.004189036288539458
0.0016892349939419862
0.0073401792280754835
0.004964159781292792
0.0032097396006271427
0.0017900730976248397
0.0007043776930111548
0.0007803331966149881
0.0025796990907842546
0.0023736472703528985
0.003881601889916447
0.0004813000921228682
0.0006211720983277005
0.00166407631730255
0.0024749628569975942
0.0008388571594707863
0.002365785849188502
0.00018981858615600895
0.008686815400009387
0.00183921182582358
0.002112563884558321
0.0006410440100754076
0.0025712270070487194
0.0024170427706008924
0.0013592119522823894
0.005472098132325296
0.003482988944873637
0.0023057660642263464
0.0022242873439170373
0.001245998093203908
0.0011116434595492997
0.00688261283043706
0.001643363458792825
0.0018636866356546238
0.01019735210155628
0.006377201715721576
0.0007339715486338396
0.004255984487114707
0.0028014678045082918
0.002645832012685891
0.002825461289231056
0.00419015773708918
0.0032189211420577167
0.002020662773115117
0.0009557292611143526
18435351750489662e-22
0.00015380129884962857
0.0022633764080961473
0.0011286793960945697
0.0024923549465304864
0.002093916682255622
0.004809291718189762
0.002718261084068686
9423344289432838e-20
0.0025798680257965944
0.0005016646138091194
0.0018880406262123828
0.0004623742626060269
0.0006739305116592348
0.004840570939531734
0.0017881050252705876
0.0006486016861472947
0.004287979701691762
0.0009155346212475715
0.0026590709772087153
0.004919155372082951
0.004325378754899315
4794585776757423e-20
0.007527144967298427
0.010375145463968278
0.005353519876658665
0.00489384374052615
0.0033499739685461222
0.002595948147969842
0.000776713475651928
0.0008687770505139612
0.0023890400485196022
0.004738057513196246
0.0025899008001524916
0.005623791142618888
0.002972996771419068
0.0025263854391199504
0.0019835806860139167
0.00042459270083778717
0.00633040206372669
0.0023098390500250346
0.001533899223046645
0.001087379750393423
0.0018681392421212486
0.0001306948467931643
0.0010075371786588834
0.003498832677456514
0.0007972595285856582
0.003157208471817838
0.0007322818670389508
0.0006557710265884899
0.0006505751252723959
0.0029293395098988987
0.002657986175402309
0.002577829107185363
0.007158360565075848
0.007691589009827113
0.0020412869605450175
0.00036794693349314326
0.001303133572182637
0.004799272114357412
0.004569823700753689
0.0005978120205777095
0.0015118940967858414
0.000243756951377776
0.0031715016216633495
0.006461876615656223
0.0005165941813288604
0.0015141744095686133
0.0012350486239223453
0.00296348726046568
0.013117392313190007
0.001369977281878782
0.001092259077687985
0.0007136391243646736
0.0004418401046326074
0.0013144491776571029
0.0034500815668831483
0.002352441078189324
0.0037905648819835406
0.004218804921347639
0.0019677723219098985
0.00530172111920957
0.005021410786140317
0.0012515393067161118
0.004457065455145615
0.00260403800865074
0.0005726201028577199
0.0036644117059835804
0.00249995861982085
0.0015259201649827903
0.006920332736440915
0.0008096623820427186
0.005702568546251013
0.0017927633974503254
0.003222329258216188
0.001569083372193903
0.002428744388463701
0.0009802180683217354
0.001601303907362973
0.0042719467022057315
0.0020045116266925182
0.004960187942415719
0.0027944050912898965
0.002176710317499892
0.0009756922244782077
0.0026082652365938003
0.0016173458956233475
0.0008250021796101574
0.0023024856002248793
0.0013760439197157924
0.0018531855441465672
41905206168724446e-21
0.0004169718222464034
0.000724400042980454
0.0008142586322530062
0.0008158688155285706
0.0022156120212890673
0.005003210996609791
0.0013238891028242736
0.00044445735170878497
16148808112508566e-21
0.0009110207845950706
0.0028577496351810208
0.001477673595532786
0.00017577459060158715
0.011472662886897673
0.004055178373471146
0.003752088223403082
0.0018067018250749434
0.0008412722446407081
0.002683679171493265
0.00046902404884952784
0.0012206687710468707
0.003704360765363043
0.002135742579321694
0.005474577780732064
0.0006656936789649772
0.001071385233725667
0.0018495678795729888
0.003435091825042888
0.0007114165116217915
0.00010996350392460208
0.0005462415301327281
0.0003036098963016716
0.0003074844853466536
0.00028001130788407206
0.00026474232290851204
0.0006318953441822368
0.0004702572151209947
0.0022220282755198504
0.00147908492203883
0.005477440372496082
0.0013301945154680648
0.000314683688480773
0.0031381857862538428
0.0031129294591379017
0.0029045098244856004
0.00033518514871406005
0.0003630807900767278
0.0013821663056789333
0.0019671733302780185
0.008220540283643744
0.002890074348280665
0.0007389000443981524
0.00036221077093891396
0.0003552998111597516
0.0014060823588390894
0.002003693897040907
7812555228861428e-20
0.0012296952572078525
0.001033067179853615
0.005839446280129129
0.0052537693145973475
0.001097819949277363
0.000506229583199727
0.00016028824426548384
53255092336324795e-21
0.0003388380090073135
0.0027933680960984452
0.002425653728478534
0.0011004124077848895
0.0010888487380845086
0.0008436846177568073
0.0014942904546328287
0.0009715940122301669
0.0019455266071161206
0.0003274153716033073
0.00010478409403623703
0.008726701126210218
0.0007649773762836228
0.0017499156334714403
0.009706487967364015
0.0015437523180766187
0.0009627807728725694
0.00039589624988930496
0.00021880596531959897
0.00023224196912068447
0.0006521391174938954
0.0003464266542368317
32430500841369916e-21
0.00020892173101965886
0.0003295883290400905
0.002369907613110595
0.001331264075111749
0.0018417491399777164
9118473899967199e-20
0.0011352783078398992
0.00029241047376290277
4928852455857244e-20
0.0004271287243530279
0.0011029589611783034
0.00040498063384517447
0.00014721231540196607
