0.00022264544907219013
0.0004391012283872205
0.0021191669545974445
0.00033520940551064654
0.008609835305998528
0.018047275983696678
0.002869163986050407
0.004916820234950515
0.0757079898827329
0.056893054926119
0.02046309580510577
0.01593061714095165
0.018549609121913918
0.001876321495205444
0.0048191226452665
0.07241136764477299
0.003721920418679973
0.01572993556187794
0.00023040548226944808
0.0014625724285875696
0.053218188481995124
0.004514101463384518
0.00885126766234418
0.11649017180549431
0.01006693597072072
0.006615273551947225
0.0004082813966430203
0.00032863323723678864
3220386700322752e-20
0.010838170329559915
0.007511287707133239
0.011594931626520009
0.0031165198708024196
0.06888436868109776
0.002886533301431769
0.026631924704450062
0.0027490265111766894
0.15318599938538918
0.02820845356049378
0.003956856287975913
0.005914101734138291
0.07714213052196989
0.02605800944591319
0.00032435554957393196
0.009823165640145235
0.01100276285813558
0.00350805125898754
0.0026068282318566856
0.009199619302799536
0.005999688122502207
0.002824375194420021
0.00015255163501096342
