0.021595625277148745
0.0026851038499452686
0.00036265932237502504
0.002704562349577309
0.0020077423332776623
0.021077067223219007
0.10822986088639115
0.017120641995979
0.030770501222476154
0.008615951663719808
0.2050008787626789
0.057429269244784295
0.019535592359855563
0.035094439109347814
0.0016719730774028066
0.13670446105418416
0.0017065263752590535
0.005490192898972476
0.02384038491060626
0.08074959950963936
0.01529549616333646
0.14277733095836315
0.023163211958742772
0.003642722682182588
0.009465127350176995
0.002615106990332729
0.0024807530865547543
0.0008113987803232144
0.0017641130399863318
0.0020561013676268906
0.01203296568025899
0.00019125304822475693
0.0013113854670502938
