4311711044232903e-22
1200429051912589e-21
0.002622119419516607
0.001356044405104127
0.0012860547700028816
5559269842455643e-20
0.0005833061359275623
0.00014021952097899572
0.0001348071544117564
0.0005814607861324246
4899914482310913e-21
0.00444147794665231
0.0009520464598624843
0.0018747429964298973
0.0032057482419561604
0.00027805357277618786
0.00014045045323263542
0.00020330478394973173
70280958776862e-19
0.0003779754929392368
0.006687282157741313
0.0009159376109140916
0.0012710265988780832
0.002342594421285234
0.00033278373108180535
0.00026976494047135517
0.0001098141392702536
0.0018959222369637706
0.004183501937118825
-957997151704376e-22
0.0007316497006345536
0.0002900054886096059
0.0015291206969882888
0.0023663997829189054
0.0035112833049296566
0.0006345435149289742
0.009365526942499224
0.0005122498032454414
0.002667353686149211
0.0023404086141576
2978028224718691e-20
0.0011350413158670327
0.0012334844809262988
0.001913460669815766
0.0014484832763713245
0.0001467555362358578
18165582214126688e-22
-5229451529091621e-22
0.0005585231285426765
0.003364133330589408
0.007075483910674826
0.00226274509055301
0.0008228308430996459
0.0027475793962089216
0.0022621211983584024
0.0016388837731763778
0.00811866428392734
0.0025607976007002817
0.0015862836894884086
0.01030803644994896
0.0020441394469792
0.0003126362049450293
0.0005082271290337601
0.0014616259601463618
0.0018087981492282434
0.0017479294588190252
0.0003868335307607201
0.007369879542189361
0.003926831677137812
0.00052627729321261
0.00896119601068384
0.00048584926808101957
0.0006267584744540591
0.001310074845361914
0.0027660456824275
0.0007959818911405704
0.008503998839573116
0.0017902527970132507
0.001587294970470183
0.0028406653129899088
0.000673739148192286
0.02245745240809848
0.0005526097281105698
6346785148690301e-20
0.00047343515238724076
0.0010386948798296908
3643914522397472e-20
0.004314039956715443
0.005918599027980705
0.002725743232249357
0.00028124345233343685
0.0035745305219274932
0.002177027677213898
0.0013325724282110447
0.0017561623757998868
0.00012028772232989778
0.0030123914047172334
0.00011818065745621441
0.0008132525893702926
0.001944389203060391
0.008133230686964784
0.0021071398244603546
0.0012781809848647575
0.0006315817156561266
0.00010448754719301906
4297726411821585e-20
0.0014440166758966913
0.0013704971667209843
0.0007450693045589615
14452669314844346e-22
0.0009168696481531578
5871138083463311e-20
0.00039895313250955597
0.00038187173173559366
0.001633675891316703
0.0035488341731061447
0.0007453604479729837
0.0004098858112445657
0.00017918299226155732
0.006160608190462419
0.004854163739225271
0.0001517190100397844
0.024765335321091975
0.0021794711867767005
0.0026178921177538944
0.0014232393384344742
0.0025586382773559544
0.001159278824312535
0.004194036654075707
0.002340521523926744
0.002006789785099856
0.0019738024362356095
0.02990307809567136
7285092611752888e-20
0.00011546908357850214
0.00014122330525984827
5743004792878331e-20
0.0029466658414414254
0.0014472614524245564
0.00020838309999113804
0.0004533926055506332
0.0011438095539599577
0.0003267224969740485
0.0010215338532537361
0.001279875536012755
0.005847970254901981
0.00048648640644233075
0.002059408710275442
0.00610585638061593
0.00011505657858635364
0.0006755466263024495
0.0015606094143521209
0.003659123105945441
0.0024223400069459606
0.000927951581524636
0.0008443369280560516
0.0003965889504384299
0.001671160716821005
0.0006337724423119183
0.00014483920739579884
0.010146850367262462
0.001491641374870208
0.0032345930191803266
0.0020050754352389168
0.001212040206273916
0.009916138008311348
0.00926446092890829
0.006644239185185523
0.00020177319976261358
0.00010273779170369287
0.003749087350380549
0.0006105452184400833
0.0009070111933041047
0.004003027985603713
0.008509818647215412
0.007072270708430386
0.0006245842590440831
0.0017578043096069553
0.0014705856352943514
0.00524494100543559
0.0012257518592690788
0.00045206141316672476
9369946875408824e-20
28928180128632972e-21
8887982065628676e-21
0.0022262522768762586
0.0039334969363728585
4758715598110996e-20
0.0037823244365566234
0.00018126678188063353
0.0013354730573475334
0.004258355905915647
0.00036759884321903156
0.003966418834909884
7471311339568455e-20
0.005708079527076765
0.0005702022310464189
0.0008159071197770433
0.0009552211796939761
0.00135536574553869
0.004271553902419525
0.001278849402996156
0.005826770149550921
0.000593304743428589
0.0019907985429587272
0.00017472085817375052
0.00041198811793749073
0.0008931682125420134
0.005230956038730821
0.00463369093216405
0.0009751099739750094
0.003458279412204979
0.0037181800467304934
0.0005879688414116494
0.000260405811600777
0.0009407969682321102
0.003419712457755875
0.005485927583064084
0.0019667796662345117
0.003285804198963643
0.00011666849199328613
0.0004336512635588407
0.0017097864587639186
0.009139695747272258
0.0014608977743715498
0.0008745737458354959
0.0020371229233427765
4575012993150689e-21
0.0009295261069649937
0.0006221001522042005
0.003515818580069924
10212449639812915e-22
0.002647034085782274
0.010048781387514524
0.00040676294313126343
0.0040048325122249645
479480467120737e-19
0.00012519104775027541
0.004146191578008656
0.00025427864562318955
7016720853052044e-20
0.0002398312403516642
21649681120497618e-21
53247748952701974e-21
0.000561355432416121
0.0004048450597623419
0.0012521914995483332
0.0003999548048581521
28106938688329936e-22
0.0011002437880211183
0.007476853890799343
0.002140202824230594
0.00013816837345217013
0.001167850273106709
0.004244307941699748
0.00369502556656898
0.0003653141679035618
0.010879408353859015
0.0036276218917238715
0.0003430295025137433
0.00016268626428992707
27493705477028403e-22
0.005181759489676091
0.002802906457451271
0.004807402206241249
0.0004953835119669138
0.0014013322574188123
0.0026473973985149364
0.006478433635691566
0.0021326558523920565
0.003793833852684863
0.003666434740896703
0.0034818157503736288
0.001101813755329761
0.0054776286471235345
0.003340359278962573
0.010530959914723512
0.0014330347356317347
0.0005543286394385148
0.004885215584221124
0.00037219041160231847
0.001804740842585258
0.00838675503540179
0.00010617898226851747
0.00021714936033949718
0.0002845569104688432
0.0022249771279225297
0.0008555928814487569
0.0033865512722004378
0.007143893191346416
0.0006702501324985797
0.003014307979689235
0.00430532800692376
0.00013834551937468796
0.0021280318554273373
0.0005583655741164809
0.028130790207920295
0.003431648063595879
0.01289735576447787
0.001400105636324654
0.0009201047436379629
0.0003879290895454618
0.0017451752383153653
0.015261533235719897
0.0010687788937217364
0.00046653311459169105
0.0003030124684099337
0.007970652028190013
0.002781133010883097
0.013760815805124865
0.000820497457264509
0.0018682305706563557
0.000607041468999642
0.000356011036898943
0.010321872895400205
0.0010217355601335688
0.00037425408887940847
0.0037934862456916706
42913088511050107e-21
0.0011999319420454074
0.0001956717041618796
0.0008812484117404756
0.00619211757429102
0.000861677083110129
0.0012149711727173
0.0033750797539455536
0.012913317295153777
0.0005593637728374475
0.00016784163464650032
0.000505885634577807
0.0049301104749204785
0.008197915545895865
0.015695111617752958
0.0013520981677064964
0.00880131668701359
0.0028053861036627884
0.0006698372429400398
0.0005198088049342856
0.00032760628335324796
0.00016561732461309604
8037812095663587e-20
0.000783173097595216
9225511596229596e-20
0.0009917733823644834
0.0023592896608598504
0.0005197939836679634
0.0006570033534262551
0.0030506245878935447
0.0013226934016716714
0.0014942832874994241
0.0001473909217144248
0.011950659332508202
0.003874539737230151
0.00023928039506646403
0.00010235334950253642
0.0001090419006797509
0.009983379376187807
0.0028306394606100746
0.0021104502192454315
0.00028803980648261514
9284534859372235e-20
34742906303298184e-21
0.002180513052469648
0.009781228466817858
0.0033402821033324966
0.003646691391634904
0.001689750904525547
0.0009383460372617187
0.00010760613284095438
0.0044415184660727336
0.0014867335807089246
0.017445665051439265
0.0008697838780500457
0.002800577420180639
4195155915470769e-20
0.002721513626831151
0.00031454530137387047
0.0009052803089417052
0.0006714579857030293
0.0016653909456556372
7850776302706667e-20
0.0032692127390437425
0.00031824295769627677
0.0020478924281469944
0.002733154963315386
0.0005115551564599278
5133599675649524e-20
0.0007073397379210536
0.00032917695243807246
0.0010864788875790956
0.0003592408378602963
0.0017310828251355468
0.004172214730597491
819699717492361e-19
0.0026612264838251675
5427735093626885e-20
0.0005461111210664156
0.00037796144056914937
5837275748610755e-20
