0.0008140623465438413
0.0004388512336377316
0.0035640639605138895
0.008757024568868427
0.010198770551313024
0.003316509154960315
0.0010019567192866177
0.0026600715465561796
0.03373275684864568
0.051911572504754776
0.001756410622913619
0.14923211009326623
0.007043956411437763
0.00929618240148168
0.01116505539672114
0.16341123937933097
0.00091655470081492
0.001723284201742868
0.06690822334256236
0.01567270226040009
0.0880186264033394
0.02203310206176929
0.2110932588136648
0.039370903827814364
0.014106947625319189
0.00886525304502314
0.03321678045680899
0.017015981735435188
0.022179368051036825
0.0005271320527588621
51287681300480196e-21
