7557637708022064e-20
9062201078634947e-22
87388081706248e-19
0.00026128415431552756
12483298601925982e-21
4783472118345619e-20
1547622933728062e-20
28092930068774927e-21
5810495440139659e-21
25069891743743564e-23
29970063210216474e-22
558326283537898e-21
5018203461215256e-21
12343900264284541e-21
0.00014138752051670066
650207456467859e-19
0.0001894951326421019
11480683453593406e-21
56083228306949245e-21
6224201711019602e-21
6705389544955983e-20
5311043866570858e-20
0.0001148724662839744
0.00014576753912382803
53264725872574955e-21
3488359053864574e-20
398519054586624e-19
7495577644854935e-20
0.00011436194724358718
15353979588157725e-21
0.00012070246238994667
8644767774140666e-20
0.00019150002931037863
0.0007746394860558418
15686194136558258e-21
0.00011319193737494032
1777996623593625e-21
13893745748575066e-21
26467406572898862e-21
0.00014250565906014
0.0002164743197374312
6504350527863736e-20
8914547054590823e-20
0.00019206265792054701
0.00033965682367552636
0.000460342133809847
42968374641910084e-21
0.0004189492107067339
0.0008261202770056117
0.0007311797753545976
0.00025271778423097553
0.0001778049463706489
0.000501677015797728
9027274977782067e-20
15481180652342343e-22
0.0004719131638225501
21477390448576277e-21
0.0007269132961283989
14160404172497675e-21
0.00020190388081597714
0.0002569488269640566
0.00019871223420521938
0.00030190927336122845
0.0014510976632834177
5811550989494854e-20
0.0001257622803981577
0.00024961469755686915
0.00019076898117905918
0.0002124075402387599
0.00010079190401807218
0.00037431477879820685
0.00010371543782654221
0.0003095343586751752
0.00013913762512176453
0.0001012988093878092
0.00021377888002579342
0.0002349355082411155
0.002803400394555405
0.0008368402331291594
4772505605000962e-20
0.00015900196157635026
7442054134265941e-21
0.00029350578595311233
21937656474554056e-21
345281175476787e-19
3067156123700034e-20
2771743224885395e-20
731935441786943e-19
0.0001618806561164252
9153552248068027e-20
9615018631860347e-20
44948347825225786e-21
0.00023066625448960553
0.00011892059579011179
0.0005151252048966163
0.0004992237717357615
3986203196545207e-20
0.0012609872419365282
0.00016366412578633385
0.00011273903162348587
0.0002747577949084176
15818048311015758e-21
0.00039095767430444354
3523260009473485e-20
8470032526707934e-20
7470366624830848e-20
0.00029588166249692403
7729710009054714e-20
8308912824125841e-20
21893737807156857e-21
0.00010840195083867622
0.00011175491107221817
0.0011844869430991435
0.00012993889302481595
0.00018119799447801062
4431331009192444e-20
0.00014972923244572348
29687041861495687e-21
0.00017698870543310992
0.0006661622562783692
8018812136805216e-20
0.0001625823860286032
8380449570705449e-20
6017401237950643e-20
0.005509428044402345
0.0003078794085599351
39982824158583424e-21
0.0006422401723063461
0.00021919202184497857
4933389596703395e-20
0.0005193999602084405
0.00015460353581028883
0.00030410123655119213
6954198853684622e-20
0.0006707975433139283
0.0004230640042396689
4105871054051561e-21
7026333303364305e-20
862578619212215e-19
0.001763352253504597
0.00016135790648265938
0.00037497739761888386
0.0003384969202501534
0.00048161200852773307
12677219765720574e-21
0.00048622734161322907
0.00010313158085346293
0.002244755592970275
0.0002800502239294242
0.0009591738160556569
7197791083015562e-20
0.00023765352263611274
0.00041017533945651616
41071083884321554e-21
0.0019118184241055474
5074658702853321e-21
0.00014329481883398887
0.0007277089394162429
0.0007339100930823546
0.00011228162711827116
0.0012598076678920246
0.0004946658095032054
0.000728137223668473
0.0014160241981634324
22501998341153955e-21
28989350829949137e-21
9399967060706127e-20
0.00021402682255023246
0.000206642617504436
19072955214293815e-21
0.002951062789071925
0.00033630936022372294
60656381796083806e-21
0.001126753953756035
0.0008210750809275768
0.0006241533374528361
0.0003662264152881104
0.00033055970978261134
0.002231059424355378
0.0011617721052620332
10469049245395353e-21
0.00012637481961494523
0.0003406811124036725
0.0001082760411289238
0.0002457794505670806
26503449290873183e-21
0.00046386414716451823
0.0018007867333411694
0.0002522976766170891
0.00011643911032420733
0.0003142715636971535
0.0015807602647723536
0.00015309984561335898
0.0008429190441728076
0.002239914608449276
0.0005577740755313045
0.0018295375529041402
0.0013401337789476825
0.00026971772573294313
6869485580278168e-20
0.0008133311364919891
0.00039228439920835015
0.0005649677206338534
0.00030594979708491545
1310736419226837e-20
0.00040818458736694037
44342686605741904e-21
0.0005113979370564586
18866772369356886e-21
0.00039407959149439674
0.0001616335748566982
0.0010271332398627377
5548367114115484e-20
8124966105602102e-20
0.00022148833963210105
7689182286211988e-20
0.0012697327452146452
28663648166070065e-21
0.0042608651045766026
0.00044751635335042034
0.004170221025043009
5168623249091632e-20
0.00536707213818247
0.0013534852753829662
0.0002765283072285031
0.001234808621882324
0.00040507956500961844
0.0005459136612332301
0.0013974567781764305
0.00143622870989869
0.0016898581637254553
0.00021667851153176097
0.0004382395919712788
6648376330135555e-20
3816104963660833e-20
6049904958241522e-20
0.00032726025654754016
0.0006855055214155868
10063851624526777e-21
0.00022054393110893346
0.0001750255135412261
0.00022275736400335965
8866078586324944e-21
0.00011690230965560864
0.0005099343019781141
0.0005139164527906099
0.00028936627722016235
0.00029099303186158403
0.0009262493136167137
6144917106085464e-20
0.0002920771466623756
0.00037075947175631356
38833132477442786e-22
2179407740061278e-20
9529473611387552e-20
16454546974016728e-23
8262527511533232e-20
0.0017895469112094312
0.0008527243032052421
0.00012204315816016449
0.0005435413813659228
0.00012344462109710683
0.0005571631305503851
0.0006627258196936748
5687680971896251e-20
0.00017265771693856705
6301264610535365e-20
9834715047513944e-20
0.0005060325420121888
8156779665313269e-20
0.004452501759037265
0.0012756005665151132
0.0005650839824615235
0.00011307339200065854
58714463165702474e-21
0.00036868149902452476
0.00035793140186702666
0.00014692066405664594
0.0025499641720014123
0.003305687688019496
0.0006550884997136915
0.0002518141112369708
0.00017725695840630827
0.0008070815958813087
9159575499193307e-20
0.0018992153921108112
0.0002435619893204693
0.00010409024055615285
0.002090078742188041
0.00011068153882331849
0.001172921234800529
0.002876218985115245
0.00041713155416562013
0.00020442486577007947
4954502629140889e-20
5145315469892641e-20
0.0008364224063725908
0.00021904532223529345
0.0003670287352192757
4463361790022626e-21
0.0012014570777963514
0.000822227869020813
17021868630386368e-21
0.00012554263002410087
0.00014999144038933113
0.00020590537937356047
0.0004944211419611387
0.0006338902388635283
0.00011244133565966608
0.002142034753301358
0.000514338838029389
0.00010296981787571935
0.002359383781678594
7749855403580628e-20
710083469049702e-19
0.0003099258482432343
4595714783696338e-20
6866368121922128e-20
0.00013684227520546687
4881248134245721e-21
2269303494803924e-20
16873829115633133e-21
1613736677713031e-20
31057118250906874e-21
1810555454868722e-20
0.0001442158536014478
0.00011459680755771532
0.00012736691568563857
175575983821663e-19
0.0001250774377057772
0.00028336676423098927
35233221742581007e-22
0.0008972906417787955
0.0001161842281166358
0.00010094540565115431
0.0011095503267157128
0.0011474892099478467
0.00016342703103564712
1673579373311832e-20
0.0012573665427158245
0.00016678330385608308
4133948217014002e-20
9352165536662858e-20
7125762197754558e-20
20982936141729483e-21
41899954732081126e-21
0.002104970308291516
4489941139159336e-21
27706077803538225e-21
0.0003058488283309504
1604432629505049e-20
0.0001356530928710074
0.0012124203910449756
9239632651671162e-20
0.00021681407849680472
2855317858085779e-21
0.0011284075529443653
24424232199063276e-21
0.0011370018771727118
29607674141873082e-21
0.0006321689648090101
0.0031019854332968466
0.00010129667857476693
0.0017382455133899937
45108593949760843e-21
0.0007749184169349829
0.001120154224193961
3494200417865772e-20
0.0003668882678919789
0.0006084320262660368
0.0006978401040286301
0.00030382131482753244
0.0002517535053916538
0.00015544206872571863
0.0013413267682823794
0.00016536053548503332
6384595203991408e-20
4208583819907921e-20
0.0005112247445968545
52906199556325706e-21
7319328503906179e-20
12066302505748062e-21
0.00010049246875266162
0.0010281418550280076
0.001270101700466165
0.001587542786548413
11881625441819023e-21
0.00018181388176585666
40179689228532566e-21
0.0022985502202074654
0.00013281929872038128
4461545205060064e-21
0.0027839279736530426
0.0003419298575284385
0.000669953738248488
0.0003368148142507885
47498865568951026e-21
0.0013481862099046667
0.0006387795312612512
0.00032183680320057266
0.00023969278445658547
53737220811234244e-21
0.0033149998681065228
2801249069288987e-21
0.0012243041695839836
0.00031289664668974126
0.0007783241643953861
0.00018542609883389182
0.00010338038338613355
0.0005399119386654034
0.0003654405508398459
0.0004909654984263083
0.0020841743629503406
0.004354237429607172
49403218607794716e-21
0.002931454961475382
0.003116314279240703
0.00029333044316173367
0.0002895816972182578
0.0009483932936347357
49192183551848714e-21
0.00015842514955074802
0.00019339054416097216
6906245703808182e-20
6570123241362903e-20
0.001341127617052027
0.00022468316322708093
0.00034861076630847117
8955622850337586e-20
0.00021591311777681999
0.0002133855427311041
3310744205517294e-20
0.000571691747158418
0.0007178869908398354
0.0003313287447866024
0.0002830466377830177
33278665598503168e-22
0.00029078347559233827
0.0004926873613112676
52203793616047095e-22
30996438647301885e-21
0.0009289092823399357
14329670346309646e-21
0.0017328211033174066
0.0013460043609084752
0.00039891286102862087
0.0011064767270602635
0.00048409508484628693
0.0004275613844465071
0.00012512916380796418
0.0001918917838475458
36156648016311744e-21
0.0001228373244311543
0.0005410816188001288
0.00018942629110135618
0.00016017436364762432
60790858767951776e-21
0.0011694566993294567
0.0002447410658594998
0.000386081595880104
0.00032583901586460316
283557806834594e-19
0.00011507345535962827
6202527587003424e-20
0.00019570398281617966
531432525692857e-19
0.00011888412645908364
0.0029250588457420683
0.001144731491279362
0.0001059949842991233
0.0005992293210102093
0.00011951726658826321
0.00033709679710277316
0.00044530284386516596
-20490465463376785e-23
41090782581211505e-21
0.0008063546836441149
0.0014569221654997305
0.0005965309061332574
0.000962853949377089
0.0004552740549347807
0.000384293248655629
0.002024144786162499
1588519025762734e-20
0.0009637498054609041
0.0002101547549793852
665246369283123e-19
0.0005058333862317394
0.0017077597806933428
0.00038304676232056773
0.00010795424415170209
0.0013503670572763348
0.001528433418322192
0.0004847716287442407
0.0035825206487883165
0.000964346434883715
0.0021869078147777323
0.0005926878803077213
0.0010113032708734945
0.0011306642820767738
0.0001288561577035292
8635030951021154e-20
0.0003162692686560125
0.0001146074038901425
6167510532809115e-20
168053341107949e-19
0.00020394395984049284
0.00032926950071407077
3385536279736671e-20
0.0001504399860475291
0.00010848349337267768
0.00023016093799386423
8281193368214533e-20
783302631094508e-19
0.0032605517148000555
0.0004215437219381832
1696478422392562e-20
0.00043979635357668074
49194246412717606e-21
0.0009432305987196174
0.0004087877101641617
0.00023917834037940236
0.0005830787780848249
0.00027371002094279376
0.00023023018722396446
0.00015802226023600428
0.00014120555249854622
0.0014279815389752976
0.000989106248986539
0.0006275693888556389
0.00027993153660829445
0.0005565832449789235
7203653562355386e-20
0.0001722350004630991
0.0004778949835724868
0.007137223780785556
0.0023271640935397307
0.0004165287194097481
0.0006993927565652243
2141183823629289e-20
6626862743109307e-20
0.003926068547839329
0.0006952450342683211
0.00024627070478773196
0.0011053702187648685
74460732449960765e-22
8211993685373155e-20
0.0025933228647217967
0.00014750019634779773
15517906829543742e-21
9909184698560216e-20
8485544884360444e-20
7820925094014371e-20
2392203032498469e-20
0.0010787803862743201
5131176731019269e-20
0.0010279952394876598
0.00015299733152380357
0.0005499056482445664
0.00011510668833455547
0.00012789379197171877
0.0007490911121630338
895740969770979e-19
0.0002965029185936806
0.0006682986811337823
0.0002047903868520564
9520455101916297e-20
0.00021385540144169864
28887910414583965e-21
0.00015437084662386615
6897523055714984e-20
921758426520256e-19
0.00026755875403105064
0.00033820440172186757
0.00013358855115394661
0.0024941850059115975
0.00021351075349429374
0.0007782746466142275
0.00021217661030776958
0.0007811322305816279
0.0001644489164249542
3128049033333536e-20
0.0005403787889442325
0.0002664760585382692
0.00011717142195756033
-3717590762868882e-22
0.0005778373349386938
0.0018541903163875335
1190227175109535e-20
4327619808712187e-20
0.0003295800760444785
0.0009676511791907644
0.00011623393446392612
0.00026416181200368576
13579109920825683e-21
0.0003103706521759026
0.0005717855947545333
0.00018271058415612055
0.00017583662168032263
0.001349286297591719
0.0003284389497864794
0.00012932242388310087
0.00023767924449782715
0.002152505089944408
6525163043148428e-20
0.00011873598208560039
0.0011417562668059645
0.0004433379586291502
0.0006524854168060005
0.0001358793797765453
8545693308423987e-20
0.00032558036643473727
6968784863441082e-20
0.0002600264923022022
0.0003753903740218155
35646023540636234e-21
8424374963670322e-21
0.003836510275775355
0.00014690753216202158
0.0002743423519674859
0.005676672606766567
3564468998209125e-20
0.002835482886525841
0.0006667008482008172
0.0003229932661005634
12169922134118836e-21
0.00024805694848443213
3810144851770865e-20
0.0012381313325412183
0.00019599492043780435
0.0018997513876224364
7825014147277096e-20
27094135708137766e-21
0.0018328577996175456
0.010848996563366183
6552429254711338e-21
0.0020223820961050814
0.000650828210001091
0.002204003882622869
0.0008163730905791011
0.00027561716625248576
0.00020330814254340392
0.0011170111028629833
0.0024095187027176985
0.0007746951644175979
0.003024583828825387
0.0009409494696465937
0.00016582712342339188
0.0004942368743139328
0.0001249495527766945
0.001171590351662061
19383445014929594e-21
0.004546167630702369
0.0019313902504923485
0.0004154085143430032
0.0007313106138288521
0.0001576052149733233
0.00023283390505211225
0.00031039696001340547
0.00039916520252242677
0.0006530865798866621
0.0007538304708155021
0.0008364314349851754
0.00012727672247824276
0.0002049132352631561
6881527320131376e-21
0.00010269134464684174
0.00042869225242608627
0.0003726049505982813
0.00802464131924464
0.0032630425713924206
0.0014878249564745268
0.00014154643323564226
0.00045228939483034125
0.00013896464054053974
0.0008194466892005104
0.0006516442319243097
7804105662061197e-20
7715042914958147e-21
0.00041590902860984925
0.0006846091157499962
0.0001300384934642314
0.0003150276120779947
9213989526989567e-20
0.00016624574796225548
857579174827353e-19
5810574512349068e-21
25641733274979867e-21
0.00011137676197107242
27498751048827588e-21
0.000575485336800968
6390505806625915e-20
5536346242909234e-20
8299499389482553e-20
0.000566730963882679
16480518137374543e-21
0.0037930032322810556
0.00016600841378307466
19036891725925412e-21
9086181831618884e-20
11261113629548654e-21
0.0015201839533071524
0.00034107810580601627
0.000491412796640538
0.00026193175726737307
0.0004570715579525428
17524659239066112e-22
18821534327961154e-21
0.0001363787492102351
26965678831362118e-21
42069950844068886e-21
2233843712926855e-20
0.0002615830425139659
5352009049940403e-20
0.00038013485147928965
10750525398403788e-21
0.00026205311919809345
6364678825020536e-20
0.00021359275185784229
43349077019700995e-21
0.00018281132143815106
0.0006835122252020738
0.003804313627460516
8040179769615825e-20
0.0015739558959411534
0.00021373373027795618
0.0004505672471952107
0.001104752785406502
0.00019822769473465783
19352477515159746e-22
901306309467047e-20
0.0001204405545871824
6306773351931384e-20
4130326515697847e-20
0.00023462624909169127
0.0014955931357026704
0.003587053739921518
0.00015321475018904247
0.0009493640735656098
0.0006310075004736305
0.0008865708390872958
0.0004950343336441005
5477755383475306e-20
0.0002495264926309071
0.00038674786045395966
0.0008814258907243184
5782143092406358e-21
0.00037092193763700615
0.002694549804244409
0.00010971243236195923
0.000491544477265886
0.00370538564877153
0.007305232224196187
0.00020604771728204902
0.0007067655242999943
0.0003165966204260023
0.0004851129486786713
8475837457978356e-20
0.0017910670314496442
0.003692194802376347
0.0028740282393967774
0.0008368322748777409
6859484823838027e-20
0.0004329348607140262
0.00074296175885618
804874788561565e-19
0.00016179702447886388
0.0002482887256609172
0.0010080378655691832
0.00030130458387834353
492880934890421e-19
0.00040974524705057313
6749928996575057e-20
15563515602055466e-21
6326414250278965e-20
0.00018520307652330933
8262184149363922e-20
0.00162077965453705
0.00013041003041805387
0.00025155719058822914
5005808266853596e-21
0.00092148546097613
0.001834563906444937
62620456306217e-18
0.00022411127287991618
0.0013846124217604264
0.00023150193811012534
0.00022813921035576645
0.00011924912802609477
9673957846750516e-21
1635476179049059e-20
34529239138253485e-21
0.00020476279181526097
0.00035236651125558133
0.00022757081450515488
0.0001558032382554567
0.0004202385007363644
0.00574032422544094
0.0002819252566611767
0.0004884088713447746
555376270082534e-21
8316289271041151e-20
0.0017116617533378675
8960301483845825e-20
0.00022291815198624773
0.0023922634780248653
0.0001320947365237318
0.000979473284233103
0.0003004043233602177
0.000657075119590889
0.0002181119314859023
0.0022417023887407054
2356144866784909e-21
0.0012244399334058731
0.000215105946460449
377916709412302e-19
0.000384295245962248
0.00022600357364882062
0.0005565668714381527
0.0006913642089510599
0.004176496152140635
0.0010782459838449005
0.00014373487173117668
0.00030651281051250915
6927959569124747e-21
6900329163924366e-20
0.00019237648724276926
0.0021581857268007858
0.0007819202138995194
0.00036775998300567453
0.0007570014191082283
29272048194133885e-21
53143755305361735e-21
5675401920980969e-21
7784580299907474e-20
0.0015211390154720274
4492127085679995e-20
0.0002786722145414719
0.005104908178529087
0.00194671962877653
0.00034485130308223614
0.0003080109457644937
7644500474513002e-20
7357826041488932e-20
0.00020712113463893354
0.0005419439811894871
0.0018030961578237845
0.000265300974011822
0.0002463109379010023
0.00019813561944735737
0.001940270384056197
0.00149198763335661
0.00011813728840876005
0.0002528990044046443
0.0002339211524056497
0.0005736965531988527
508985992812714e-19
0.0002448848182418332
0.000747540791638658
0.00040386609543741433
0.005267478695500051
7400667157166832e-21
0.00016765968120287185
0.0003399776593871884
0.00030192336054083867
0.0006917177730573905
0.003572819281860293
0.00071261692676255
0.0003007327670038108
0.0002179398584173855
7540919412981781e-20
0.00031516373439339866
4282751244546155e-20
4873011340104246e-21
0.0009268807434334167
0.00011903214878831582
2209415574505124e-20
0.0002387752757164093
0.0007309227937471998
0.004129722185857066
6344709242122417e-20
0.0007261764106531027
2546116131359645e-20
0.00831417190295546
0.00037186515584467384
0.002441850999940105
5271023802446349e-20
0.00023436319571700092
0.0006830336080051433
0.0002411837920779618
0.00033063620899712753
0.0002062299878060981
0.0036659108770685286
41301740909351344e-21
6758418538383291e-20
0.00014913524686838354
0.00013711585553090338
0.0010042261198468078
0.00013911806226650093
0.0008050891540644477
0.0001978517192602448
0.0003974722231336799
0.00010441600770643571
0.0009750058663474972
0.001971330258891813
0.0012179643639933513
0.004232145018276516
0.00044102280018035184
0.006084530993532238
10777870810303859e-21
0.0011811787083495506
0.0002507919388821185
0.0010407970948120315
7309118890185992e-20
9921973974153262e-20
0.0001098618029651828
0.0014734656412489005
20267018197144357e-21
0.004149955757804495
0.00036105210875440576
0.0037875150003535596
8832946332384453e-20
0.0002307067957067308
0.0014758253802892637
0.0003347693328221934
0.002012473892240757
9468508160078125e-20
0.000458037005455571
0.0033252871181261713
0.002683331802799807
0.002438301761458709
0.000647183491318034
0.00015515464381300677
0.00023045321782916482
0.0002611180400747155
0.00018266469550913273
0.0012870130157546758
0.000400508035663647
0.0010741000856044295
23043409482355876e-21
0.0001661356004663068
21230315747427456e-21
0.0037720633315531556
0.0008642325771657191
0.00039624653876739463
0.0009300106439961549
0.0004917859339336465
0.0019371403905396576
0.00022497087068926633
0.0040073658375340705
0.00040758615460710694
23116819156555708e-21
6813028472484482e-21
3746617849107018e-20
0.00018920459374237907
0.0003657812113123171
0.0033041482568398413
0.00028889556009764817
7603788897913498e-21
29858283525017313e-22
43247649148317805e-22
16258861113948775e-21
47251671443287924e-21
34361201741558306e-21
7356636757882645e-20
0.00029886163933278906
0.0003000035962563008
0.0005472871372755817
49049323637599404e-21
0.00047243062354225654
0.000762457970739096
0.00012859168420841684
0.00011495389512497186
3215615077756148e-20
7228300426677545e-20
24696191884703245e-22
0.0002725145970977033
16397479894776843e-21
20148810578587166e-21
-47369415568900676e-23
0.0026275453555635662
0.0004579435793111425
0.00012242641157375218
8474957509768562e-20
0.00010664906388108138
20332601866089703e-21
0.0019828836936745713
0.00017064255900536943
0.001141991835049886
0.0014812095213413386
0.002208113798229879
0.0005442737580034012
0.00028155420830148597
0.0004149868484540662
0.000402998503269971
0.0014408332665567655
0.0004835880682129303
346278756833396e-19
3784748731035359e-20
0.0004707198314575886
0.00012898066447234856
31055232003504053e-22
0.00014379306841668724
0.004584475732345412
13104163181261769e-21
14624043461870283e-21
0.0004399664453067038
0.00022715539084079746
0.0001697954196119143
0.00013412509479957584
0.0006831900909881643
30284085277114285e-21
0.0006581658590967111
0.0007788784099439467
0.00010239176853497411
16580342339399972e-21
3703436122309087e-20
0.0001688393240320941
6293817137966006e-20
0.00016421076104892234
0.00012178134806646407
11528104935886653e-21
25169593360348284e-22
40505425214812247e-21
0.0007662620103097175
9909182768874987e-20
0.00023709615111370657
0.0007194952860359861
0.0002234097334308785
0.00024717258067271465
24821495466287723e-21
11898991939413684e-21
0.00034792156934492933
6975225598662959e-20
17797706756724883e-21
0.00010912570723033885
0.0007011764895791472
0.00014150809331524996
9832911979955901e-20
0.0002200426579586155
0.0032679397141631024
10182892922293341e-21
0.00026886114024385463
0.00018419448885479266
0.00019738039221566813
0.0006329557532067002
0.000940728769598074
14139657060990977e-21
0.0003529227666280364
0.00041445033336525914
6700491351235168e-20
0.0001417598520858002
0.0008492659705218037
0.00022297889007096247
25671065391371764e-23
0.0005527825267113344
3128354343724107e-20
0.0026526182355313776
0.0001995716779461169
0.0021406888584131305
0.0001224207834159412
0.007135815047973165
0.0007658054709668656
0.0022190083081879623
0.0001527706112393032
0.00014581546246500245
0.0008836087121389844
5648488157760893e-20
0.00551047496146722
0.00027005271437242494
0.0008249813533729671
0.0005513089734141269
0.0006624060150478984
0.0007256502706078551
0.0006219037097329985
8442897980145328e-20
0.0003600245169194222
0.0005107150025771544
7915713858493436e-20
0.00046208297046639805
7287140021165215e-20
0.00012971818745588298
0.0001085874048128931
0.0006571559759561457
0.0006635457299526243
0.0033090623279897614
4098116322305479e-20
0.0001400321391405755
82194007288354e-18
0.0012591231691564725
0.0014881550885242165
31253108619271584e-21
0.016898700932926333
0.00019145455341853978
0.0005498613989668843
0.0019057122310129594
0.000684323385904896
0.0006593043811981016
0.0055909868421350215
0.0020621829908188576
0.00041062689018084243
0.0003136776830594395
6392633809657085e-20
0.0005793549553107151
0.00017519919570695448
507279921439473e-19
0.00028604824584689466
0.0006455656395279756
0.000530878395726913
17481247373567483e-21
0.00010846917358151282
0.0010588929821770386
7615758329798243e-20
0.00028429402131114695
5582242642752276e-20
0.00036973945933039447
0.0009973169862033567
0.0007525972537144424
0.003492773396136932
0.0003850998962006555
0.0037333335419591604
0.0012202539955865558
9286434095644629e-20
0.0001302486038567068
0.00020563385584841732
0.00010712365737339511
0.0001445441895074345
45597343530770146e-21
18932587724134704e-21
0.0008992661569624234
0.0004067415641659111
0.00012736514537248022
0.0001608859152099454
33520925231195804e-22
1709287751031397e-20
30976095049292374e-21
25810302053082794e-21
7004929334340952e-21
4510058590842156e-21
0.0005794581510370876
0.0003591840976013945
0.0003350373221613938
1749733223536618e-20
0.0006305421352343399
0.00039941748830516773
0.0005351676388844912
0.0004028072240982599
3866230775337571e-21
24361262204148702e-21
0.00017391665158629266
3753010870492193e-20
5822217653391738e-20
10466647159879482e-21
73304269972397e-18
3531814847358203e-20
0.0008580776354046886
19528581890414087e-22
13840210290868854e-22
0.00016090105402558318
0.00040691836387549054
0.0002191769294289297
9262750300684583e-20
37872898205359366e-21
1938065918112893e-20
7857867995220528e-20
0.0002860055408270647
1297067362459124e-20
0.0004214773603677076
17522192019771515e-21
-16025614944487598e-23
5691083014940243e-20
18508808163597366e-21
50295122991836414e-21
5272046857022043e-21
0.0034687884919896534
5637299274017404e-20
0.002187122689629802
0.0009078356047647534
0.003183169492776901
8294898791293934e-20
0.0001870219972979249
0.006751325291657067
0.0002202571810618523
0.00033760677289845276
0.00014860610790500543
0.00020105544966039584
0.00017748935344413748
3410289967057435e-20
6757017403607261e-20
0.0001429419503334624
0.00047023591235895005
0.0015205164618607256
0.0009997360686473055
634606045683246e-19
0.0005934622911847705
0.0010923855634111458
0.0001489551096120689
0.002319713896361521
0.0006621091831684679
0.00014284151794961296
0.000382911615725204
0.00010047059399018713
0.00010169916292677449
0.003541926056672964
0.0021287822196754914
0.002453108054702128
99347862384213e-18
3431044335556937e-20
0.0005427908195114007
0.0002672192011535499
6136712059780686e-20
0.00012761117392291383
0.0002235365196613913
0.0005502409023735325
2854304695513736e-20
0.001448292483543545
0.000627386991845137
0.00021683533764794912
0.00011489579359971442
0.0007564984273767325
2902512767014482e-20
0.0005519189157022903
0.0006367665717310885
833193403166682e-19
0.0006237543889270896
0.000293200731911614
0.0004262219031017762
6842571723500802e-20
0.00013593665068926486
0.0005357375899508362
40676467337150276e-21
9727138572919797e-21
9497013062402995e-21
0.0003435016920975276
0.0009054556716154363
4007702607657072e-20
0.00014859172353476541
0.00010110871663500476
0.0003287629981370711
7991694623747019e-20
4335888180305027e-20
0.00042850203301330876
8216058305236693e-20
0.00040480767439652834
0.0001559878383653693
5961913783416749e-20
0.000354395823024163
0.00014423719736378338
0.0002882144945543193
0.00015972303872609212
0.0003031006511498229
8681796039802942e-20
1361341633990254e-20
0.0009182782535108599
0.0005960900954736775
0.0004369039582878077
0.001400042052463264
0.0003827890952003781
0.00025062670958582163
14457937356633809e-21
0.0025584852336220623
0.0005417560407621775
0.0009372548798722868
7375252106935736e-20
0.0008313338865545623
0.0001408072686364109
7152504256651481e-21
0.00036967836222334704
9679896609597434e-20
5644239585675236e-21
0.0006712489079487917
9689567119495326e-21
0.00041841604856551024
0.0003442930357093697
0.00022824946171986468
0.0017379912567587169
0.0005369385766410375
0.0010043044922411152
32830062601619116e-22
0.0020736642771704687
0.0004055646288343049
0.001304781888370712
0.0020733441408402786
0.0010156197127781366
3177305793829621e-20
0.010653003495093894
0.00014273848066415732
-40575777080597563e-23
0.0012521451582917298
0.00022268096557259218
0.00018262887435605173
0.0002822588073999319
0.00013774754448676887
0.0008770720480788997
0.00042503220758586423
0.00010978093979939199
8255345302563398e-20
0.0003064896062270578
0.0013233209418902893
59895671913068914e-21
0.0004476977875118021
195343974834077e-19
0.0017967964988994574
0.00023948011973134748
0.0026362954869293465
0.0004816697627360027
0.0034953268305109773
0.0012580220651937006
1813193945302672e-20
0.0002339659383066646
0.000878506408747228
0.00017548052097183132
0.0007035673009046397
0.0005212756966896187
0.00044272488353225097
5730832295156175e-20
0.0004058438362535824
0.0016790925203834213
0.0004382559912233013
0.00028275161837046505
0.0013835780414057342
0.00025722084407100906
0.00011576433231605686
0.0003064093124066004
0.0012846576300955404
0.00041071370867478964
0.0007139779287761264
8123063743639512e-21
23347188986114296e-21
17908468629343835e-22
0.0009472077681032882
0.001202226260770621
2194573346086456e-20
990040613931327e-20
0.00021884338484958526
9338277819070379e-20
0.0001686167416105238
8344997524517557e-21
2950839348099175e-20
1899116788766058e-20
0.000277769375563
0.0003170300455778161
0.0023043697431878105
0.0003520375878253933
0.00023028046403528218
0.0003350859446361284
106604477098155e-20
2920759845114729e-20
0.00012751814412052535
6122169645029422e-20
0.00038999614708700196
0.001419028167348729
0.004334295584261652
0.00016606528627620702
0.0004937769774977811
0.0003680383439716167
0.0014940146445054682
8968131849546311e-20
46754590775886405e-22
0.0006810841608764182
16848465978708713e-22
0.0007439893833515748
0.0076462819424732795
0.004144584427637327
0.00028574300237486526
0.00045200530566336176
0.00040928482386050336
7944733523185043e-20
0.0004301666763162176
776914179327802e-19
0.00013575904960257644
0.0003054555599803744
0.00010929063526364936
0.00015625215940379475
0.00018191305150463337
45465081614357544e-21
0.0030872372624885128
0.00037627815328933643
0.00017393278738111315
0.002060336358351687
0.0031551949068547277
0.0010766857193239316
0.00433930026717476
0.0003444194250034837
0.00030891666608995355
3232810215783117e-20
0.002467687266505616
0.003743203643253215
4790252896212696e-20
8341866911190264e-20
0.0019889369982451347
0.0012995991991039983
0.004862222630968446
0.0008890855583087072
22936472172625382e-21
0.00014097115054382037
18565593125460814e-21
0.0004710754247548674
0.0004801947406065583
0.000685532670645494
0.004246854047759549
0.00044427541186883943
0.0003359431056260658
19872653080034637e-21
6290087633247186e-20
4011923228377057e-20
0.0015634811575727422
0.0019774333069329008
0.0003983387410618065
25772751671858044e-21
0.00023905581291525506
0.0017050686904379068
0.000284267721932231
0.0010312073410956135
0.0009523008288621393
0.002042958069928645
0.00015745035466086888
0.0007737130501042
0.0001454629789776708
0.0008810408224385909
0.0004300433340213685
7565393911686071e-20
3844460677889894e-20
0.0004394390978614637
2427569204036606e-20
0.0019045128452969931
27839145228487448e-21
0.0012204002468870863
3672446775024011e-20
24056486569202065e-21
31345491777883206e-21
0.0003590864878872176
0.0002715410756242983
0.0001553492578564395
0.0008569823247956019
35273403694526064e-22
0.001176476953358506
0.0003580964162371659
0.00011524556919191025
21979245512474124e-21
0.0004157173462797861
20687087654479358e-21
0.0017240787362896338
0.0001490905154596884
6248235474074028e-20
0.0010970201646040992
0.00016407208595382197
0.00027053612652065814
0.0011971589836304519
0.0044053402302530655
0.0037746848733264
0.002535238694233268
0.004657103197724393
0.00554247732903284
0.0004093865537269296
8074584874527052e-20
27758640651848047e-21
0.0018346403799665777
0.00011940522477330041
0.0004295751253515796
4463430749334864e-20
0.00015155207960146624
25593406763830925e-21
0.0013574958718682911
0.00016083929322672396
0.0011368600639921256
0.0001930363476211522
0.0006241847454919422
0.0003210508718181133
0.00012063021254615989
16609941477265282e-22
0.0005332506756269279
0.00021343547988955062
0.0008028160981027791
0.00011015870340720179
0.00011898601022351439
0.0010347462426827606
0.0010807130400590453
0.0011550414310435267
0.0001732825514963873
0.00044538662187439116
0.0008603980908641681
0.00046512323008352456
9546210846116931e-20
67769744380461e-18
0.0015682743946745686
0.00017897289527085247
0.0006758301126600349
0.0012672489647042832
0.00030788885181464777
6272773282853762e-20
0.00024064434151603616
23115971686838737e-21
5783895162417829e-22
0.0013782512423294868
13274133751150445e-21
0.0001177679005791293
8787341213778748e-20
7701449004733735e-20
0.0004325316715002517
4420957767986761e-21
7522819478588944e-20
330789803848767e-19
0.0003338477887277818
9998174191232132e-20
0.0012664170044674327
49089408364681565e-21
0.00030734758742186985
9379966835315265e-21
0.00023281209440268212
0.00014440793912817167
0.00010770745793701976
0.0004123433119549025
16062212770401348e-21
0.002869984604292455
0.0010193647780854483
0.0002598706314583549
0.00027494904755875454
0.00010427388683086212
9154738605411237e-20
0.0012785401548450531
0.002411967517948666
0.00023390321015165878
0.0008179214959877998
0.0003279366136293882
25818062978975654e-21
6661541783934763e-20
1628533677612239e-20
0.00012833581729411692
9469507376310993e-20
0.0009677703197176762
8563221111128371e-20
35370254718766806e-21
0.00015078228535499709
0.0004218415981659188
9360783085566777e-20
28560302487463914e-21
0.0011842788008416395
16845756475807968e-21
0.0005935787110829718
7278725292480445e-20
1995304048959553e-20
0.00010333217906610985
0.0003154410820300545
8246291849276705e-21
44930385508773265e-21
0.00017451309118204263
0.0003589706150360356
9010318227211245e-21
788989856629156e-20
13883223551522518e-21
37097859989674296e-22
7300053608601077e-20
0.0009302861618066934
4526821705095323e-20
9089748649712742e-20
7792680681812458e-20
0.00029058413555604955
0.0004918844202935154
0.0007476506464890282
0.000667868121887744
46217393584406436e-23
9669188593680786e-20
15611686583078535e-22
0.0004599095782965935
13646472587362182e-21
1562000096054329e-21
0.0004909400218883826
0.00011521103524562005
0.00011673096215916526
3763691297024912e-20
0.00030639486053174567
633640330615499e-20
8135195918062699e-21
15943057747948658e-21
0.0011650631716326333
20057244932627316e-21
0.00014704933171235282
6747857025582042e-22
0.0005358663043992527
0.0003442886416607573
0.00048493726474504935
26473690110033557e-21
0.00021947239425567356
0.00021564038565028646
0.00040867806684397577
3697277862138602e-20
57034081039492896e-21
7655536982080327e-22
