27217712727814274e-21
8053428198481421e-20
0.00036761154753413793
0.00017918515541679385
0.004443162547326238
0.001652113823226481
0.0016393114694039281
0.011168598903203942
0.0009139312659353787
0.003450949567109654
0.0014120182106564841
0.034352331184437764
0.0018939647975515263
0.03421806998261511
0.002667086339713793
3755042272073957e-21
74088859076508924e-22
0.0016776135858743832
0.0007675607528177373
0.005630389805879748
0.0019048961482539578
0.03309329831383532
0.01311093547181406
0.023845001946646065
0.004890088105409809
0.008801169414747777
0.004426801824549297
0.002985155780890045
0.00017986558230810546
0.010043859441147393
0.04425934830424814
0.0028274585485541124
0.0034827345286954445
0.02827012216537709
0.04590521439209611
0.06942788526017439
0.020035273631068724
0.04279566477853406
0.008383075356728461
0.002186626238525047
0.0002020820751771227
0.0010677206105946776
0.010043026128904838
0.0018473793644617153
0.001679995900134062
0.0013581761283370198
0.0007157290461462613
0.012475584755555968
0.001755703763401622
0.03813911236812251
0.00291322073188985
43168511922459695e-21
0.00652922771352065
0.0029102935568438826
0.010119313477782216
0.040753890991337575
0.00026249883485849837
0.024652246877983865
0.00016638432985503583
0.009141755410469512
0.05276294256759885
0.001451289781174643
0.05803029332692962
0.00731670799598924
38895257079909836e-21
0.00016107336458022326
0.0007863982661494612
0.01586444635836201
0.005664157377794331
0.00047986508627724837
0.04743632936677417
0.004109318958738165
0.03467989435903643
4169440488179358e-20
9518933735261009e-21
0.022831897366240826
0.008217119619110121
0.0002866888268824785
0.0009296149197804355
27418666168924665e-22
0.005632949780480331
0.06623453647572136
0.002279386092719984
0.003198620471456852
0.0002669141760011833
0.003054306464697567
0.008398720815687431
0.0013028065777945148
0.00433264915680606
14421312404502044e-21
