409889104727168e-21
2180119803106701e-22
-9375865895418412e-22
21616288453617557e-21
0.0001476294512755628
0.0003866903893646014
0.00035795181521222646
0.002682813994968304
0.002104749477115989
0.009290008808992209
0.04746081652174467
0.04939784665117111
0.029679665025217787
9056294243747194e-20
0.08018968527451342
0.2873098152659435
0.00039620752084114727
0.14707420851406314
0.19025156816821234
0.004042417083088184
0.006667941387830466
0.003973951964771725
0.12939420494921947
0.004168186573990973
6312810404801918e-21
0.0010485078049220875
0.00022021268606155697
0.00046768777850100145
1762508058972739e-20
0.0017399185431166214
0.0014115069134807573
