0.01899323298490149
0.002006224294936619
0.0025810047598445163
0.003960064927895428
5347782379092374e-20
0.09624288040306324
0.0006280290141117326
0.0056081840928160695
0.00022069984832932672
0.006678520225557712
0.12252366662861369
0.05884154202161417
0.0011594016210162686
0.0029501748835052506
0.0028584498800451105
0.00044135496665935725
0.001881668367861764
0.00041224931255240003
0.029998355225348095
0.06276020451986408
0.00872804048289226
0.11228187195224107
0.010118893535189352
0.028268809075894196
0.22121047207380998
0.019587796858576065
0.05715482196985777
0.06140206701836737
0.017590579845045858
0.013272360307999402
0.006342325476744519
3807843135863944e-20
0.021899831166721832
0.0009731852866141534
25985430911834107e-21
0.00011342154810326766
0.00019207373734541136
