0.0002101836628467442
0.005319812986792407
0.004001747503996549
0.02428961833952048
0.022425827917413824
0.004739651676254573
0.004798313207900704
0.059692826445529326
0.0012681892156280337
0.00666033054658658
0.05684292799697249
0.018410042455650377
0.015323363184868691
0.04789898679962927
0.03131546672050496
5610281769932621e-20
0.0011838441019586942
0.043495506263527994
0.182717210394941
0.009741585498407715
0.00969625611622582
0.01527860630587569
0.22844550261652527
0.016485540167793928
0.002458355163809442
0.0019129979654145207
0.08508207798078572
0.021828620999316914
0.036767635414889754
0.018181462456814058
0.002609635152461336
0.0035720798349142334
0.009197741341563747
0.00055156158497477
0.0026110428432083196
0.0043571622713531955
0.00040209812852316643
0.0001700859189202797
