0.00023252266049027346
0.0013530272130169527
-9249554147574201e-22
0.0017490194969241115
0.00014673377373824862
0.003230431182964132
0.0074037740189159314
0.03883243200063804
0.010120404217116366
0.020767327683547998
-7368925188349478e-22
0.027201252588965545
0.25128778342182095
0.007285684302572241
0.037603156091820814
0.0005045607504490979
0.01180135623357487
0.006760771337324168
0.36667984135472864
0.03892894759161991
0.03183716436687533
0.03913936014721669
0.00023763104109853004
0.0011700826717460163
0.005437566902644575
0.006129413442744075
0.06603611975936054
0.009912200108201534
0.00018754218538503018
0.006121507964244902
0.0019040473381881544
