9250130028433568e-21
9631671676439903e-20
0.0001047292843934898
0.0005641668410428963
0.01067139033280224
0.001501297597838498
0.027780301902947557
0.047512479690439646
0.000288104611017244
0.00541934947791841
0.0002504441069099336
0.018039967578023123
0.016261059649561063
0.14967593099182472
0.02358846170212352
0.04083298584458387
0.028821181958467012
0.3017971931656494
0.006788257970600661
0.016707220128553257
0.06464690642471616
18242223652722623e-21
0.058239885505809615
0.0004320491028080819
0.01531280259408355
0.024615109686094056
0.060161678196073036
0.00558781293497955
0.0002741970010592656
0.013252285956898261
0.010982348689901469
0.008689917133615627
0.0004435564870537593
0.00029023968635670067
0.00016231730893707282
0.03931277741495051
0.0006772419706125849
0.00016315991876371137
27382082144888978e-21
