618904263698723e-20
3116261752441712e-20
0.000315670395267545
0.0012660778508968794
0.0002561530307834386
0.040164537906043615
0.007082179470892685
0.0028461192866066284
0.013689739551827645
0.03363977036574624
0.025005483277913007
0.004250079617486464
0.0008520206372775638
0.04037024614046421
0.21575443025824365
0.03946750295839667
0.015565827704937356
0.043349344441484854
0.00034607664138544666
0.00017259497002422393
0.0002423254136763526
0.12135393382738825
0.08267964773534041
0.002982416844529903
53432817099326e-18
0.03144007266808585
4073874510294114e-22
0.09093998893979371
0.014060974802288483
0.012195416877085145
0.019154510509649548
0.0013178559681709676
24467758439398492e-21
0.06703934267061641
0.0022501255311279367
0.026381800939525194
0.04345193702125417
13612263838519143e-23
