0.00010424458612751794
670594183086305e-19
41600805695789485e-21
0.00039229965640627204
0.000874781386598041
-5249687409157134e-22
0.00029092193197742403
0.0005190351957999962
0.0011577875530238075
0.0041906260330690035
0.03452989537324345
0.0014469794314473218
0.2776884727458175
0.10699352935044955
0.008102316602734807
0.07386518010211642
0.05904741265278553
0.3400449663119851
0.00032994808602363244
0.00312424790813276
0.0063866349756038655
0.03735757997889554
0.008413540699048724
-9560657132638477e-22
0.0007228672230508427
0.015322771124806732
0.004072284324717242
0.002912182447095214
0.010649656214234672
0.000414151728839277
0.0009385071864195087
