0.0023955835667300784
0.00014463601726328983
0.00014776900646527565
0.022755437261015747
0.021913670010215568
0.009244997083492301
0.05185394889467826
0.015793441475853168
0.07296541899635584
0.0031732357662230364
0.05151620500862509
0.07285680764721503
0.09973691667127906
0.0014274591329712742
0.030284786465784627
0.12451757599445117
0.02403959617659495
0.058496672794003834
0.1381360468140007
0.09616199081257674
0.000653849634529156
0.010083470138530252
12027435594731185e-21
0.0827739574219739
0.0044622620323803855
0.001360025959737665
0.0009853003588728463
0.0008236242404693442
7950199041076409e-20
4161053084819729e-21
0.0003530944387603865
0.00010535716874409373
0.0007373634325766813
11620742310120603e-22
3362951200140334e-21
-7159268912768328e-22
