1205476895301677e-23
5522562248723419e-21
-8439335145555724e-22
0.0019268873634334417
0.0004247950778049638
0.00164301699720443
0.0003044584005044248
0.006860434848682465
4131322531752836e-20
0.00754068520510571
0.0016379663275530893
0.0023990929425666235
0.0023536694895852726
0.0010076243873300707
0.03778403892717245
0.00023634095893619762
0.263920989057083
0.017618044499584613
0.07707426454167585
0.4121845797472943
0.07566910247161271
0.00029510550014201557
0.009252198710832346
0.003872806935457766
0.002378822244492771
0.051110153965940666
0.0017023301921933157
0.0031083466980466367
0.015491055470218416
1758417728645484e-20
0.0021396009534392266
