3840786572993604e-21
0.00020532409506632772
5313624289198808e-20
16540728458566784e-21
4329852234479928e-20
0.005199572400721881
0.001307371947235898
0.04246005983546522
3749634395821852e-20
0.004550893927220731
0.004823076212205365
0.06605513918796209
0.010347196654825608
0.07308638312010227
0.004926851134145004
0.04048528574850917
0.14490952566310025
0.008525466949779759
0.0016909704856573993
0.009691363140130142
0.006716180279009425
0.08551244872083866
0.2993999044273365
0.009582129890373763
0.08053973886944518
0.0010898728320577723
0.027977377721244378
0.008512123544479899
0.01838372636949485
0.019008783208233352
0.011751771568972781
0.004650100228549144
24185028240696697e-21
0.007223788024169549
0.0011936683231781359
15407838022220895e-21
