-868865417822698e-22
0.00013743962907329435
0.002749134444554212
0.007652756649695867
0.00018726473756127435
0.0003180712519533128
0.025901656393447787
0.00040006144574920583
0.00315600484673706
0.0019877638424319675
0.00036300526218364725
0.021007136402208842
0.1991540858580289
0.10665724144698444
0.0006756335090402928
0.19049362603231315
0.03876487986466502
0.0018275373861212812
0.0013493911456205403
0.014176691893546055
0.09552914777998948
-8937636115654856e-22
1123230346149057e-20
0.003428161578174642
0.26903992094241175
0.0001061178670696365
0.011926131442970927
0.002075258930430035
0.0005299292268070533
0.00017427172352515042
0.0002214268133971861
