6211780836309323e-22
0.00016999322209736918
0.0009040556199025464
0.006345094123993762
0.011537166456229887
0.005561479075020399
0.011336730457506165
0.01300885358993057
0.025519740932562845
0.04383857089975263
0.1346523363295147
0.15929358839417912
0.045942835959890335
0.09093180818298754
9117670473614109e-20
0.005156054291316881
0.014367524833914305
0.010584487277285448
0.06308199514201293
0.005265700609714766
0.005694398582317352
0.004995442517125654
0.2557228242572425
0.07152629902064045
0.0005430760167317264
0.004518625040850933
0.0011823524087312266
0.007260703373281629
23221042295073843e-22
0.0007067888145184141
19852672479622012e-21
0.00022725247983393818
1210894300108924e-22
1012834195476206e-20
