-5841315987828309e-24
24037956861916595e-23
0.0002495552399423009
7583498127884406e-20
8902469419554764e-20
5784530729544855e-20
607987892570077e-19
0.0005231294929649279
0.004281224605868021
0.014238541333419273
0.00022845066169819306
0.1192829579207789
0.0011746058396479298
0.11050263554047908
0.001267771989519126
0.0004546970968599533
0.040159342437852845
0.3221182418939734
0.14821880054168143
0.001502556571968587
0.0022165569645688204
0.00530323675681724
0.07594181605688351
0.10763187044884504
0.04228966325248932
0.001584397234078547
-20845873001905088e-23
0.00024176071456680456
7739311708861433e-22
0.00030433910300917133
-45548063285930515e-23
