37413751341502824e-22
0.03068509714022564
0.003517146819503918
8354801259473376e-20
0.016623497499887296
0.008924723107003176
0.007331013647648732
0.0896350362747734
0.051699322667171
0.012903596836403056
0.10350663099451797
0.07947903022894734
0.0018385246924573079
0.020292950523877498
0.05491060916945277
0.049640190940226765
0.08934166756537816
0.006550471221278113
0.0005044742787015582
0.0009642975636796965
0.005718316425307028
0.005336740249850502
0.26586254057718495
0.08273444161160398
0.009784403871979088
9495880356555116e-20
0.000392901086228963
0.0002753981834195209
0.0007838943410380067
0.0002580717741277917
1407654756226682e-20
0.0003086859692698958
