25307337839804706e-21
0.00011652922995037896
0.027358467427029635
0.00011488746783215484
0.07533534126583377
0.014895925066066067
0.0029022096317436598
0.018319904977550837
0.08259133610345885
0.0003390982195590577
0.001238671838252227
0.014496450720019568
0.037363205957355476
0.11925596230829766
0.0003218198800184226
0.0029043359552085274
0.00013918582675973086
0.0010903140573247946
0.0011626122634989904
0.006253475575591244
0.05584788375587946
0.00011074317046678494
0.0031595311487096767
0.030078523310994844
0.14087414799859413
0.020433098520571635
0.03530267219601284
9663182680335643e-20
0.04456170209253775
0.1285494203766917
0.011527740930473188
0.1060963278865868
0.006701078440911331
0.0014005021221426771
0.008512754307623107
0.000522195501308112
53045019300598545e-25
