0.00036230744740760144
0.004617018368687698
0.0011313285333141812
0.0031683352085471964
0.0008260083884004569
0.03912587165019538
0.009239269591136056
0.02268695370230479
0.0017964000313574768
19177028497856062e-21
0.007462110812241637
0.01812612196788926
0.004832019616424572
0.0012430169194387309
0.1009034414881506
0.001743182510795072
0.005943944869513056
0.2742542650330855
0.004658980682265657
0.006236666996366627
0.07749219468104489
0.0016851595052167336
0.13034311714771876
0.10297173578719379
0.020600575281254252
0.004288734378042174
0.022106405996541463
0.01896074533950426
0.048714255724979796
0.0052608241472382735
0.0008069005457194803
0.012706646376102458
0.029030793390830183
0.012815011465516621
0.000574877039671965
0.002798469387885134
0.0004671329595203857
