-6776108581825122e-22
-9670787378662395e-22
8666492439432089e-20
0.0007666783774121522
7325573134260664e-21
0.00016839421077267607
0.0023266445115964515
0.007228421645677842
0.020589176033528292
0.019461898533374572
0.02384293340942623
0.15788272569777465
0.39770657143814947
0.0004114957588989658
0.012563339383784641
0.21144763146619963
0.0008406554456768344
0.01074656425456291
0.0812078190395614
15271671643855397e-21
0.020412969585220646
0.01954606158905627
7461168702069724e-20
0.0029652716065093035
0.007835617054053915
2820593640471317e-20
0.0018389359974036164
-24014164211970095e-23
