0.006567986703693539
0.06686372023417635
0.0026952491079346233
0.02582072415074392
0.020055190857927254
0.0059625889000243714
0.05890616835959745
0.026446331348100593
0.025173950827370263
0.022910575176711006
0.07870944106286713
0.0022071516034471842
0.011370102801919815
0.0043941984158436835
0.09697824760147031
0.00460101328843919
0.00023643381105328823
0.0020209496535708218
0.04213843873656949
0.0020485947839162517
0.04833714032959089
0.06421359165078316
0.04430000250812881
0.06370733145482022
0.07586629929631626
0.009461873661588073
0.10511634991319145
0.006210134024394497
0.019305600170654857
0.010585433509499647
0.008598749845369128
0.03745135381803275
0.0007390823922535885
