4665524556351215e-20
0.00017679000746012664
0.0006367988436512923
0.008106088318086886
0.02555779880610325
0.013010178768975155
0.024472812030813678
0.002401381242052185
0.013259359764496213
0.004338709210732878
0.0035240623985327794
0.10247088335702052
0.044524696508956525
0.022597459635225265
0.0024547172736552377
0.04981120147501901
0.0007394803174852935
0.01208875800679835
0.00783097137238972
0.004717552833020835
0.015822726365293725
0.03526025179527402
0.004646994312114042
0.04407203199421659
0.018779246732975104
0.1534013394754463
0.000569569124564408
0.0008701231888501352
0.0004526020602696247
0.0009980719913661605
0.0046489524789146515
0.019953229865512394
0.03350616619492901
0.014501476732747815
0.09003798938361043
0.00033298551932295253
0.024312217532109468
0.011307135662634605
0.024968649182933848
0.0027300389785034586
0.04954170012057921
0.022360264421489463
0.018710873316745407
752037916739832e-19
0.0030778167117593578
0.022191859009647378
0.006936499778276257
0.014770029930553987
0.012838202016812806
0.00555860482482495
792090009733501e-21
