17897617093668274e-21
3215232378602264e-20
2770002638116599e-20
1709905264850325e-20
40286458853966176e-21
39093466203084506e-21
29836527924612114e-21
3908395076973544e-20
2971923441511826e-20
6552759431860117e-20
12591811983104375e-22
11852408692863797e-21
4224996555184398e-20
6803212724652159e-20
8547261148595398e-20
0.0001149355980988428
21558838629380145e-21
37494671310747457e-22
8063866278400056e-20
14468214540373862e-21
1571101588666274e-20
7961357606920216e-20
0.00013999098285659886
2303101841321178e-20
36813956478501505e-21
6219625519066087e-21
2287240732562808e-20
6958947968867695e-20
0.00023881381422721245
2990904620231739e-20
0.00017890810072853218
3004431158252208e-20
0.00013141613015875422
945139817743095e-19
0.0003328281850639478
9007631352395965e-20
3235863338761976e-20
1193169303959401e-20
1331974208354488e-20
0.00017432948721518115
9496772789936208e-21
6672475500166368e-20
1433211390154775e-20
14718829921693392e-21
5600655371406866e-20
3539716022218346e-20
0.0004176137225273112
0.0009881566716664829
0.0002545565261081735
0.00028051646085090894
2099673832613633e-20
0.00014360066498975645
0.0003475484294160246
0.0006206013650207948
15053790821173803e-21
0.0007413560527959408
8377765828524876e-20
0.0014112154648795697
0.00013484795130922926
0.0001197765726731862
0.0005910389663209649
0.00033282876956001924
7314486784018345e-20
0.00016990557090553352
891518908034768e-19
0.0005715461283089374
0.00016822542349763343
0.0002788538985469898
0.0015424766484474454
4966689505963744e-20
5945925203422859e-20
18816404327745697e-21
7249705423622136e-20
0.0006609424314615836
0.00011457787075596065
437981734275473e-20
4905631982341096e-22
0.00016712435985382588
0.0014025665001995643
15270865082738762e-21
0.000258683051694079
6705543892777238e-20
0.000508759514134419
0.0001990721257502298
0.00033814137151153825
13459346996796393e-21
7330705086443543e-20
7579091375486571e-20
0.00019015748558840758
4892291580579661e-20
43101430280266095e-21
0.0008047827332332244
0.0001925219861664429
0.0004285560080426771
2742597617631684e-20
26265565591733995e-22
5511444278543778e-20
0.00015435803008594502
0.00010235323944327955
0.00011285712386731516
28735479048725393e-21
0.0001326600298621609
7928925403933954e-20
0.0001623029282844446
0.00017285237439334635
2779814592790598e-20
0.00022958463598335646
0.00036045031162229476
0.00021147235575036955
0.00014608567151965123
0.00029267345018837705
0.0001748319339153479
0.000517358595108559
0.0005308530156446961
0.0006161219641263844
10604391833885803e-21
0.0015396699647262293
0.0002111234908180108
7070784150879717e-22
3406291050763178e-20
0.00042023317459432316
0.0006714080338841672
7525851249268116e-20
0.0004500953176571809
8985356532323013e-20
8735526655147022e-20
0.00035298806702424725
5574387363352954e-22
23503026438259946e-21
6479928646853076e-20
15963871452662876e-21
0.0002776066528083429
0.001507353792883411
0.0015115202094494959
0.00021369712004709222
0.001447031735169765
0.0005738839789615594
4724025606372424e-21
7784762266288526e-20
0.0007453798712464297
0.00045849122001154143
4949984165299001e-20
784697145543591e-19
3267514760567482e-20
0.0002605354958700674
0.00033858579290791595
7353393010820887e-20
0.0004995809076770974
0.0005433699395059465
0.0008380302316645736
5726561400069817e-20
7750186120434417e-20
0.0005631056106715445
5466142328882389e-22
0.0024814109746054656
32166826182573584e-21
0.0010428729905976653
0.0011066718286693229
16630081677883472e-23
0.002497433398663972
0.00016608308831504045
26854984370376665e-21
0.0009521884682498963
0.0017846003831098003
0.0009026009716903231
0.0001279937863975574
0.0008013229532824538
8009229525929252e-21
27133217956322687e-21
0.0002595043024019366
8874368555562705e-21
0.00023928128777261917
0.00018597246973621535
0.0019583608839398464
0.00034658309264839083
0.0001789308182412601
0.00035862558791998944
0.0002664172565081134
0.00012654584367296912
0.00013242139643806374
0.0001596118770051322
0.0008388794363580901
0.0004799994575525488
0.00011092904886683814
7089515823924167e-20
6296852260897474e-20
0.0008408425439459782
0.0016154620827985272
0.0001373410904388506
0.00010556738902850543
0.0008901892505726762
5288040740258211e-20
0.0003035264524926187
17867890472463558e-21
0.00041859765195381726
5907900678676467e-20
21073677615923672e-21
7157250734693248e-20
0.0001533752410267459
16082854593861175e-21
0.0018595122087032149
14370102437975687e-21
0.0005008424774548486
0.0004919343615451027
1783063859796421e-20
30313221209277125e-21
0.00020455331360885986
0.0005750104428649213
0.0003343090007143122
0.00014408262180831346
0.00024096720155450196
8276336270699827e-20
0.0005952631438577472
0.0004640932138512506
0.00012948934511202706
0.0002032168454689531
0.0003838865486900333
0.00028407502463745755
51299831506632955e-21
0.0004938223814435017
0.0012250746167977418
0.0005150893078619928
0.00031358311137579556
9164021824348915e-20
0.0004680599954956281
6527340253329811e-20
0.0005069695860582262
7118586179784425e-20
0.00016266276111131825
0.0036407016403117234
0.00466247799901062
0.0007749959292807228
0.0007980435729434597
0.002121349515295165
0.002155925535702588
0.0007104994405970782
0.002538174428697686
7726684577344752e-20
69023236637478496e-22
0.0001066382295775553
7544111926021792e-20
22378896560891565e-22
36268813184337933e-21
16968780695099554e-21
0.0001501967075238795
0.00015718035921770464
0.00403720752992563
0.0006546676407787764
0.00010958064298478273
2110998484311655e-20
0.0003974228027325161
3081099263301873e-20
3880734990036351e-20
644179690491954e-19
6947308412925721e-20
404287508161655e-19
0.0007563305933556914
0.000966874360020522
0.0004195571707444815
0.0018693198898531952
0.0014419238218892215
0.00023503147538852671
0.0002636409324095981
0.00042241094301341667
0.00011088524443271081
-3608674272673889e-22
6916506226235886e-20
0.0003916069673121591
0.00031717742608060713
8855264586155264e-21
0.0013216412476514238
0.00031352631344086886
0.0009560281679643313
0.002720677021013157
0.00027926645180499323
0.0004308901729879142
0.0005817039149967598
0.003774736099144677
0.000908955355691077
0.0017203708360188537
0.0008847085569795553
0.0011919681149506283
0.00011271524783570542
0.00013483511249814503
0.0011610265720947285
0.00011936374416363513
0.0001432447324973239
0.0002598207022543043
35506495736298036e-21
0.00014712584461180341
3560632212924771e-20
3165435399900192e-20
0.0015489673791962081
3073175769914756e-20
4379821027340137e-20
0.0018644268888620842
0.0001681957797056856
9904813434727417e-20
833444103705456e-19
0.0006548991279202927
0.000998077866305064
8177789026046092e-20
0.0003796484034430383
0.0003079150557639247
0.0003231703661731387
0.00034438415988419604
0.00014473687791203454
0.00010923877839427264
0.00195304689987035
0.00015828448223823542
0.00022647182674947314
0.000537647415016796
3579561053522123e-22
5506509138065599e-20
0.0005001907992621763
9209896826830322e-20
52092577817223636e-21
2018330434356503e-21
0.000403684809054809
4818733184367385e-20
0.00024853687114527993
0.00010232210758899506
0.00018800483907393004
0.00019256158173722675
0.00527599227155964
0.00014311331165742523
0.001372534275460267
0.0008991690479009405
0.0014575937564258563
58595229977917065e-21
0.0001433482581038628
0.0002552730463580655
0.0007467036862368052
0.0025508826954831376
6684274684938607e-20
0.00016585651265894105
0.00025182213512651324
0.00018859407233572285
8548966339023482e-20
0.0023675993348689466
0.0003718083421825313
0.001520843401583881
0.0007007720728703619
0.0014690937565844664
0.0012139912107508029
0.0009270774649315844
0.0018123974617181157
0.00013606943678811918
0.0007445202493095918
3870303618096954e-20
0.00013895813126500408
0.00020062529355928835
0.00022749661292006685
0.00021773337844667
0.00019100553549716623
0.002566919387388476
0.00046848767463036824
45434869246631686e-22
0.0020789151208209854
0.0006604548315595832
0.0007108159514174223
959088501530571e-19
0.001165517010718524
0.0006187418809242622
852776279147606e-19
9897421614478514e-20
21520349586022725e-21
0.00013515400412632337
0.0005875767828453419
3594885989532772e-20
0.0001233359325288108
7139167508562256e-20
5416936117475521e-21
7311975225622701e-20
7096172258204677e-20
43577541316638364e-21
1895844805599635e-20
11192139272297958e-21
6583760357738478e-20
0.00010492028336616325
317039626646361e-19
28900097246325607e-21
3976185030963812e-20
6548289649356751e-20
0.00040017215426639265
3606203521419653e-20
4675337303064011e-20
7150052270125073e-20
0.00017748554554296436
2906519259053147e-20
0.00020809077871198475
34426953664295095e-21
0.00024156887136638072
21309319976759128e-21
0.00026766075694785354
0.0008909607874146568
0.0010051350895538653
0.00010896476987193543
8327218831429811e-20
3139435653171412e-20
0.0003554969714208556
0.00010753098322452974
0.00014919593243216032
0.0005937418308503722
0.0020514083485535526
0.0021419155091142146
2537864075262565e-20
0.00181875890759569
0.001324237615144923
0.0004548910194379646
13508041516061956e-21
17019330281919033e-21
5778520275310985e-21
49065267126268234e-21
0.00032536300244927316
5441712873120838e-21
6382698883820715e-20
0.00013730788938410096
52847099677970465e-21
17396762929293476e-22
0.00012962194944234005
0.00014817124863463784
7488134411490933e-20
0.00010529967921944628
10285553893278175e-21
0.0011267950360328589
5526480862523979e-20
1885019623238326e-21
0.0003588888347639873
7282722832547276e-20
0.0036036772175522826
0.0010150795916847922
9479882705341963e-21
4270250301996679e-20
0.00015832988086838818
0.004107156255989106
0.0001973917186243898
6446061701715557e-20
0.0012795163987981914
0.00021660537293398326
0.000516077830739414
0.00016841424310101366
0.00012513773665666562
0.00016866754281093165
0.0014759728195734177
0.001688730647571444
0.0007545217582221609
0.0016717486270732551
19450250069888156e-22
0.0011052470182913556
18402346986521538e-21
0.0006091726343458206
0.0005069002190261269
0.0027313832977675034
0.0011363582649929244
0.0005842526306979043
0.0005613839359576902
0.0002409330483474308
0.0004972184720533328
0.0008519824766025996
9144305532975114e-20
60313627702260616e-21
0.001477154048420097
0.0006167350117686931
6074974260183135e-20
0.0001924300663851121
0.0006784625669270343
0.0013378639824311678
0.0003540391735181795
0.0001543927425579779
9166442233029246e-21
0.00011791632797995076
0.0005617184822236852
0.0005087801468927962
0.00029455999556495877
0.0007111675190711198
0.00014220161175704867
0.0002123229142479386
0.00017960119525625414
0.001990621071364792
31939185480186034e-21
918100716319937e-19
0.00032415755125355717
0.0009430612576825778
0.0005242421003640944
0.0005262058370441403
0.0005719810632053006
0.00010880231767118835
0.0005842415740238846
0.0036213806682401798
0.0005791485846964214
0.00011546598985731746
730913170717383e-19
0.00014956083033227407
0.0020570437802002214
0.0032069024591089546
53873091301172695e-21
0.00029229143054926407
0.00022963804461868955
11372799981743357e-21
0.00021006121660092797
5435174823018857e-20
7492427754620487e-21
0.00014415168840090792
3689189192373224e-20
0.00011852826396749414
0.00019357297567501253
0.0003307261776854576
0.0002532542840280424
13934166853057052e-21
0.00015850056388215934
815690087072679e-19
0.0006463861836955488
0.00023671407333759016
0.00024697266080497707
0.00015813561341418355
0.0006002984691263262
34951369388340544e-21
0.0003098660342498497
0.0006311499778241374
5639871581258403e-20
0.0003438523164451093
0.0017069044611057779
6048047632261852e-20
0.00010732313778452896
0.0003759030086138011
0.002354436401504566
0.00015746697687796007
0.0006835664641195962
12236326406540831e-22
0.0003828657758378597
0.00033438058377567066
0.0003610147885981034
0.0006598313922003033
0.0006166011037542782
0.0003018458588499692
0.0006027251619427307
0.0016951856211976767
0.001209353342400901
0.0009478806125729104
4310690800121239e-20
0.00018785943822085933
23003816495509736e-21
0.0009616061486261143
6142444448689564e-20
22292967897796775e-21
0.00015262138306876272
0.0006814199944456884
44017501910991103e-21
0.0014727467852276859
0.0001102712973390783
0.0015480453037785707
0.0002398153483889341
44760261726338456e-21
0.0008802499967329768
0.0005239929263098125
0.00041413275719832607
0.0006239537100029955
0.00019400790876560392
0.0002913033283278569
0.0012247962703371416
46154534968071826e-22
0.00016994334543295354
0.0002551238686170703
0.0002721770282369838
0.001140121481139053
0.0009611112833690426
0.0014780168123500802
23586170395235317e-21
2089850813496306e-20
7558850360684097e-21
0.000517851663402547
0.0005034443395952425
0.00017290847781057455
0.0006984841027276401
3174073080619049e-20
0.00027596910754069986
0.001590128006122927
0.0009196925682148869
0.003624439967876819
0.000575219451969175
0.0003236658118036157
0.00014216639546059184
28912180951717288e-21
0.0004783759994197836
0.0006523495379390709
9157729926826804e-22
671468612803536e-20
0.00020317112480376399
0.0009013513807552423
0.00010860541883753664
0.00041668086732076843
0.00024229814106565317
0.0005842289980034759
8385837012357119e-20
0.00023643202765984443
0.003659788100433793
0.0004382819692580031
0.0013970905105319786
0.0009414911771541779
0.0049506454061115715
0.00045859792581284277
0.0011260007163928804
0.00010363545068384637
0.0001468472683833042
0.0003214671249090461
0.0012603834107887326
0.0002636171884564289
0.0005051932385375616
0.00019633207911307505
2926100065226832e-21
4668248136251453e-20
7311767534246846e-20
0.0011105108881110854
0.0003445446197115443
625402035073306e-19
0.0004414844343940851
0.002419667691129684
0.0010989734101351262
0.000774878559554775
0.0016872440384330073
0.00030924832141407193
0.0011830348839368143
0.0024505819432869137
0.0005326571794973358
0.0012188232452688414
0.004677234080803495
0.00032364584251130666
0.0007914204360038543
0.00027221267004551243
0.0014351503726414232
0.0032230562931754884
0.00038339301003225833
7448476102553004e-20
0.0004300930137927973
0.00011877751187801826
0.000274385536979231
0.0004958651929891347
0.0005792972566041246
0.002130810428223543
0.0005712213259642755
0.0021372811197568026
0.0002778209084819825
0.0002255059592114307
3269155655175987e-20
0.0007042252347787596
0.0024190402589512635
729562373920401e-19
60178227005289646e-21
0.002470755235999039
0.0005732221448800903
0.0004111890225122078
8309941813000836e-20
0.00019137016063847648
0.0009765275357702426
0.00023286428682847403
0.0003831814477308061
3467204296929328e-21
9593714521697001e-20
11900298542710745e-21
0.00112835172811128
0.0009972873156778063
0.0031099442710705015
0.0006185259081892022
34393909499778273e-23
6331631008640752e-21
0.00010847529832452854
0.00019406342237713868
7816033573609665e-20
0.0019064511926131554
0.0004314292289590927
0.0001662158152147265
780463345429184e-19
0.0003937147877577092
0.0004235116509093896
8669851498783347e-20
0.000565529384081263
0.0002221578210974966
0.0008439522793142624
0.003070535706741921
0.0011325507229439252
7893311084578439e-20
0.0008117367810458755
0.0006787525860743423
9403340330992955e-20
0.002792711831975582
0.0003138495854642362
0.00011506761939452619
0.00040517626707014897
0.00035620904489214877
0.00018501330331115068
0.0005297723227495992
7960805851368873e-20
4736442846164701e-21
0.000301300869391934
0.0004823941995729709
6399211475261188e-20
0.00010093704080008304
918951087134658e-19
0.00039892589694752814
0.0020400044201098234
0.0011387872967499703
0.00019443092588809923
0.0003964730821435048
26436490195523562e-21
0.000307585827887129
10241070748609847e-21
0.0006237786201509641
0.0004325880365940409
0.007345009817436068
0.0004007463423410482
0.00021737096607179907
0.00016318157158891816
-2305768557208652e-23
0.00020394774755343748
0.0010356479375496417
0.00025573395304859004
0.0010754709716595506
0.00037039573700969577
0.002523013615553178
0.0007626679012108744
0.00040207581268662557
0.0008910274658615791
0.00019096091015198557
0.0062147624636667035
0.001397616366374726
0.00012769451229336688
0.0010700118309732774
8616672101508362e-20
0.0023630573358434386
0.011963683717825385
0.00029124079359417617
4669683261028994e-20
0.00016532086713901174
4846844976339497e-20
0.00028970714795556587
0.004231161446684185
0.004198926782806701
0.0002461126973260111
0.001123097587929879
0.00011427961850754872
0.0004571134294936732
9224235671831822e-20
0.00032772089259242867
14857276771890944e-21
24215203552932188e-21
0.0009681529377709206
0.00027786884044676965
9207008880421945e-20
0.0013764821101932834
0.0001860108056142311
59092241664947476e-21
584390408440333e-19
8243785294874606e-21
9171203280760164e-21
5694089787612395e-20
51693763719119436e-22
0.00012377405767498314
47883058084093906e-21
0.0002567348481692595
0.00046584149219586446
0.00015947452863722297
0.0003866427761812936
21021199923575e-18
0.00023648223946448518
0.0003676981034044584
4311894472102021e-21
7855780466398087e-22
0.0008639076890338618
0.00048012719739781837
0.00027565671228522374
3247571228073592e-20
0.0003425507134458245
0.000476112158089794
0.0007448943175178026
0.0001461421212348328
9778926230161415e-21
0.00017959950865450007
33210721874607706e-21
0.0009179838815100393
0.0010076188716978665
0.00010101558471579094
0.0005133904885902743
0.0001376052052062599
21425086585377695e-21
3873356902030091e-20
19708787427648193e-21
8715533349190704e-20
3740109274877348e-20
0.000139637176336052
0.00032653949686393247
0.00026376835699235213
0.00017171382796942245
0.0028443030651860834
0.00038841005860892354
0.00011579064953693082
0.00032395780854413593
0.0002601192274251853
0.00014137491389389463
0.0016720423628453572
0.0026485750835789053
0.0015254542598354783
13639204525142545e-21
0.0013799612231737625
0.00011996335230278435
0.0007244990991235734
8144526487145054e-20
0.0015317784552104083
25728966618512153e-21
0.00013698376913507805
0.0003923426265848005
34604302966417554e-21
0.0001837194913002328
0.0005578674447012944
0.0005889785069454887
0.0010148036236129246
25348770190778178e-21
0.00013618830737085254
0.002869918731378476
0.0019435271838751352
0.0004219857468416071
6237507661266436e-20
0.003921828531404564
0.0008911749042355038
0.0011698241324711437
0.0005612355309154459
0.0008869793641305595
0.005021182442761577
5889876130556359e-20
0.009396917768050097
0.0015900079071220037
7563991879209968e-20
0.00139768037763171
0.0015174335124554198
0.00029555668781763736
0.000292345490985022
0.000940216894564201
0.0002610503544257527
0.0008434302686801271
0.0016533010734220267
0.0003635719616400794
0.003043421503889881
0.0009509015455877587
0.0002714470441293308
0.00043168882702446633
4917767821436108e-21
0.0004903155354886587
0.0005998884959312562
2186314836119464e-21
0.002481162190875067
0.0005469574285561739
0.00017560867823715053
18065322235909357e-21
5160162682149859e-20
7379267833230865e-21
1472855090184028e-20
22949982407660718e-21
43806363635003545e-21
0.0010716076701863645
0.0011116278464716233
0.0004924003047388694
0.000723462123263573
0.0004229914222446127
34985738021188327e-22
3208073310962858e-20
5177282108522683e-21
0.00025490386665936353
59269296240809205e-21
0.000544991885228298
0.002287475052141895
0.0004740234732384695
8567254941641646e-20
0.00047196978461031745
0.00048306656480782013
0.0003179572485504373
740980249027432e-19
0.00011930866503799878
0.00016691352392929186
0.002062551788925026
24312278229011204e-21
6815149760218211e-20
0.0019427387708821492
0.00021888765949966535
0.0002635308804948522
0.00029720257628208156
0.0002395536910011762
0.0004309201974650734
4501954216228731e-20
0.00019696879998180828
0.00028765615566048625
49397421683493706e-22
0.000998342618347889
0.0014049028747855155
0.00026522627843660615
0.001152228000910187
0.0028430835024256793
0.0043366732374236815
0.000332551017757555
0.00022362667965472079
17326445051234357e-21
0.00021082534434531
0.00013845718090334561
0.0013077892199435828
0.0010586274931433438
0.00016833498796895913
0.0003583474710030619
0.0041827500965611174
0.0006777976604008578
0.0002322990528788201
0.00010691478979768034
0.0012665920765378696
2796618776468329e-20
1765286928819242e-20
32101581883946065e-22
0.0002635304184624173
0.00011065368363322094
0.00013674342253800422
0.000289734289493286
0.0002336062298344733
0.0007694142020381595
37396087103395635e-21
0.0004930373866705078
0.0001674759638068031
0.0003944476254251205
0.0045938152969377715
18214708473417196e-22
0.0005713112314469237
7646411770016188e-20
0.0015173323300942398
0.000187627541518095
0.0006997206640108603
0.00027094160783946476
0.003449818301636775
0.000472604494811965
0.00037102934928538326
0.00051943073324825
0.00031568698856232415
0.00012013383472878584
0.001924854675777188
2191202052326675e-20
4741358577124378e-20
0.0008330931536867415
0.00012085522716545434
30581605955756924e-22
0.00011305046090024573
3629860807216452e-20
0.00036876639985476895
0.00018158690249993266
0.0006504034787041706
0.0033633545621070777
0.0007614479958729332
0.00011137050581188839
0.0003851259486054157
0.003967329058248637
0.0015918839908757223
0.004307308378769678
0.003936872477589938
0.00268882562404332
0.0003500167543192934
0.001866236611877242
19575165525782755e-21
3560742232121119e-20
0.0003038106019231691
0.0007117953797129559
15247815488438372e-21
0.00030643041077919636
0.00029058628527997826
5657757607927812e-20
5843899031757737e-20
7101640561640776e-20
27477492712468713e-21
0.0001837885018733059
0.0012476346695118265
0.0012705511121914685
543785391746498e-19
17448453856269457e-21
0.0017488419797432222
0.0002578194309650602
0.00010808660153010772
0.0030139276056204943
0.0007063240168269924
0.00030629587120502744
0.000696919112394616
0.00020146828397189025
0.001650403621690258
0.007800115875742696
0.0005621712370188857
0.0006140334187322824
0.0003323150500830041
0.0011372365973852815
60685385369370996e-21
0.002547496624582378
0.0005138255044842422
16350604645090277e-21
0.0012009421545782083
0.0008874954100698292
5782692871400272e-20
1982819532883803e-20
7568944783503238e-20
4101507723192181e-20
0.002244609256877542
0.0032785754343355564
8750238897361791e-20
0.00035760335609588684
13497413144245628e-21
0.005224805258520444
0.001361859962526972
0.00017783535961017093
0.00021086486182016737
3611348213130909e-20
0.0001825588057956823
0.0013702125565779719
0.0016433054198433557
6416819926387955e-20
8480321756937087e-20
0.00016762766347580424
0.0013127250402848727
0.0014477487877469903
0.00033254362285148206
0.0002553546034960938
0.0005448774540617844
0.00028356610419170985
0.0011602484764278922
9711931135740908e-20
0.000871490590423745
0.00027121256188014636
0.0004134354955877271
0.0006066632394510881
0.00011411904646342005
0.0020859734413193752
0.00011840347077313318
0.00033377726187227267
2769823677544937e-20
0.0017489680178782979
131730407635805e-19
18740901369678071e-22
9205069008082136e-20
0.0005554456635569702
0.00017587854082023685
21584685801787923e-21
0.0011411337803000111
0.0003570092394054982
10672092143216123e-21
6255822851675832e-20
6338895028678023e-20
6414518541190379e-21
8336444218529819e-21
0.00027251601873673286
8316691891726305e-20
2648625166439768e-21
37387064337331056e-21
0.00012973095979052068
3950736349607568e-20
0.0016645734098411971
0.0008852029826285701
0.0001098701860740098
0.0011655103884833323
0.000290073167779439
0.00010330316707828892
-23948868859000555e-23
2502497913080214e-20
6788329151445244e-20
29042786360314616e-21
69983277221790085e-22
7861722958963471e-20
7483760135484494e-20
5941755112303622e-20
0.0001318387957073928
7626520543348045e-20
30048499822606895e-21
8127607627708508e-20
0.0007874106372028495
0.0002153158884679674
0.00021413771695205077
8096168583887078e-20
0.0004282268907630878
0.0003780064518701732
0.0016413921817824534
0.0027229170464878475
0.00011909040479220815
0.00046002920287830344
0.0002504804067808842
0.000353188484006445
0.0006272608667640127
0.0008972729280007358
0.00017899683820309917
0.0008997077362393348
0.0013431823402524144
0.0022947178041181596
0.0003946304140892287
0.00026885195262813
0.0006954203748421743
0.0005437990263108904
0.00026961501562494677
0.001090454764647179
0.00228231968106603
0.000644797829404667
0.00017629281288670729
0.00011473230809206797
0.0002272545313347738
0.002744288832579435
2227168769540669e-20
8096426593328821e-21
7972585013493096e-20
25589180400840623e-21
47880495795178495e-21
10826736480513017e-21
0.00011156046118100375
0.00018868524919371022
6342137809432417e-20
9270746689653775e-20
3924564889282078e-21
0.00021748159082095713
7439995072084784e-21
0.0004393687420958247
8085577741160293e-20
0.00032424420756286637
0.0019741119575194662
3361778887630131e-20
0.0012123328448678272
25448499637527475e-21
9683358716625075e-20
0.000610332890336683
0.0002794386593634623
0.00020085136546246454
0.0012484678459698973
0.0020856840814722738
0.0010656562410078824
0.00043417092238517366
0.00038815495726591604
0.002015599918348725
0.0003630950909668368
0.0002773323774085696
11824583461156777e-21
0.0005713114684619176
0.00019888606489884395
0.0003058443141011655
0.0003186281030373081
20321723524639e-18
0.00020505027439491597
8277060117548693e-21
0.00027275563585117706
14930122133360316e-21
0.0004324510931228304
0.0008086898542461986
0.0002724630580210429
5599249778388191e-20
0.0025688641443128426
0.0011499841198295186
0.0001301679730655313
6729752441543592e-20
937239375469828e-19
0.0004422090679356134
0.0005681885163508366
0.0026263225965928905
0.0019719402479806514
0.006501018604170708
0.0001432619595905268
0.0027106382172593377
0.00010029109321599676
0.000518104397525119
13931087351160675e-21
910486894056375e-19
0.0039838967416284425
0.0012266840614012047
0.00015308326386617163
0.0012210021862670197
0.0004854937051761021
0.0005497247238214777
0.0004801465536904078
0.0009306068597828621
0.00017680827428943216
20215820871827274e-21
0.0002579733884891269
0.0024195922941670418
0.0012879271628130325
0.0008191785043652408
0.0015900412587140434
0.002018813495744099
0.0037360731003024043
0.0008331912129896421
5491993482904139e-20
0.00028702310490347324
0.00032770482646218667
948647103642549e-20
0.0006308143688219724
0.0005159576256482298
24629532857082833e-21
0.007148670225283654
5033042182715698e-20
0.0004055210454384733
0.0007882534959967156
0.0001173393060334521
0.00016828743375250249
3108495001043736e-20
0.0014458795914309463
0.00112927259659756
0.0011224536396771281
31908530120893336e-22
0.0017736707471232053
6009622747169969e-20
0.00048026260583687385
0.001028214096963952
9424585064628489e-21
0.0002780318806114291
0.003001891726179503
0.000154321954305812
0.00039568126098817735
3216150550574773e-20
7731340353930297e-21
0.00042665753639042084
3721131711110582e-21
0.00024483806562588763
4006277751417002e-20
27749040075795257e-21
0.00013658326555524263
0.0005975346208937184
0.0032900540398232625
0.0025820387433390084
7992385354987934e-21
12186580206526583e-21
0.0001205109159976608
0.0021794937078766807
0.00021925728680655446
15816945278457305e-21
29502764340047194e-21
0.0015953252715027572
14903882477461148e-21
0.0002853659492415357
0.0006329639086384454
3401074355022965e-20
0.00017734430143756646
0.0009105724379737937
0.00040922155682819735
0.00031498270168293636
0.0003767402126950716
6996208936679151e-21
23054323164755606e-22
688677222198257e-19
53531107361462636e-21
0.00026573061054785917
1658802005629861e-20
3896587708532339e-20
5955069691654212e-20
9356220079624259e-20
6854019510855409e-20
5184669792473149e-21
3219043999704758e-20
3418259924347122e-20
0.0002422949124601817
9770317492392663e-21
0.00029114607034411096
0.00035244536542983776
0.0003095995554055357
0.001850077262090331
0.0003048141179523673
0.00020022123622665035
51173790520441e-18
15521245259005117e-21
0.00012966646164900295
34463240089349916e-21
2663999311916806e-20
4012865846725127e-20
10915955625470513e-21
0.00035463333506596275
7797051489247424e-20
68060583642598e-19
0.00011989718559668042
646544886075276e-20
0.0001418031752315249
0.0014587036869613999
7470119297349968e-20
0.00013246473634122877
10165335122485037e-22
0.00018786846839724945
8114508982603726e-20
4571552092411102e-20
0.00017768785978450186
11192726261520006e-21
0.00042640357344663637
58277515737325904e-21
7002703773772584e-21
12574593139978145e-21
1347760570774167e-20
0.004435929696242515
6197978797492554e-20
3080026106073574e-20
0.0007688384039077448
1336356916030907e-20
0.0004257590145934455
0.00012714216422841785
32459584067144145e-21
909477959991478e-19
18401997808125736e-22
9041433705284349e-20
3683074498311497e-20
0.0009627899671381293
6762603412871839e-20
0.00011058883465278457
6361928550957203e-20
0.00018874336881270429
9655007821605486e-21
0.002206159294632562
0.00020154464635274073
0.00123921451293384
0.0004322350850923152
0.00034906506616795373
0.002942056051473527
9748606118061298e-20
0.00011167639536842495
0.00011093560189915992
5410332828993615e-22
0.0010895579013358886
0.0004476164749137738
0.00046616096524422073
0.00010406921900331526
8070538072987933e-20
0.0002081360770202094
15591691297348474e-21
0.00014902654285047715
0.0006773243733158176
0.0005329578780432746
0.0005603070957579982
0.0008283144863462742
0.004466203358866481
0.0012467525063375206
0.00040232837565219487
0.0046771033707984876
0.00016217861264056118
0.0018675632079723993
12838470304922844e-21
0.00010824830603855162
0.00039602769390046754
0.003107787955199436
0.0007340415688141721
5822673620534306e-20
6806042820100832e-20
4476564606737031e-20
0.00043862246397851447
11939972265871654e-21
0.0008178849496493466
0.001166683036041441
0.00019450156979071835
0.00010697700457076582
0.0003832886067516121
4421424836151051e-21
0.00013230107105302905
4626274913978311e-20
0.0003206812928884947
0.00011205665050811105
0.00019081280732066112
6969459652601701e-22
0.0001063732233565968
3434038926566083e-20
1193143079458132e-20
8118357586827696e-21
0.0002342032492975998
5085025475907488e-20
9130396991520065e-20
129953761276019e-20
0.000337917068464873
0.0003281192832527817
28523792428830116e-21
0.00031902039872134977
0.00011209949226665806
0.0009755236201690893
0.0005714239863970693
0.0006168797951521173
819871899188378e-20
0.0002096863883233909
6805604051685257e-21
0.0020727556189785172
0.0001496371155031897
0.0005251873441352456
12183612606077413e-21
6439274031318771e-20
0.0004919769401784789
0.0011361771027242097
0.0013644689016641203
0.0005113474851592267
0.0010789327745484754
7523743730522928e-20
0.0005388230144596812
8657592409191054e-20
0.000177025412054772
0.0002496146298914887
0.0003208062152346218
0.0002896369820787186
0.00011003988671843778
0.0005512804609138941
0.0008932758064382715
0.00033788428226415865
0.00035066843739320775
0.0030042058258731978
12659020603228713e-21
0.0025389074458369155
0.00026516132969385737
0.00032783471443716713
0.00166026810611811
0.0006266477564773345
0.0015577983582921297
0.00021888937848511925
714840630968436e-19
5582266914602003e-20
0.0004681306988346624
59829877065644333e-21
4783950932550214e-20
0.002487542570015653
0.00018322245447327756
0.00032436952707274496
0.0003155221498456128
3985351143971754e-20
0.00020662372918271493
0.0018501367180031331
0.0046265477322752985
9399516689251345e-21
12198188618641286e-21
0.005880351151734471
0.0006928051921016837
0.0008130974429352684
0.0010035071862118563
0.0005720408776292111
0.0001369377166758467
5456105796603368e-20
0.0004013075458845352
8241085412735868e-20
0.0015861761294502191
0.0002650430245677253
0.0014512308774916325
0.00027618885352639666
28130647669984613e-21
8031622206474873e-20
8578468620167227e-20
0.00039225884071019686
0.000784666943526902
0.0006275218874162506
1792608695707582e-20
0.004178388839931546
24724407670010816e-21
0.0007322439979723609
0.0007896213083482889
0.0005176067703341108
53921518931832226e-21
6264755311910938e-22
0.0003864707936962614
0.0021382557567335304
10272779308558655e-21
0.0002544063528516713
3996206951625319e-21
11716080235504553e-21
0.00043097001419838094
0.00016518985441242305
0.0006943460261532675
0.00038180914107540043
1453901543834688e-20
0.003751294865440065
0.0015535818425052182
0.008079036665918119
0.0006221927423457433
0.00205490104057005
0.0004950410131622486
0.0005671256347673886
0.0016974310850304398
37689539435620383e-22
0.00047196811149047453
0.002054686942053311
2044081841157626e-20
0.0014008489192323093
0.005566126362308631
40679223694340735e-21
3650487459634657e-20
0.00021660922015532072
0.0011662958940544493
0.0024165976104548936
163156709419407e-19
0.0011512755260664556
10551450042611287e-21
640882938992122e-20
0.00047672138847593685
5793763285040584e-20
0.0039977003009782856
0.00361373721721524
0.0006776958752357573
0.0004941230478770606
0.0007481086140754022
0.00027816998170022034
4259779349194917e-20
0.0074164506692568155
0.0010482958053949574
0.0007537667916764619
0.0037649786634786795
0.00039110393535727147
0.000542981229408714
0.001365228806862658
0.0006273015013470258
0.0011408182969556825
0.0004240500710108055
21505698120805185e-22
0.0005299772116827371
0.0011564730264025374
0.00010596088391610242
0.0005866215169151233
8514865067032837e-20
0.0002771213944802792
3363483111601478e-20
0.002965893747344605
0.000901901850331202
0.0006096378022497697
0.0018483771249925521
0.0011863894435877819
0.0030769727403899653
0.0023061137227809877
0.00017545351578676093
0.0006061860365419779
0.0001741266313330823
0.0004179020221584022
0.0005148408296829486
8006502910205342e-20
16801215662025616e-21
0.00016814061517692755
5745914529161162e-20
8128009805160871e-20
0.0007495939850459153
0.00016093594591992427
6362970788742757e-20
0.000439410738872876
19682033453008012e-21
0.0009256020838770759
6365848557883737e-20
0.0033200711224068706
0.00017741654881084937
13355840001704497e-21
8550931405567246e-22
0.0004372704596172982
0.0013289434878858285
0.0004959194412569967
0.0006367699819922538
0.0010268628410804858
0.00010979025188828031
0.0009064184982919143
0.0014278883398536407
0.002972625584272543
0.0012794035420248336
0.00292935300163859
0.00014426766003888336
0.00024204105587456522
0.000544216696696789
28224655779933812e-22
5149651372352974e-21
0.001344532132188982
0.0016373332884806002
6598314549944983e-20
0.002274615160907159
0.00010535062108561275
0.00026408717584427754
0.00013187482788699825
0.00018423456821865962
0.00023734727557963718
0.0012119603386977842
0.0005823875350933854
4814345980490955e-20
13125847671600006e-21
0.0035723167152771143
8325831059260375e-20
0.0026247362088484415
8381189004380899e-21
6351961436837048e-20
0.0015548239195554928
0.0002120990798827713
0.0006250117835963162
0.00026807592216526987
0.00011859022834518361
0.0003984042950242248
0.00011811573630349665
22638618087502403e-21
0.0005822114509742864
27290538081504342e-21
0.0002174531998473993
0.000595269652455814
0.002115631854388387
29294823501695178e-22
6598847503070594e-20
0.002231901050756193
0.00011906213749242775
4245509033432475e-20
69250516859695715e-22
6622561420011152e-20
0.0009999310252030477
6239776762291995e-21
0.00017783387027712146
0.0006899603039024928
0.0005936208487786442
0.0008567844642319052
0.0029104560331038435
0.0005601250782520515
0.0009230435708030399
750763228975027e-19
906004709252338e-19
0.00022657639767959876
9269837850942058e-20
25133321769708227e-21
36622077968122975e-21
9704561117475616e-22
2200260636200876e-20
0.00026971215968613684
554309035134915e-19
3485041798764491e-20
0.0001066512768878661
0.00012614829926459618
0.0002021259059420668
7168415107960249e-22
0.00022439365235788996
0.00023603320607311983
0.0003648607754204759
0.0001273579649592516
3955027773339207e-20
0.0008447189266192965
4855888840769411e-20
0.00020762326011061942
25582855215722902e-22
10461674619744395e-22
0.000293289510551468
0.0002358226348318523
0.0001816948968207945
4090025807085905e-20
0.00028349762932693216
0.0001186052486265715
0.00018111891337643798
10508625144137569e-21
5620514005881441e-20
4791891101373298e-20
0.00024621123321633506
11518578157713647e-21
31068868437455267e-22
884405441855243e-20
