23481155075144116e-21
0.00015835656165944
0.0002964182253561976
7803343295343981e-20
0.0023081776447029527
0.00038666548734354953
0.000612329991505159
0.00016270155049571231
0.006591779111404266
35619501555213376e-21
0.0005439171402708888
2345518167301726e-20
0.002402590287952229
0.001924170082663491
28941768222162424e-21
0.002931121010185376
0.003355130523258166
0.0007421853331539438
0.001429134888443372
0.00011138417379041288
0.0035015756406953603
0.0004591177341048315
0.00030225950308087566
0.0054828723160432885
0.005200643864625755
5312784117451105e-20
7267299905961927e-20
0.0018781614874967612
0.002742674840922767
0.002395430148629562
0.001993758793236463
0.0015226054833473261
0.0018794781918985122
6344229949963769e-20
0.002049605257075124
0.003291882949938305
0.0031552851408194935
0.0038449179033125153
0.0007782088918417465
8573173492754204e-20
38395129206806455e-21
0.008906164711763268
0.0030825326410788925
0.002964627538645977
2040586658966937e-20
0.00028914816410990663
0.0018859635097920769
0.002426640664553889
0.006155845975706911
0.0022151006739637522
0.002170329867689424
8872767780749094e-20
0.008395872353869413
0.0026722615518503853
0.000172674231995791
0.0012480786601324586
0.00017753025371713347
0.0006205919291223002
0.000368548352841707
8363743437569184e-21
0.00013695733295940147
0.0005227298128103616
0.007934625605932713
0.0001144246396781542
0.00013025731480412507
0.0001317055613859501
28455697536029403e-21
0.0008135946940631698
0.00022837169072457064
0.0020681388206092053
0.00021403763116542286
8340730951868021e-20
0.0024704064135070074
0.0019968774933551577
0.0006527263058259589
0.004850816107387016
0.0041788691521629584
0.0012635419489731117
7546729103627856e-20
0.001057999156015595
0.0014139532393628652
0.0010757013829743773
0.0007839128278464656
0.0003631343393500469
0.0017117409503855626
0.0004711756374961518
0.01313962606401007
0.0031043564857415277
0.003666788007147482
0.0162498923158362
0.008745465987705859
0.0005167418520423004
0.0006633902583539305
0.0024980541112303743
3255119550913772e-20
0.011292889958921942
0.0005461182660043039
0.0022120290771162824
0.0056671059810991945
51088355560769625e-21
0.000580807292427933
0.00421185759584328
0.008564021233896013
0.0007493801971823161
0.0004198559383735439
0.00023303758313300313
0.0022172719190390973
0.0005179173387685357
0.0016850609353454605
0.0006802513981217856
0.003235181761730585
0.006202330520792672
0.0023336937420100003
0.0002380004234645874
2440987220863496e-21
0.00029620747712652356
0.0049260400855963525
0.011254724754453743
0.0014345707887027579
0.00012365222859855312
0.001544325987876086
0.004555150895583956
0.00678393895244414
0.0032072549030619656
0.00023050556572332885
0.0122153661263447
0.0035056608130066354
0.0005793900562971819
0.00027150624082197507
0.0016460646024064407
0.0016259934050964603
0.003802143121208731
0.0007109328245409309
0.0018498887225904342
0.0003730644197074144
0.0008417009668997394
0.0034830215161372473
4510458946221565e-20
0.0005705100821478977
0.001421237460777714
0.0019979794762547297
0.0006613686490824334
0.003183011219932569
0.0056875914281203695
0.0010506891983734427
0.00046192530753330857
0.0008952846152398637
0.003906951851125815
0.002156958898107317
0.0015753001330460123
0.00027953230350989385
0.0001127050557773519
0.00034679907908806917
0.0006840106884633013
0.0004375462684476955
0.005369727894472024
0.00040399981327513283
0.002518772641418054
0.0034413130468423266
0.005396272967028936
0.0001188310108888599
12661061321003565e-22
0.0006442130199773633
0.0006343874851123222
0.0006499038074720752
0.008724177441541562
0.00039933277663999804
0.00484912604369479
0.00023361936369580274
0.0019597499646795712
0.007912199574910704
9095345715194759e-20
0.0172421152560783
0.002839011426309365
0.0015231792508979027
0.00024071952258540138
6898662566454645e-20
6476360187722718e-20
0.001932248244321776
0.004165208626768356
0.001914777245902122
0.00025484453802324374
0.008779023727538837
0.0008014308295327577
0.0011667694378445221
0.00014003295181648707
0.00015082766765853146
0.005625947166217959
0.0025444427104941597
0.005310849673143908
0.002429051500253965
0.00636871646983439
0.0013746517963669554
6299146874116212e-20
0.012572351384650352
0.006435195109970391
0.003629927443382145
9454265109964385e-20
0.0031867940345852823
0.00606568187145765
0.0010402685866087809
0.0016887752847190034
0.00011381187372021477
0.0004904262351362399
0.0001724524696725037
0.0033606062085990897
0.0034103332187334716
0.00020112666513406722
0.008780973737904253
8806321014176219e-20
0.0009608379334920175
0.00016884857778924766
0.00022023988162836285
0.003329642486640281
0.01672883163174168
0.0022360131584898565
0.003460438237189458
0.001313085434131983
6519803655520046e-20
0.00038785524526294726
12227994144518328e-21
7291510911104819e-20
3767995883126405e-20
879074272345732e-20
0.024230790866485063
0.0018500513873990424
0.0015375452562071065
0.022963376858207516
0.0011268000195676186
0.0017145074928188002
0.0015268534002700503
0.0014725919141609963
0.0006452512553255705
0.00011612521986445537
0.0051506972318111684
0.002303165069635185
0.004105348976991053
0.00010967158422855484
0.01453762005661407
0.00030902922346890245
0.0004370652834196045
0.004175759631584978
0.0008541208499716675
0.00043582850104606795
9407964982857289e-20
0.002238932581839855
0.001404594554435112
6234537776598738e-20
0.0026275525663421555
893079481756572e-20
0.0009693062060842406
0.0004478447541064501
0.002831718937350283
0.0035917539040064865
0.004148855788028165
0.0008137326549631853
0.00638879933220069
0.0034686229180534655
0.0033716087630648412
0.0023852846571387433
0.002725347546646351
26533887077488574e-21
0.0002993199430687047
0.009867351700782657
0.0045345034313328736
0.005210597389475736
0.0005147531237170167
0.0032525234329382046
0.002612419929412565
0.0012265653562901979
0.00038151590535408903
0.006747249888818258
0.0005066977131965689
0.0024935219308664246
28449828584854546e-21
0.0020479942998035774
0.0003421400579752427
0.0027121841480917718
0.000609338832366588
0.007001851014131208
0.0004019306876817164
0.0005424887416769976
0.0006447833349983358
0.002282965867244529
0.007057431098539618
0.0003031737317596951
0.005956066525486239
15686384874777236e-21
0.00019494314568988008
0.0010073646519504818
0.00270313614251477
0.015025991898906878
0.001229814774849622
23901340830118037e-22
0.0019298445246185654
0.006880522485311771
0.001270162101399347
0.0022741709979973448
0.0001737518690222749
0.0037747856087324734
0.00234234452937084
0.008341264541876043
0.006057117111329503
0.00842510784761078
0.0001535775301737819
0.0004119648968439197
0.004229727974967661
0.0008651027727384567
0.007062042565028362
0.0018256037375594626
0.0156309341659216
0.0003292987448878944
0.0013096728994653616
0.010414667811514481
0.0006424836126468313
0.0022400621777344514
0.009031613208082084
6643472673081249e-20
3472547109992669e-20
0.009089053297993166
0.011343264975431278
0.004931207619138969
0.00013636617883383464
0.0005216979754597394
0.0017171516066128282
0.0007246284678857508
40387089633829464e-21
0.0006630853698844212
0.0006345671300669356
0.001621283371468682
6376528146094e-17
0.00113080760357334
0.009346351922116693
7079940389479453e-21
4102962763368582e-21
0.0004904137988932074
0.0009472531851785186
0.001069321593064828
0.004195178396121803
0.0010928830095576223
0.00529713405808222
0.0004270851761558819
0.0002482006388608957
0.017641425855147278
0.0004699894033722211
0.0038042986773217245
0.00024321340255221318
0.01093160157953919
0.01255370577660467
0.0023336305912118717
0.006273824700757636
0.0019698807499970755
0.002455583811343139
0.0002795303617276295
0.0003194102132341987
0.00011273757656294565
0.0005809612772739368
0.002661347206355281
0.0011734279487445858
0.0005583491326773098
0.0012280438977516522
0.00017877528198886587
0.00012723140331946512
0.001742810259710065
0.0023969336153803677
5627760789690044e-20
0.004177038823517693
0.000611708456257336
0.0013065324799608228
0.0008043152897666101
0.0020905851604874296
0.0007694919366979746
0.0030233967090597656
0.0010127410500408972
0.0007436174874830807
0.00029972258965924075
0.00018333291921037622
0.002122067188762655
3284191229931358e-21
0.0005631185478489431
0.0016133709584800465
3000148145863799e-20
0.0031497667611607083
6172634842150513e-20
0.0006069873826068788
0.00405293609622709
0.00019156205829457465
5448060353675146e-20
0.0013227204850676532
0.0015238671335339139
4753827971579518e-20
0.0031541292631160705
0.0014623436495327456
0.00022857250700236597
0.0012653372121025068
0.0005035984261507855
0.0029052545404201864
0.00018840548443580844
0.00015394757116912803
