0.00016174189018119592
0.0003190830616825774
0.001054505811316889
0.016718863283030686
0.0008426292052800885
0.0077534779677726
0.003298875428651182
0.0421130056203278
0.009273588913472837
0.017154140809912427
0.0797676495351829
0.014223646027195475
0.038423001340875486
0.001433758246528543
0.00022197143331601697
0.05331052369103817
0.03283433279985756
0.09685171713492037
0.018579316273810667
0.02150800654171882
0.044555640062845916
0.05511210257218072
0.10402841898283041
0.10463549819152888
0.026002055591178033
0.005195743106722397
0.00297067589128238
0.002707618166476815
0.05768361814945727
0.0029068547517836427
0.010858144854644024
0.08527708913991879
0.008846952019271057
0.012564655263979945
0.019385215503617145
0.0013283739349091981
9750880130095246e-20
