4002413942109451e-22
9057866485912004e-20
0.0003602320851972993
5054400032541269e-20
0.0005158339217113681
0.0006327320558012515
0.0012285026013622636
58830279581182164e-21
0.0003301181432091613
0.001524335634734353
0.0014030155977748148
0.0035657132138768055
0.0006002083932689799
0.0011380108847893022
0.00029984377094534033
4526483838807902e-20
0.0003217867743645249
0.00034700029502097014
0.0015759022539191864
0.0021426791367363477
0.0002202071718183087
0.0005872835893735761
0.0002851917925891638
0.0018396397902422507
0.0002919987467522474
0.001295405386818966
0.0039669909125876115
0.0021851432282819364
0.00042339968848631915
0.001985570353842728
0.0005338396674152381
0.0013513464124459973
0.0006679603901238454
0.00010208767589430401
0.0019544619935766986
0.0013710427054491414
0.0016512898380438706
0.0012316631639104514
0.0015451861804056948
0.005475375692414538
0.00022160066804246875
0.00039212901870290317
0.0008622755597989065
0.0033836995562715444
0.0011117487039531185
0.0006146494834548519
0.0002279201596181594
0.0004001837370983918
0.000477924841493323
0.003126247260762208
0.0004970722268474195
0.002075313209720893
0.001137396581533876
0.002567405849035746
0.0029943355920870668
0.00404889047296548
0.0004318360228748317
0.0012068058734691458
0.001444834346695886
0.0017706260724876487
0.0014606964894900013
0.0013301010518954421
0.0018480130381700278
0.0017708222736353694
0.0031171691639632427
0.0006295413432733838
0.0030663424710748203
0.00127111249486361
0.00013491305036703266
0.0038333302903959957
0.003883835117524752
0.004407933380191518
0.002453046695706072
0.0019153508217240867
0.0012095586342532243
0.001267113264477273
0.0013128775429634481
0.002165385310213174
0.0008486363499652323
0.0019995818194256934
0.003586968826835225
0.0007954223837525975
0.010995815521511155
0.0006862872666549917
0.0017722167399403458
0.0034397697791506026
0.004986152717742708
0.000749639758588465
0.002029479199403526
0.0015422890308681215
0.003267559464170374
0.005411148121335128
0.0016257964115860828
0.005426722569176918
0.005333769134619634
0.002065144444404935
0.003777527679608722
0.00043784128828383605
0.0014096541305374365
0.0012522020340830272
0.0015166116987988898
0.0040554047875086185
0.0010104235890261795
0.0033169989523565905
0.003054546004789008
0.005174677570385298
0.0013712799053125907
0.0016629099845387719
0.0019122608244842943
0.0030819073681233773
0.0035380234643717506
0.0007194492674952341
0.0003470443572058561
0.005033014974473299
0.0007949482411265053
0.003244732598785131
0.0003940477056283339
0.0021000659258937062
894724691391679e-19
0.009717344790437277
0.0029564089535514173
0.0016599555788673482
0.001189729230239193
0.0028055881109576276
0.0003006900431989095
0.0003671796577302478
0.002860251284686587
0.0012029599973518742
0.001805478619874251
0.00045902379301792067
0.0014565391652873144
0.0020241708699542484
0.0023912192557418305
0.0024487210883664882
0.0021450171325552198
0.005423518849649226
0.000594223791381794
0.0008244358071850262
0.002793507954940365
0.001369770549925506
0.003762097003702858
0.0018547307558764374
0.0014205896605425446
0.0006791561162509504
0.0013665942955886207
0.005477047733647446
0.004543640920428614
0.0015234971063786504
0.0008989029901897842
0.00013324260244822103
0.0008588822129633896
0.006206970734877996
0.002658279387568988
0.0016816698322619054
0.0012908606844435353
0.0029235607195696434
0.0017956660263406267
0.001593363333792787
0.0018074136246690907
0.0005059767210238874
0.0021618877533401497
0.0022508948498261346
0.0031580469429253076
0.0021913219970767896
0.0008605498609296281
0.0007647655751610109
0.004840081938615772
0.0012603093493514805
0.0003078863688171385
0.0009637651659403192
0.00043986686185557467
0.00036915615128773775
0.00015967587754596034
0.0007015764960886195
0.0010398347081221951
0.0011109526218485639
0.00046705913873657434
0.0035589015733865485
0.002739670850556765
0.001829326385407054
0.001600461929660631
0.00016967936399001424
0.0005775216862830507
0.004253901605124167
0.00073935840533175
0.0055487871335475406
0.00210130342853947
0.0002616905027315764
0.0038027846366135787
0.002241909678106694
6106814434606977e-20
0.0010532818269735277
0.0030415812755895224
0.00025224431863579797
0.0012145176897989855
0.0023881585855852353
0.0012696333606970185
0.0008348122494437706
0.001084971262129058
0.0013827924327869678
0.0003551811637690452
7575784823939718e-20
0.0022371735331681132
0.000649176762253758
0.008786456116681239
0.002543716952246843
0.005449913473441134
0.008846450250074864
0.0022185067034340583
0.015761776839211997
0.00402077339020834
0.002487847563697445
0.00013023721166139873
0.000852970748845157
0.0029476489239831792
0.003560437605689616
0.0026578141864086356
0.0012275166441508918
0.0036559224447078667
0.00029933803407732664
0.00023362249923653016
0.0004708983939119874
0.0027221851247805
0.0014159125983768063
0.001971650165200006
0.0019558271599695873
0.0004956209550070369
0.0077776296133476395
0.0033641174476982884
0.0014861588150134677
0.0007330515297121834
0.0014272874601207303
0.0047467914060751615
0.0026694255677716387
0.0035023253912192997
0.004713688431380208
0.0016207949828207346
0.003946319421644257
0.0012661459939132466
0.0014859568644933828
0.002069910163998857
0.002116765089133522
0.0009260141339643617
0.0005261477724405921
0.001456707609785017
0.001077780528591115
0.001257387417085016
0.0040892662779117035
0.0006363171057190907
0.0003002394312657096
0.0029035030322901376
0.0007976047329669795
0.00023778884532113572
0.0004634906618761431
0.009584576833280338
0.0014508155861723832
0.011423517583386363
0.0012116977212704024
0.00410663591450348
0.003256005436395792
0.003296353187048882
0.005803566081998808
0.0006013303436789489
0.0014721675993771915
0.005103697444014668
0.0015558477061659323
0.0012747527748978164
0.0007532939259592543
0.0002454442946168732
0.0016398792020015207
0.004069409281173614
0.0006731491644786498
0.0007312603649260983
0.0035332050287336307
0.01012790159683992
0.0031386153258214514
0.0016166982544899653
0.0016480030556600778
0.001003434440893212
0.0066881053236297104
0.0015017478462712142
0.00180676091368322
0.0013360542699406683
0.0004675801694670032
0.0038053168432753063
0.0028726285625996703
0.0008023183759604545
0.0015145597157085711
0.0014090206461894424
0.007467800547324195
0.0018013440084154024
0.005566570804855235
0.0029694293686067944
0.0019491836649039316
0.0014359783853949229
0.0018912097066230906
0.003765987280834733
0.0009078637614868405
0.0027464364215750744
0.0007679112282798467
0.001394748517669511
0.003895040446030031
0.001689070030484178
0.0030828860719171874
0.0019873928877459225
0.0008146531545922285
0.002801135815310054
0.0005853611574532219
0.002388747704063593
0.0024144254981175606
0.0022188676763410563
0.0006670948594190035
0.000517854523373106
0.007450206245973312
0.0015532156677811437
0.0005472018254579373
0.0037286820265588455
0.00045514388917594465
0.0018913139110194985
0.0013081767355399964
0.0012041986011495434
0.0016526485002151356
0.0005120855349059232
0.0037553531698587134
0.0012723420361439234
0.005003391299065029
0.006597660711887284
0.00035050274963436737
0.0035630892544342837
0.00472272112020952
0.0010314466829646149
0.0026819369401763107
0.006529979630403136
0.00040044199088569335
0.007055316575183567
0.0021229115773208763
0.004247891199043171
0.00064505811395297
0.0031682740202083953
0.0015063038634788575
0.0002214962583279381
7731799560920727e-20
0.00029334296616329307
0.0026909472407490673
3553528549438679e-20
0.0006684640126968374
0.004097903413091162
0.002635247467896633
0.00800553281972256
0.0009629016012650818
0.0030252675299969473
0.0037497678133512945
0.0016210828995564378
0.002694642335937532
0.001169527685056732
0.0037396532895138464
0.006840473048243479
0.002148870333435231
0.004099308836817398
0.0012715213394990249
0.000724962637224478
0.0006948713332756793
0.0014802226680784001
0.011226840520046338
0.0017122656576575737
0.002075701148616556
0.0001243562900787533
0.0008949918291563217
0.01477628016125261
0.0022475499971466115
0.0026749420593419307
0.001644437662247313
0.0013146672483878338
0.005278385315965748
0.00037475983206855165
0.0017805042291656901
0.001164097526702263
0.004967475334729877
0.006161829628503894
0.006593924222248484
0.0019430459627441377
0.0018892683874337816
0.0007967185218701066
0.001190211658747212
0.0023933828275759764
0.0007821097085368448
0.000583958477365304
0.00041068810066715396
0.0004905906472942704
0.0009047842279943604
0.0014353621322495784
0.007763469754329747
0.0012426737561535021
0.0007055430350648751
0.0031865624813311355
0.00269614220676847
0.00265505058341863
0.004811148935256769
0.0013502685460600426
0.0023880472629014392
0.0008372451765454747
0.00029825410585441775
0.0002070832503322605
0.0009666407685871262
0.00025116884319116247
0.002384482327341278
0.003956956979892863
8581762727557093e-20
0.004017318928685035
0.0009265883309010338
8018401710029749e-20
0.0007625605693781457
0.0005693948574365127
21810503687413853e-21
0.00122546301119769
0.0035884244555876754
0.0005600767033928321
0.002633388649197623
0.0008300323886873283
0.006190871006152097
0.0020057445423238896
0.0022745100958977095
0.0024407199526834673
0.0015046055389384076
0.0018548369800788053
0.001960943070782608
0.002990959598178381
0.0007696782288511578
0.0023320691194664627
0.0015501266773541992
0.004427222748794069
0.0017897837006241274
0.000992601029683308
0.0066628698788000484
0.0006222733167248409
0.0003474955288294376
0.0008024742600736087
0.0001091996451881476
0.002689477821365182
0.0035710982527541024
0.0010345915963808638
0.0024402109248561126
0.002742157798707148
0.00024041864062001575
0.0016026487731538065
0.002359308239956617
0.0017668534006167933
0.0006459610496551294
0.0005723425356566182
0.002810279342199386
0.0018776219086877888
0.0029145063757317342
0.0013290761428660861
0.0002733929669528867
0.0008159745557823356
6040484761252807e-21
0.0025679638333525124
0.00017778335771806246
0.0009640546262819707
0.001011940101474104
0.0014731298806687594
0.0003877241705371507
8125894109313402e-20
0.00020837002914582574
0.00022628774918272411
