5491028508804147e-20
0.00027989428495439194
10645348169516578e-21
4178739457997379e-20
0.00028747544307127106
4255857015520023e-21
0.02411441197723796
0.007615232086767204
0.006827938001540503
0.00025742753102296563
0.011029996485921605
0.00014178876976475552
0.007825672309760227
0.0005706141771695905
0.000717845651836144
0.017494524305670455
0.018308796032803925
0.00017084404263144093
0.003123914263885662
0.006321747206640358
0.019779059593146405
0.011848423005464655
0.005889459210069436
0.02359679736033903
0.06963291479215272
4419630680991127e-20
0.0003631593754222847
0.030958259461197634
0.017527035112993864
0.0016645472717120684
0.03296137903169464
0.011163512562730663
0.02103210604818562
0.011294143693990247
0.0005272515575674738
0.00017684453792346906
0.028580954479469955
0.002782061664409767
0.017516869785070277
0.004744683348213253
0.010271739600028165
0.00262518644814092
0.004965688795503009
0.038087712005270086
0.018005169195234264
0.01419702539921291
0.011069561422835699
0.01032657316085282
0.006663007086371453
0.002244291286911276
0.009760867049134609
0.0004817459991603743
0.01739315145085788
0.011642737344713477
0.019871709277968323
0.015556796969681217
0.0007829248001389583
0.00019855649395928565
0.011872883718411713
9935112842899025e-20
0.011263148014966492
0.0006526674150377132
0.027821408872181236
0.03913577325347666
0.007135356410336159
0.005943698106435291
0.08274567957286057
0.002830787549204772
0.022037324651728377
0.05998476053300361
0.028532335569154788
0.00322091433151356
0.0017993810955006671
0.009164342357911016
0.00021939003978716472
0.0006416244747837658
25512811386432146e-21
0.003008219943042906
0.034150356292642174
0.0007639432333004114
0.002358973785796364
0.010030457577604845
0.0002262873706829557
710824598354459e-19
0.0017055616573389792
0.012810743672746774
0.006492885751495264
0.0018150767409029099
11745145409376397e-21
5030230230762822e-22
