13279853016691968e-21
0.0016328549906524548
0.0032153161567805765
0.00171271643370945
0.003360590357850472
0.01325664140331729
0.05606154778416209
0.02383686639102642
0.036594862124148135
0.0038526161807091374
0.0006513208466081257
0.008902701117408082
0.16855666569890335
0.06989904086557645
0.04079330903766513
0.2162440913043703
0.12627024993135674
0.020779240991712092
0.017907574594874475
0.03635108148380334
0.015410242377591773
0.002324969728945303
4690949468264423e-21
0.0005949463699195652
0.023612138420293364
0.0005051998631744752
0.08830367869656786
0.007555127219528926
0.010182174137002283
0.0015064178505811356
0.00010784683926949788
