0.00014265945657749665
3415930591922926e-20
0.0003966429878944446
0.0018760790749120068
0.0019402533498712698
0.00019972164116109428
0.00806791455226927
0.06541742292867701
19184621933139274e-21
0.006020413290137813
0.014337612400865769
0.058519072845065884
0.0006049984119394919
0.0044147846442602135
0.007102731647306596
0.002488189257366466
0.38025428352351187
0.03822359839078582
0.11007776388888035
0.007888815644713283
0.10011738541819126
0.001577845830117606
0.004134056712088313
0.009212104332138918
0.036078464511098356
0.0015464573812122196
0.01090796383784463
0.0007979614844349702
0.10025891109835226
0.00810491157033179
0.015457703883228103
0.001936099297027814
0.0018284283427911648
15404437094109113e-21
