-26553191100312965e-23
39445800955391495e-23
20940877784147128e-22
56129032081204505e-22
0.006983963894364746
1854415705562511e-20
0.0017259200710251466
0.008994079123855471
6395116783267911e-20
0.0017028271770596053
0.0010068183052362085
0.12610242861138038
0.01802373629511676
0.046240214017360816
0.0031440784072379858
0.0174949669345601
0.1659755676831432
0.24378052495876631
0.19645974065571098
0.028261925187939893
0.013012289554975702
0.10612314895553754
0.004293262731574232
0.0006490220352956626
0.0007138389175380985
0.005730762157163559
0.001134252854854282
-7227962246206105e-22
3516565748076459e-22
0.002354549042748397
2122325231470644e-21
