52599697348688935e-21
1554640309205359e-21
0.004647391361465733
0.02160789472795746
0.050196245332832796
127191674304418e-19
0.0071255222381796
0.04253562586775783
0.03253551205593997
0.0027490085088641633
0.00019019530572316422
0.00016661347983844773
0.2465160690334677
0.023827326943700395
0.0024538477131084077
0.0022119412279896183
0.009309383558838834
0.0003785373095562204
0.08244109083266501
0.031296273458296865
0.11877522109742197
0.009705952128375083
0.07624861173460085
0.0013366567980157883
30408307085440177e-22
0.0025914842412391166
0.053231368977564565
0.0009198157500627487
0.07574857611143225
0.0008589803097810717
0.07766836257033342
0.013819877440852127
0.0002787907599156275
0.008558136629888058
4412473184078814e-23
-2719661936491179e-22
