-924899017393729e-21
6728780389592467e-21
0.0001845813710834582
0.00037206277263473526
0.003877793455608587
5851072333370592e-20
0.001602220733883015
0.0863164436451057
0.0009086454655714854
0.021368835662040134
0.31471533103155636
0.00027798937482431663
3634204768936254e-20
0.05448411219179939
9909357276404979e-20
0.018192768496788598
0.2909766355925272
0.00038601813595868015
0.0005559687376327533
0.00017653646767137708
0.1429578331454167
0.05215971885310758
0.005318241814133693
0.002355779152741523
-36423047142332503e-23
0.0006816855623031139
55263623979039414e-21
5283583618066156e-20
0.00023980522947781693
0.0015838999038200517
-3922505336651672e-22
