428494303890708e-20
13012607006819055e-22
-6278651738655287e-23
0.00649481627339133
0.012657786285000402
0.002124579808109832
0.2940959175991348
0.001974580768001951
0.01548996625730479
0.013303938090681963
0.0006774310386570976
0.004381352872607851
0.019607765925391544
0.0008064161235832034
0.016574119721720303
0.006152568059184019
0.0072437086841219845
0.0011826157291154197
0.1073475987537588
0.007104061649467616
0.009003933080409294
0.011938071618484336
0.023004043627842263
0.0037852873428138568
0.00240980134725832
0.015033126476463059
0.1736396508647579
0.00087182993609882
0.16904723883328887
0.06982739355140434
0.0038107911323806503
632928107221898e-19
0.00034079232162110315
