0.00014938933446305262
12470069866713655e-22
6378050347773401e-20
0.00011014752162404442
0.0019395935365524464
0.003537253210567754
0.01836267652849698
0.0057590603281088395
0.08461388719415436
0.0016291529951988736
0.003995444349724728
0.0009610527108796402
0.00877025482153933
0.2356500124123253
0.05024722776576158
0.19291948165786033
0.0010082929094987513
0.00017167381546705083
0.010526163098866831
0.14944237415611775
0.07287487214962114
0.12347906323023972
0.006915731861869712
0.02172090554406309
0.004464345004094628
9074189131075235e-20
0.0004505271949759624
0.00011891255573225098
27448226159812712e-21
28078560899381795e-23
-9943013480917163e-22
