66145484372334e-21
3599644246620624e-22
-6050629956341109e-22
0.00021043045092449802
0.001611562762512261
0.00041339611124324444
0.0024717543061188296
0.000353659137577777
0.007937729713656484
0.048160421393352894
-7875715551847112e-22
0.03385492032627054
0.0028731639314356493
0.19839947388695314
0.009137578215911376
0.11390433522306798
0.0029510313992092384
0.029594630856099684
0.00012795808697024701
0.022715093224245718
0.19737824528137432
0.20853603622723732
0.006382583750206676
0.027699575873519313
0.05262208792702104
0.0062625146635308755
0.001812212495447874
0.0025981688397371193
0.0008171015845353727
0.017271081922502738
0.0039042189339795843
