0.0008431417825355975
0.0004328837609685488
0.0011370537289456238
0.0013776597351916192
0.0009267454731563752
0.0002539376018097622
0.000565689119637013
0.0004674326912007336
0.08330344008858814
0.1001701952838181
0.08978522599328967
0.0010946680861780222
0.19926256060989503
0.01377189685009302
52175688149491635e-21
0.0009741601902821995
0.11399384094712453
0.1615894595160719
0.023540711522673813
0.005674545920810239
0.0008943917264938608
0.08287716882039171
0.08522407721492029
0.0010920758439118398
0.028828256567204738
0.0006890557960717109
0.00046231772326243005
0.0007160492134083198
-9728059752042393e-22
-8748323472434685e-22
10301422379546446e-22
