2529802860967191e-22
-9850580646571047e-22
2104874375944159e-20
0.0003259359902453414
0.0003746377302442695
0.0037379261305015665
0.0015157276553565704
9637479296955303e-20
0.0017229835051648015
0.0006382872760316299
0.01646740841244044
0.0006063925063519227
0.0006736118326646362
0.00019120709541341031
0.03749763129016636
0.00018022073931530465
0.059543532201131615
0.21346434334329015
0.0007254759173204662
0.0031268889146389887
0.20804561052719944
0.010579336036873225
0.329190797391648
0.05280589610536248
0.03632408271389253
0.005131342729554788
0.000921531372274068
0.006597515701087928
0.003598527493784282
0.0027651847361692627
0.0031312731929261273
