-977754256854542e-21
0.0009730146942686048
0.0010050957882435894
0.0019885898184742417
0.00034880137192648775
0.004535503171697558
0.0006890323704250678
0.000502779600659541
0.05675240686815792
0.0004038790609612752
0.3899334177344373
50044109667011506e-21
0.01908798887582711
0.0011173935863811957
0.055300650831350474
2449081834124909e-20
9965345740892446e-20
0.21739782592359136
0.0029376131946944007
0.012650209431337685
0.1809957603198063
87235977668565e-18
0.04938865561887025
0.000581995101086518
0.0010424107320587985
0.0005861808945362942
0.0014603348634815569
-9010104408200358e-22
6041181429437234e-20
956000239400599e-22
4071350200411557e-22
