0.007164809406269133
0.15440885241669167
0.03678034006275452
0.03663608590124324
0.0164272019799591
0.02007178075915086
0.028661550843723422
0.006305324093293249
0.025247060436649888
0.05869207448358792
0.014648624928741687
0.0016253333159165254
0.0009856890051094852
0.009449135235458279
0.025347411919515724
0.15368239304761816
0.06575832091162631
0.009119997474747727
3971969177394898e-20
0.057748414830298786
0.04634342668370301
0.0007493744065539924
0.06253533199797172
0.014104828787948677
0.001462939621372492
0.019892267531160124
0.10681440624876792
0.002464045488139916
0.00946233088290987
0.004174713097942101
0.0007556584289176741
0.0006648805921932698
0.0017756754882896626
