0.0007683017656620857
0.0002067419271637906
0.0008048233432354137
0.0007109288789102345
0.0004986321215910813
0.0012628183331986507
0.0007120431351622056
0.002288733304668166
0.0036294939433159853
0.0002577082843813377
0.0003365388407680665
0.0019598946524551925
0.001685640351175702
0.0017366919109961195
0.0012999626319486431
0.0007243471047585387
0.005159133841365833
0.0009744925361391288
0.0018001231032526992
0.0007160234190694893
0.002300644310264599
0.0018952420519367929
0.0031782120657515697
0.0036215404817992593
0.00048070131078128075
0.00733537925852304
0.00016341963993147672
0.0011029932103501208
0.0012406704015121663
0.0003857006232498143
0.0016399783250752602
0.0030143350175838805
0.0012494822830651066
0.011651437306030106
0.009622366441153645
0.000892101539402223
0.0034756457615942988
0.0032066366413494767
0.003866754944542985
0.002539173823261517
0.0029478983347693997
0.0027280967507970814
0.004446673627732148
0.0018226198875632715
0.0007734863761901294
0.001163807912301761
0.0013888980036722107
0.002844692074494791
0.0018264456319478496
0.0027986674092084518
0.0010926480426144394
0.0019020736124138267
0.0038256352051336605
0.005390544604957583
0.0011490075056478284
0.001294152090553316
0.001960661994640392
0.00017262258044830714
0.001011500186399143
0.005763432831025587
0.0033790380383913305
0.0010856165464188266
0.0007034286202220332
0.0030281536101748234
0.0005173386004564637
0.004960033347004705
0.013348295755113426
0.0004957869765784004
0.0014078309522595333
0.00011703371990075242
0.00309690660412237
0.0006461455152962101
0.003490442937357511
0.0009625982163351027
0.00690410300048468
0.0010317290460479431
0.0032643641751773497
0.0022394076007575285
0.0014544011619555758
0.002078466602170877
0.016506456234648813
0.0027756190005599037
0.0038006941135660033
0.002696492586740548
0.004774618822416419
0.002074334906837162
0.0015193265413456902
0.0005057217741549992
0.001857181528821867
0.0012571544098892635
0.00198261962751299
0.0036386835457473377
0.0052624133357082525
0.003666419622173111
0.00314896096649787
0.0015748774128319812
0.0013434015524943729
0.0030098043247783536
0.002829728319230784
0.000599879592761926
0.0019174329245260674
0.0019417095738509563
0.004392774897736493
0.0032476077682632148
0.0008956992096664966
0.009026757392784352
0.00035196958870144647
0.0020634600008910425
0.00320227749007869
0.0039593058799903755
0.014162386596785172
0.0007238767474691278
0.004802913101819025
0.00907961146761882
0.0012361053907048983
0.002639921728694881
0.0038487333442257564
0.001258555755724367
0.0011176729715981677
0.0003924138685822143
0.0013275400878715088
0.0011931819573488126
0.0030330751474363466
0.0011084910981471756
0.0034859288090649805
0.00023207044291080462
0.0010948460347123784
0.0022813356231415967
0.0006254252734629646
0.005339872619759308
0.00631931237245715
0.0015852756999606748
0.004713219321697378
0.01011434734335019
0.0054608067291509995
0.0036967855519275546
0.003428584706250025
0.0002855701626478618
0.0006703546386412868
0.00274809102337568
0.0027005624903436013
0.0014129255766130839
0.0030330857447297883
0.004462344225071113
0.0015856423960278968
0.0037810407161376607
0.0017612612155439575
0.00462931511890664
0.0007352024349759686
0.0035113529003364887
0.00876550052129203
0.0008982385065678757
0.0004513086515769607
0.0030322068234571132
0.0029282455112343915
0.0018103195255963593
0.0010313289100437979
0.0020901924649378194
0.0003176882789344761
0.004255914500102282
0.0014428280523595205
0.005949175614589423
0.0008613609123495772
0.003026396391611407
0.004206209976462375
0.0010774386835943777
0.00043025160864269905
0.0020488376829635936
0.002231865401713694
0.0023970994256265763
0.0004581814231250129
0.0013991516810643015
0.004381568867543284
0.002191502924483912
0.0021978339472483862
0.0023270128029544103
0.002632740669036221
0.008005161306273276
0.005422037391269566
0.0014159577996226014
0.0020180508313485876
0.01285507261833964
0.0015434074084195528
0.0006883342099855545
0.0018179274895461757
0.0021147822061452454
0.003943684903108953
0.0003910495812072779
0.0006154564038355918
0.00017630068817798276
0.002579018558034843
0.00023246941717231786
0.00022979073570687268
0.0010743339099172219
0.00060215086299195
0.001532062750743787
0.0022920842045989374
0.0035297708525296647
0.000477618943818999
0.0005070492671271512
0.007632483356229022
0.004768234932982969
0.0007119652286918627
0.0033971621306848588
0.00020480425790012012
0.0021172332387016574
0.008659429603313729
0.0019369983804618093
0.0014277488248635943
0.0007697481033462109
0.007042621677049948
0.0026332941059267817
0.0029890160333386384
0.0014166069761613511
0.0018481255925419412
0.005061063787734769
0.006858067391068533
0.002966208116902412
0.002247511641180231
0.001311558332326087
0.0007416559830457728
0.006591232938097234
0.002380756134138373
0.002040040985556559
0.00164825139216929
0.014464165409111968
0.0017623377477054979
0.006720032799093146
0.0004802416451880893
0.0006024357852269979
0.0007264908361962673
0.0006996509076360877
0.001590020440792999
0.0003790784593797708
0.001098207265146648
0.0027620018833325118
0.0022231164336856597
0.001208315031353247
0.0009077278147372989
0.0006349463799918281
0.0006305509522114795
0.0022578277184096733
0.0005012021149609761
0.0004147890476194353
0.005907709065448257
0.0004247555565604715
0.0015367423469239434
0.0016419998810825074
0.0008582805498663476
0.005562732743222602
0.0007406914777216846
0.007565505733310097
0.0017589297435158385
0.0015191474850858627
0.0027690679702998913
0.0027111031382376955
0.00038993154733911033
0.001521235742052158
0.0025346758429074232
0.0013846756736679256
0.003944955733671421
0.0011368735215949069
0.0030984921508993638
0.0009046118400411566
0.0012991403882490309
0.0026842801910307544
0.007497093219651577
0.007567263910759629
0.0012822345758424442
0.0033614450810747184
0.004327670708506014
0.0003539827038888642
0.00048768165576040914
0.0009299816204483784
0.0015485850170597218
0.000741705450515821
0.004125210558845006
0.0061231824151470144
0.0029775691174054606
0.0016608141683513021
0.011456180501076461
29898566131989735e-21
0.004209959680989619
0.0009622445763302558
0.005843606433081148
0.0014718769226181245
0.0028275885331804007
0.0011965086990116988
0.0018735720100588216
0.0016990230242474758
0.000533855353079415
0.00010699286988088252
0.00040673683693366516
0.003783277169535138
0.0010149599194138588
0.003140812670897565
0.0025978113931530806
0.00071384459133605
0.002766130424710142
0.0036040072068138705
0.003265544699450082
0.0013574656877941267
0.0008181827588815729
0.00037089539625299276
0.003682556482646139
0.0013481305285253631
0.00016868919484502046
0.0018078497385772031
0.002616192228657689
0.00283411678811442
0.001896817178433462
0.0009940932778759537
0.0025507200557177306
0.0008451167980673648
0.006448356389908887
0.0012630229907346704
0.00039250149458017083
0.001348293060958537
0.00013563239734450507
0.0029166141196039683
0.0011394241120523734
0.0006502300385648244
0.00219594091461888
0.007397329659268383
0.002772423943126163
0.0025281214662969138
0.010143905613159502
0.00555013124916706
0.002474688851786641
0.0013714204205183746
0.002486724149667744
0.0022553377576972912
0.0012701594189722034
0.002901547119662571
0.0020187855143857644
0.002611352833871821
0.004884464786911985
0.0016038660612947776
0.00041167517804732327
0.0013655280345098025
0.0003222754412204585
0.0011055679084605423
0.00044588722708909434
0.000739651931516026
0.005521634674532674
0.006678636802878782
0.0014587865288518131
0.0013576767583059859
0.0004670972825544366
0.004176345838590798
0.001072174917583589
0.0011545702265772907
0.005954589038636157
0.011727598590064439
0.0008638633727851324
0.0008661813376751016
0.0016666839283508894
0.005624873706090936
0.0006879798628134699
0.0017148774531874026
0.0003395259445941323
0.0014222914718484165
0.001544320163597691
0.0019371448696909857
0.0005480116621158194
0.0003466126027578747
0.0009893336544818693
0.0001263135514257089
0.0012199594326968994
0.0017305685648277285
0.0033505659263031126
0.0015665971047922251
0.0009940476555974679
0.0011050393806840066
0.001993894755016632
0.00028520531832311875
0.0006433234907648884
23385524081024567e-21
0.0005021244968190975
0.007152346314471085
0.0026122541054024863
0.004155019551033602
0.0002837944393522589
0.00032216372003335096
0.0003338817678810722
0.002657901596498511
0.0017827029568474053
0.0035658465053782593
0.0029440651834730016
0.0004795122271269153
0.0013050864820919525
0.0032576189651463304
0.00027913722211976995
0.0005223896667515474
0.0007602255276514798
0.0004923379815133246
0.0005826354656361684
0.0006685314789001588
0.0006331102947232427
