5256868933623389e-20
3404709058993569e-20
23944237982737344e-21
44525860349311225e-22
0.00011816227883256118
55198542095473134e-21
8723795251219984e-20
7409182933105098e-20
7601326697051226e-20
14835017814098037e-21
3105563474342566e-20
0.00013303066024492678
69577821265056595e-22
27514722568687258e-21
13638500106852734e-21
0.0004928929426104798
0.0004271585594183437
848906529448127e-21
6724068342532691e-20
8280825612698137e-20
635010607522875e-19
4685156071627035e-20
7569706402756221e-20
0.00015407601239272162
12353240796075347e-21
4690765820849881e-20
4836060983642583e-21
10210258198729289e-21
0.0001305043254487246
0.00010463082865226428
0.00029012587400838397
8001206530655939e-20
0.0002887865572300708
21650224497116302e-21
0.00030497576967518597
0.00028236013889913487
0.00012140220706725467
971157316502842e-19
966342631716106e-19
22464500237130473e-21
6429721015928766e-20
5328125793179401e-20
8810819290416991e-20
0.00023651950924738916
10132740371954798e-21
4690315818633287e-21
0.0002413368516492839
0.00011946930138843307
27223371285539965e-21
0.0017959350473103403
0.0009776121685884705
7224577726539021e-21
0.00015139257479625544
2293174938569109e-20
0.0007273579978756525
8210718351634444e-21
0.0003157348472998458
0.0008212764171809347
29844217238396794e-21
0.00014087122425657873
0.0014129522403951592
1240365701823963e-20
0.00014350045323570587
7308479104085502e-20
0.00011369072099131644
5590139374682063e-20
6484133449255319e-21
9343311599794642e-21
0.0001279475020101749
0.0003334957056395317
0.00017400757558263792
0.002907027992863926
0.0010764816974071596
0.00019910178170700563
0.0008238078574265891
0.00015271142145289012
13412028483845255e-21
13171290789362575e-21
6629199786478536e-20
7885990231450145e-20
0.0001391098022718442
0.00025746778247268744
0.00012041085124180222
1293529976991867e-20
0.0002814818309701285
6861791478243381e-20
8840811603454911e-20
9467130704756528e-21
1702624415369966e-20
3450026167294008e-20
603011562767965e-19
0.00037496885852231367
0.00013933647681740448
0.0009841741630138795
7931645612015087e-20
0.0007292555881615591
0.00010438638049250949
0.00028711102456026576
25067374493847302e-21
0.0002506321551649928
7415011945585374e-20
3738575427408765e-20
0.0005812539140286867
0.00010176940153990452
0.0002985173033080004
0.00023704154163844577
0.0012642087821195227
0.00011588292119445501
0.00046224117150538087
8122957546349167e-20
8400414645009684e-21
0.0002592370342578344
7815059126440544e-20
0.0002278340098729984
0.0009836324816817179
0.00026358591430448097
20835518324684476e-21
0.00019689788005648862
24261360850606555e-22
0.00021571131170140763
0.0004574730398427592
0.001026641681751395
0.0005785868745572371
0.0005084295449039918
0.0006609756472703735
0.004281248278121972
0.0007133308272266447
0.00019181764749213082
0.0012074290457929407
0.00027166634058219927
0.00042257001286457316
7960276677044406e-21
0.0007746850964583938
0.0003210902590411274
22123247925887612e-21
0.0006479541006599359
0.0009181181078313269
0.0001579379562306514
15954611975259727e-21
0.00045553037671831664
0.0006334507789928803
1084345537334105e-20
0.0004890773313226755
0.0001820316220260202
4898723268031209e-21
52778884228284534e-21
11928813598502793e-21
14048206098125916e-21
0.00047405064835770563
0.0007228738525048674
0.00010597697549310483
7532446769078345e-20
2481218891153057e-20
0.00010627460057616964
0.0005977526283335699
0.0018026087942136144
0.0005806066251947823
0.002001489109446481
0.0006560933777743749
0.0008202772609949636
0.0025324307134173846
0.0009510025928615183
0.0009108862234012274
4622358466337026e-21
0.0005180325520425821
0.00010998338958086844
0.0008083863400115113
0.00021759003370644333
8893638170329245e-21
548230146429265e-19
6015411895987216e-20
0.0029307450205014415
16712145307753838e-21
0.0014498529303127064
0.0003032088100061085
0.00012807496293443672
0.001046657980234595
0.00010696364374757707
0.0006447690658806713
0.0013568362230490948
0.00017201730557667334
0.003999492474205746
0.0001328863453143161
0.0026694773788921793
0.0012662713030802642
6833884018866158e-21
11332490828390563e-21
0.0006211227721367088
0.00042661278701701665
0.00015892910328501298
0.0003038281366907792
0.0014041391954608504
2895319011454228e-20
0.0002774213951807367
5206881607341937e-21
0.0006734262022043506
0.0003657993948290925
0.0010361544644531312
6840633247754191e-20
45568525502614434e-21
0.0005505466374699262
0.00012878029468665748
56265663378995064e-21
0.0002235699881707307
0.0015842730762877975
0.00012426631023386195
0.0009581869876637442
4888481521364047e-20
8913803830203414e-20
0.0013886174230728597
0.0005503471174635665
0.001975681779043357
0.00011545883183007118
0.002474245302657977
0.002726075978313411
46993375669522985e-21
5658416482005056e-20
0.001317851656431409
0.0018117384612758253
0.0025265185615860556
0.0011822435209601341
6071648558206902e-20
0.00012245693456771942
0.00025009073313089005
23606709387945376e-21
0.0006061107073987531
6592878514081807e-21
0.0006580598276100478
5914070731931791e-20
27209412988797945e-21
5582941701661467e-20
0.0003000627533824563
0.0004219032949138451
0.0006719172638584537
0.0002866743937684569
0.0004804907753299488
0.00016446431401810808
7975326158571219e-20
0.0005227955588088307
0.0001986205659356612
0.0004335813912961969
0.00012213105501578212
0.00010264731325325693
2563790032570854e-20
0.00016135875298381715
19785458068012515e-21
0.0007476957663214936
12880331775445449e-21
0.0002870041845585056
0.0005907253657205486
0.0002528243709070071
0.0006966703405892311
7970309854103931e-20
0.0017706960541583163
0.0002523573650254513
0.0003483360747949137
4007903236182938e-20
768678501199732e-19
0.0027531076466826027
0.0005814549885702639
0.0001337736859784264
4470287083485235e-20
4797906199006683e-20
0.001001971156257661
0.0015455920878616838
0.0006192558079786341
0.0003148888564850969
7855288845864388e-20
0.001278073591609654
0.0003403681171126078
0.0005552552758671577
4010113964824656e-20
38842020257965375e-21
0.00021182987919366226
0.00029391103572856003
1945179175028396e-20
39799588385283586e-21
0.00017069181819493305
0.0007344325207988649
0.0005344440649087915
0.0003933034729313622
0.00029382862219662733
0.0008660163479567198
7617298896101272e-20
0.0004190108670018886
0.0006456980051322874
0.0010985316145488077
0.0006626092252030327
0.000173289950079869
0.0012308818275180346
0.00023731518831708882
6620498980860047e-20
0.0005987828596993652
43315212175578195e-21
0.00012372570208189364
0.0005434456948758771
0.0001648064779616707
50887628996393405e-21
0.00016342628230937007
0.00036119898675352445
0.00017528217366260924
0.0020825481352826115
0.0007104753026984153
0.00043347438390336254
0.0003566198616011002
15610247933335688e-21
0.0006120328282118094
0.00012229574158239393
34620540657134646e-21
16105449830693276e-21
7820664352201003e-21
8461587687864992e-20
0.00011699636031505246
0.007711195598492341
0.0010653076046728065
0.00016855062970616257
45121999587327946e-21
0.0008645890902343106
0.00017917868499355368
0.00023912541405839152
0.000542173746490939
0.0028875896749078755
6221841165964977e-20
0.0005677937596450718
0.0006649841801816907
0.004161349403393461
0.0008481115127048463
0.0015899297271347581
0.0005722442000007171
0.0002519338182616919
6996845115671162e-20
0.00040735198910973446
0.0005631730447569732
0.004108767601098906
0.0014805064861516067
0.00029783230594726654
0.00118082469636757
0.00019672335307298355
0.0004733868908999578
0.000604958292339722
0.00016183821699194682
0.0013619361174159873
5264885502371182e-20
0.0008410279492184725
0.0004117418974238069
22016746913376228e-21
29541668719704628e-21
0.0009698064060288733
0.00036992017981903844
0.0018054748561320587
32983699458860373e-22
0.0001122631441645772
0.0001141059369086819
0.0020456948223178655
0.00046882285874464465
0.00020670273037375184
8356987481616489e-21
0.0003001947589702808
7126043795324839e-20
0.00016649372735546547
0.0002989802050225698
0.00011472482226594042
6668596388264078e-20
6774273313214446e-20
0.0003113822226459838
5392010337721931e-21
0.0008438567491299832
0.0003124255262954393
7954165352904046e-20
0.00012446393089741748
0.00014448024446547952
7322730972639626e-20
1488841969961419e-21
8039774471293918e-20
0.000335757734838222
6133396674764793e-21
26574960982757888e-21
0.0007103652873231835
0.00020728937719252433
0.00041594485387527557
5125799933220559e-20
0.00010976044134000727
5718319032375843e-20
29243146905472695e-21
0.0016519640071713734
0.0002418622765109494
0.0001390747712108944
0.002937884777072497
0.000788062206929101
0.00023847790016397793
0.00010110524437859004
92275851421555e-18
0.000493952660676384
5277814023301754e-20
4314407453358079e-22
9394137530323094e-20
6816441841591752e-21
4470029935074245e-20
0.0013921123724886112
4571403895849685e-20
0.0001807952297098042
0.000291047785108356
0.0036346007349569204
0.0008555693596276197
0.001430259373335615
9168429957840928e-21
57046804701574325e-21
0.000150231815313938
0.0003246689265531145
0.0011983508970596325
0.0013828418253749501
5922056732138626e-21
0.001185361756267558
0.00038440783957928
8561422883138182e-20
7713199901540038e-20
0.0008448575067359653
0.0007741186825208202
0.00014972258553808829
0.0015867035341985871
0.0003673260061994023
0.0013676227024206377
28993276023869924e-21
35273170229936165e-21
0.00017883931947883502
18210026504687148e-21
3346122368700093e-20
0.0005701494329429326
1024020931093818e-20
0.00026889465772555836
0.00039576981534954404
0.00020996601700028574
9936655222481104e-21
0.0004610051112099387
0.00021690167358808814
26091738128351696e-21
22508271718674306e-21
54540163276056036e-21
8441044677315778e-20
0.0009969240423778512
0.0006284210820117279
5601699196570554e-20
0.0002208599552004463
0.000996647056554077
7646728718742878e-20
0.005023654020715136
0.00010469262082207386
0.0005575287933340524
9216232912545199e-20
0.0006951499657226755
0.00027073834363479
0.00013876938462228865
0.00028181751959531395
0.0003792976340254461
0.0003466541801228912
0.00023333596050420781
0.0005135608035808421
0.0010213267602356439
0.0024372233991362454
0.0008008190353861762
50453416406405125e-21
0.0005193936927143043
759763323348116e-21
0.00012371566089842097
0.00021322881986209568
0.00015213254453488558
0.00021748242393174332
0.00015075619149308595
0.0001832585369135488
0.0017966245339006992
29203596933429135e-22
0.00022242526962292758
0.00010541620467588934
6188323497307068e-20
0.0018842030811419552
0.0026843040065615375
5321371937685984e-20
2048263818774364e-20
0.0002976676641265083
0.003429935008480584
0.0003101321459644167
0.0002692278194046849
0.0017531127479245472
17977977652873426e-21
0.002186982931506906
0.00017169848150043799
0.0005094496847052588
24685670710227373e-21
13958387705543425e-22
0.0007462545946816518
0.0035312570893493516
0.0005840372853239119
0.00032188929923020713
0.00022648780486846773
20784538833360963e-21
1486718998627351e-20
4467497464645488e-21
5109916468380054e-20
0.0003500840322955483
0.0005030940782294275
7331177125351447e-20
0.0005571038421109739
31211137347538294e-22
57471439865701005e-21
0.00023543779412605473
0.0013120039388502605
0.00036138910051765203
23155163434213653e-21
0.001559314872325747
14186008548555581e-22
0.0006697778127719685
0.00022118125420292524
0.0001434903372057413
0.0003175743535722278
8201859843620403e-20
0.0003069796678236302
0.00015236380851359153
0.00029676561147163054
0.00010463509578757068
81941750055051e-18
29976211518553407e-21
11631580878155314e-22
0.0006018243535337835
0.0003921972150549669
454380197431247e-19
0.0002240926315265038
869322661305032e-20
0.00012769033103800836
5893088132668132e-20
5835055889124482e-21
42819475798383715e-21
0.0007528954242357074
0.00020619672297243947
9958258648569044e-20
0.0013703970550521028
0.00018359493231174056
0.001490174767460112
0.00031690773308427347
0.0002493609311594778
0.001124992301095242
0.0013140468614740433
0.0008363020282906785
0.0003426260330078924
0.0021758322534994297
0.0003576687091751949
4974726552723684e-21
24907001608228987e-22
0.0005687259467243728
0.00011301796017058417
0.0009739651710337008
0.00016659732876814294
0.0009960420501155382
0.0014834666246049345
0.0007744377877030465
0.0003162244155533002
0.0003340111269445325
2522213081738844e-20
0.0003449947298358746
0.00016065927310397683
0.0003617492795798548
0.00012145325520442314
0.00027866635924129665
163541616915661e-19
0.0004455500295882794
0.0019260404970175777
0.00017008099247448587
0.00026477998414593676
0.00018179006581050267
0.00048802929434780607
0.00015269442818421493
0.0005147234388355315
0.00018020222551263894
0.001048698874478648
5881627129980071e-20
12657306445161568e-21
0.0016005962107642367
31713547909545264e-22
0.0006946354992953444
0.00018164739434760495
0.00044311899560749385
0.0051150829676403515
30450181385891643e-21
0.0010418758801596466
0.0010372966348445375
0.0008548614347303867
39556155906355614e-21
0.0004260497149390082
0.0021460319973431244
0.0010951578913667116
0.0010442406580287054
0.0001533905940135173
0.0009650282067963208
0.0003175502006375537
0.00021174203148320158
6811467949028753e-20
0.0006682003739587375
0.0011181453546617811
0.00048567460480361497
0.00013632618302768823
0.00011841543168494916
606124931207007e-19
15742279993520552e-21
0.00010421398426807767
0.00018566172111081036
7200113225465593e-20
0.001275651667377839
0.00015904770563686095
4472508514544297e-20
7938787186342414e-20
0.0009731272592307828
0.0005130652228822448
8950162961026794e-20
0.00045584464884222394
0.001044876306497719
0.00042118584124883006
4117818220445592e-20
3475401581395082e-20
0.0013267932820414173
0.00023387806477625015
0.00012779351570733828
0.004803006657973784
0.0009468315452550222
0.0004289688920649268
0.0011410612778724437
0.00022175987947456284
35237074090348665e-21
0.0016776794195306193
21244030996583327e-21
0.00020149609080838632
30481512732065647e-22
0.001154238526125184
0.0003388704831665619
2997659139784076e-20
0.00014031140348380039
0.00015139820894238587
0.0002419624365585295
0.00038590952825993133
0.00021232115786959998
0.0008502814464045045
0.0010134325080046116
3229640501126089e-20
0.00034371775232148744
0.0003223726908923671
28146336571096583e-21
0.0036976835530985706
0.0005193287736913773
0.00027365283448170936
0.001015455434570039
0.00018884369460552333
0.0012435740374059172
0.0008768316282822615
0.0004252142137177018
0.0015911629660520217
0.0018689128102989715
0.0023612511380855816
0.00014112519644861272
0.0008697478636399185
4218527586865071e-20
0.0003236266252407321
0.0015043321891340454
0.00038744905189146204
0.001039072009041786
5492595842515265e-21
0.0003169978711166081
0.0013482983842955354
1793026438105584e-20
0.00029663140655981565
0.00016437269577205605
0.00023764578156901137
53067898722645795e-21
0.00015214255008039057
0.00017775868358586456
0.00013915381615945603
8982759686462224e-20
0.001998727557210846
0.00011540407984396317
0.0004791960255198109
5697573048364598e-20
0.0013369308721152997
0.0013245056669266406
0.0022890896978230335
0.00010905118591317283
0.00035272942314911246
6215366089571778e-20
30810548010906874e-21
3904261593610316e-20
3544420889186388e-20
1359688051775311e-20
8128454534616126e-20
0.00016784668952836123
0.00021157788044190546
0.0005741512786089863
34337018975514756e-21
0.0008281685943069277
8770676815005443e-20
0.0027139747443451
36390752658434244e-21
0.007150627916622573
0.0005633787111502152
0.0001907737135369202
0.0003523395568022025
0.00015509494847769893
0.0001918701773344115
0.0006362646359237533
0.00020681938192000006
727955124925247e-19
0.0001738012436346189
26111411727793164e-21
0.0005128008858080694
9845566527607608e-20
0.00047161600427065605
0.0004216309362848733
0.00044283245784185275
0.0006802495180235442
0.001352274151160942
0.0001164436905221544
0.0006694216606732503
0.00022568034813674021
13622629938520798e-21
0.0013620898766102472
0.000375056382986304
0.00014047592773026253
0.0006376852635096233
0.0012636655107142354
6162026637376641e-20
0.00267194653513745
0.0008969001711385684
0.0006403842481537377
0.0037524888470867783
0.002481322350681297
0.0006355165410227641
0.00020515580336254898
0.0007561530734208842
492651020467046e-20
42403838289599866e-21
0.0023004816905047415
0.0002437930393433682
12314476596604614e-21
0.003536092938891923
0.00021339171710387758
0.0013552380562481565
0.00033403138279582974
0.00031587728935117415
0.001846221617204064
6847905258348044e-20
0.00017707487719265564
0.0003314471312685589
0.00021669133598475548
4855330086738891e-21
0.00011503106025222856
0.00014157164532711163
0.0003715315272831837
0.00019546701795175863
0.0011564627473968031
3478017694150039e-20
0.0007068357993251786
240110366900793e-19
0.0004263541306724422
0.00013596830525608954
8583506999606367e-20
6963463315859645e-20
0.0003243522998905181
0.0012642228411292157
7008322777271585e-20
0.00018811402816546065
0.0007005043936473469
0.00019444926155527852
0.0005544758467547557
0.0015782672845212615
56914642870981815e-21
0.0050169804771841514
44219048069286105e-21
774821744965525e-19
6367909480278235e-20
0.0018065211158848301
0.0017792117730723183
0.003464138815462856
0.0007016230094037098
0.0020705703060902403
0.0009732341397942383
0.0002928651841989911
0.0006307073686526798
0.011739367306312566
0.0007520262906024209
26639717365187906e-21
4712472071259472e-21
0.00010363534514909911
0.0020287105456914646
7833954741276656e-20
0.0002477544259546836
0.0015908259537527306
0.0022556706686041508
0.0015006168453152596
0.0002196389065539613
0.0008887313780742975
0.0004109377541493826
0.00024917228094910207
46879607866158006e-21
36554651264909415e-21
45577517779211285e-21
13137520725654607e-21
17542191833105552e-21
9734479130267827e-20
49914240155121555e-21
795159559298551e-19
0.0006006431051232603
6287484538705822e-20
0.0004167151696618285
53283644570620157e-21
28387884765695906e-22
6878655273204498e-20
0.0001321546302566294
0.00024666623252001484
72412572678247125e-22
0.0002732202028240301
59408911621698266e-21
0.00011610242663397073
3217711157019959e-20
37890603662360826e-21
0.00014756437625609734
0.00020540657570594333
0.0007587911557257306
3908238858189801e-20
0.002112386550173663
0.0001662911928636937
0.0004835891437767399
0.0002735633156856776
0.0001247063966869158
11865408649297688e-21
0.0018615552645027274
0.0002478838923400077
0.0006038517470563293
0.001462488236409205
0.0007739501255055266
16847202752592588e-21
8130163695473043e-20
2285796244172193e-20
0.0001524422862461323
0.00035862755466652715
51642247352644184e-21
13266074884605614e-22
0.00018738356062778164
3934823727485985e-20
1628118007846734e-21
0.0006021228064700277
0.0021163205502112547
0.00016089458941666423
0.00020426906886785646
0.001024607456505693
6833503825728997e-20
0.00038355945978067025
7683213505022872e-20
0.00010140966804586973
0.001347774863459389
0.0006963230025988799
0.000514157120161887
0.00030011162714481344
0.0009174493288506222
1613590938382493e-20
51611364007078695e-21
0.00143921894747426
6716750718853999e-20
0.00025759074531134116
4096654853916465e-20
5889371175923704e-20
9669718937818654e-21
0.0017014388846112313
0.0005445150081995188
0.005457070744529691
8909240615057077e-20
0.0016566488215224112
0.0004849417965261936
0.00014843190741333761
0.0002208533523257909
0.0009713594240886819
0.00032536009557596827
0.00016101166054755556
0.00011284877469494954
0.000319436388100731
0.0015712551224759074
0.000482393958118838
16528247940341406e-21
51504118531170685e-21
0.003016862307866069
0.003278431089222703
0.0003395079399182217
902867252139702e-20
0.0007385414338129921
0.0007353633507614356
0.0019752506943547174
0.00013472420248100553
0.00029390168462684133
0.0005269336521945858
0.000762847838829902
0.0002958056494079047
0.0005224847876470536
0.0010377125249962174
0.0009880872519453037
0.0006587649650473649
0.00016351650214525644
0.00022793417561265902
0.0017863544801426789
0.00030793541483540817
0.0011491328915212667
0.00037830310769076855
9584337707248264e-20
0.00039320380257671826
9396426698640644e-20
0.00015179855721901973
14876411942821942e-21
0.0001944328525787763
58376680421795253e-21
0.0003382952685283401
0.0001515849015372492
7409916892243574e-20
8061599743489539e-20
3265858251543252e-20
2534399715676736e-20
0.0001933838124046315
4158671910116248e-20
3514195590303849e-21
31639790505920244e-21
43676331894521814e-21
0.000212064684640621
43494342682578976e-21
0.003968056246950589
7019298576080974e-20
0.00011739459187557166
0.0005110053613367871
0.0005340017246906526
21995152141049235e-21
59656291357344365e-21
42289018382893706e-21
0.0002850858348222576
866822151493925e-19
4704294383454362e-20
0.0001416506068038543
0.0001844959317346671
0.00015167130358390682
616835354932734e-20
0.0013586131374289372
23778222208375464e-21
0.00028348627065335536
2681738728151814e-20
0.0010105372342855848
8365378997053382e-20
0.0004231206326442764
0.0008349533559677224
0.00044006418555899855
0.00019021921676821177
0.00011215840484894276
0.00018116969429948158
0.004515348300751939
0.0003108036362000134
0.0007089698306257048
0.00022809376620640715
0.0002705904725917495
0.000208654049581533
0.0004920843827618092
0.0011111915175781308
0.0003546384212317085
0.004726060023099057
0.0001009784647613628
0.001893614991591283
0.0010482736719163422
0.0006171408290232041
0.00013686868655403178
5737520868762252e-20
0.0018486814563123035
0.0009020011838105323
0.0036224090937057364
0.0006492668212035846
0.0005109584804426776
0.009399480969308916
0.0006920182517069772
0.0025687357595787674
0.00046722872260151
0.0001266373194129368
8602819063190941e-20
0.0006249896968600124
0.00023461565075304764
0.000847075779191705
0.000342650405773793
0.000906326104934016
9842948073632931e-20
9660067219861261e-20
762557870466027e-20
0.0015261019516290301
0.000556896813793713
0.00022075031622416922
0.0004418618970365956
0.0005498735539285494
0.00358011228844938
0.00037628216662399414
0.00030629283638497945
0.0006102510416372575
0.0016410538821726322
0.0005480180468717657
0.0001955875661590196
0.00048511096272403224
0.002200282197825208
0.0006185664229418231
0.00037624687797071447
0.0005048652880523558
4101136242007187e-20
0.0005502162827930614
3083310114296437e-20
0.003038241232412742
7478938147406827e-20
0.0005702198206314191
0.0004857077932741306
0.0024509382329830904
0.0003592241471154246
0.00028279781819039694
0.00019903292874938738
0.00015786012317845136
0.0009692750280387417
0.0010850270290045138
13391571006245592e-21
0.008195689314941587
0.0011341736344355228
0.0018473211967263562
0.0020420493028223117
0.0008516987726069306
27510422845893028e-21
0.0001711137920291187
6995929524782052e-20
14659926663911168e-21
5846971331457713e-20
5777688442556237e-21
0.0005471294886651903
0.0015736727972351203
0.0017875912670215694
0.0016642621646247786
0.0007504370621986338
0.003460276940378032
13436744649629988e-21
0.00012779966090862847
8458325327491467e-20
0.0013975924335777445
0.00018049230837275846
0.0003967138228156732
0.00028344305730357186
0.004992662418315056
0.0002479917088653185
0.00011461974930706512
9443981437803127e-20
0.007904902876150388
0.001788968130120662
0.0007242691016625263
0.000700405477694407
0.00240809900580096
0.0019143234273337332
0.00491674326924647
0.001361254364458593
0.0005833375789238477
0.0010009486371107318
0.0002494545537635885
0.0005206348409589488
0.002716552542839272
0.0004916581790778683
0.0022717897618707342
0.0002052703897239435
0.0025308873905507674
0.0015689542690135783
0.0038382969013492745
0.0001545248173189437
0.000859666549687062
0.00608750806592071
6494835639634664e-20
0.0006526313752586654
0.0009554744580282075
0.0004139172604420987
0.00030420284592013895
7885412686227664e-21
0.00030523715012310403
0.0017129452249773545
0.00020573428491859548
0.00032620286927035794
27593249715741044e-21
37396833627992644e-21
0.00012492880542470534
0.001329208699643937
0.0008859842480109886
7988123015323937e-20
21073479292946914e-21
0.0002718957704619651
0.00042153899841105116
0.0008555473955895282
0.00016522352646248096
4067715527045871e-20
0.00020208716753689825
4821481665662665e-20
0.0014856939193276285
205822214876189e-19
9098967360735173e-20
0.00013551621546678118
891292034480054e-19
0.0002989281043545845
0.00016854924206084366
0.00020840193401486346
0.00012366966432820413
6509876371433767e-20
0.00039666021239330744
0.0008371609018610358
0.0001996912212666817
0.00024496316818431154
807267748756981e-19
0.00047424596829849535
0.0002845510315812665
4688249660314901e-20
0.0007167425689329577
0.0016041443516587573
0.0002422608961483918
7474359304268584e-20
3049194288317418e-20
0.00033097393215862967
0.00015193180905300038
0.0005425629838988157
8789058481229683e-20
0.00023763631515773267
0.00011322789298565384
0.00012777687832186762
0.0013458719121891335
0.00020681520828560182
9118821230247212e-20
0.00018363021058757567
0.00013588663642595357
0.000583615083862028
0.009992030484124908
0.0006818631607893261
0.00010596508174838547
0.00018931116319137066
0.0018377366891540094
0.003292025872965519
0.00012089016012595109
0.0012494813681026699
0.0002459161424878966
6909803102531912e-20
0.0009670302546574266
0.0023105855198113567
354010629512159e-19
0.00013717157407450837
9598684317858798e-21
50097651078348256e-21
0.00016474904666065072
0.002438370216644183
5157514219970733e-21
792749808355512e-20
0.0011072972269964255
0.001360593710699146
24303718904321612e-22
18010701558931288e-21
14489889732941407e-21
36512016362719453e-23
0.00012514498654829666
0.0004843946569919788
9890821280718902e-20
9638758618891163e-20
0.0006838143394940411
0.0007960503734328865
7821481538542292e-20
56521404587014176e-21
25457983997952286e-21
0.0002581595236752288
0.0005363090011720737
0.00018815750029967232
3778550767873592e-20
0.00016337808007958543
0.00011443818782601226
4197003508222122e-20
0.00019318945832262104
8210481649144384e-21
0.00024051054825767682
47774336549100505e-21
0.0004788312636225205
46433294992509824e-21
0.0001469596179252127
0.0011817675991902768
0.0005526476104861519
0.0008345581476055946
0.00038745979812962976
0.004071598102714588
0.0037340384962421948
0.0011715808490676124
0.00128811426946155
0.00028877825296040344
0.0005956108337905919
13581901184535759e-21
0.002181096081683046
1896276831955261e-20
0.00015350996896845527
0.00019209252918091934
0.0002377415472218793
0.0005530273134743961
0.0005850833955993064
0.0019994512397556617
3528299289084806e-21
6981115242994233e-21
0.0019946597809316125
0.00031732763920561233
0.0005987919306196841
0.006547783463273537
0.006173578963580673
0.0001716957892757024
0.00023775876067030867
0.00022861166276140992
0.0021019755454561536
0.0014459510163441945
0.00048435647010046503
0.00015784359374371377
0.001139770020461165
0.00016290010001854334
0.0017107177726177517
0.003109076316512724
0.000526747780509958
9532945858195795e-20
0.0005948860113459258
15404862685209256e-21
0.00044905364105843283
0.006623346003118251
0.00042053972598711596
0.002826946393465159
0.00041379276666687865
0.0003021454318606364
0.00135228948668672
0.0006433547773631638
6653383798281317e-20
0.0006663535774137939
0.00011303473843892261
40076405172450055e-21
4514101417384214e-20
493731808803726e-19
0.00018099190293593325
0.0008461058540223334
0.0016053019339704658
0.000277422101917667
3370205735781093e-20
0.0017893364994433156
9511794768312259e-20
0.00010492112928252736
0.0003834554185035752
0.00024720887003645245
0.005376125085434706
0.00011708794813854694
0.00026499770482327694
0.00036900035959217366
0.002124567396076888
17885316820407622e-21
0.0006997931872514117
0.00011654368683645903
0.00015607036311091757
8458921787161427e-21
0.0009700518947913396
0.0003261078580183038
0.00013565670547066442
24459305071350923e-21
0.00036385795956573013
0.0002583368773293337
10067067464555324e-21
0.0005613640507128104
6660624581044156e-20
6114216275300333e-20
0.00017953795003674387
52780053779408254e-21
0.0003915475260433631
10427753588770528e-21
0.00036844300655184965
8494533746959478e-20
2226997643208495e-20
0.0001338762921621671
0.0017389336335870771
9496872723385846e-20
7069377928097716e-20
51312851578773155e-21
4912964891756977e-20
22465908090332323e-21
0.0038749631387278616
0.0002723270529132335
4929787040932705e-20
0.00030994575803020594
0.00013406243507497475
5856970269130249e-20
0.0006558542670556555
6226446603369931e-20
3121882750820084e-21
0.0002028183712193145
294587833358999e-19
6089352822039036e-20
0.0002484858299368886
20156649423097294e-21
0.0003501639339243313
0.00028145403462262724
0.0009882413012261293
44982572626924906e-21
35859613873790285e-21
0.0011822240988508125
0.00015679816157177363
30387952484908486e-21
0.0016559422614689098
0.00016157416392019995
24167121350715075e-21
0.0008079412869341848
0.0007393574552351473
0.0005282770505391615
0.0001130373120167905
0.00012956758132392628
0.00040770300882185306
0.0013090327659263101
0.00021222260903654112
5030456322592964e-20
6167974074681105e-22
0.0003051293272940423
7434515693604892e-20
0.0044869435082841025
2263885182594168e-20
0.0001509370671810791
0.0028557249150148382
0.001646545743881755
0.00019030751807650668
0.0001283646429486681
0.002139217811254665
0.00033274913684445327
0.001135892243709584
39398412784349824e-21
0.00016081858400208851
0.00010009247095031752
0.0004160108106500024
0.0001010694263506156
0.0010991202063582522
0.00011859934985167405
0.0028192894090163807
11629573684377333e-21
0.0002647657600122863
0.0003674133992138551
0.00019510161851333052
10826556684655334e-21
0.00040518641187363956
0.0010052045377346357
0.001038469914692063
9646653068674721e-21
0.00032241306696401253
0.00023664647193253696
7822738725476773e-20
0.0024362376890568823
0.0010638020924470535
8407934837739458e-20
0.00029780196015787133
0.0001131769020068717
0.0009145664611135922
37801132525373074e-21
836205124313989e-19
45982454847904276e-21
3985157422260401e-20
5286066505292804e-20
9328979845698902e-20
5448879294201278e-20
0.00031281784823142895
4218781463898113e-20
72984180382043576e-22
0.0003222956161788007
0.0001295715412828512
0.00015141925864748472
0.0001174868730452987
0.0001340740195337444
7669622414290909e-20
0.00025816762757090573
48455305101580986e-21
0.0002550655509995072
39373588479089335e-21
7783092508347753e-20
3376882818949071e-20
0.0008119279718347299
0.0015275735164401829
8749551055600348e-20
7936631246436021e-20
0.0001904816945593185
0.0002465784672101767
0.00011973674326578148
0.0007200174687089503
0.0011175443608627653
0.00012214941524578494
30177519337421025e-21
0.00017753548638253455
31282974793392444e-22
0.000934899080252227
14818064687115955e-21
0.0006445738009991248
0.00021488646694656363
0.00018716940786238297
9357604102513114e-20
0.0008805419461930804
0.001139198714588792
0.0010748325040428222
9275806690294994e-20
0.0008305496414978909
0.0003602247960223473
7002078116467969e-20
19823015880711507e-21
26162508579485527e-21
0.0005253746783600267
0.0012347491279001118
10753675767069437e-22
0.0022362332236682686
0.00016523918273484429
0.0017838214328780562
0.0011154944237079833
7202410189371172e-20
3869566827723711e-20
0.0003972496565262524
0.00012345549255965207
0.00039000783287520164
0.0012037512515979296
0.0017335746425641689
0.0002913893861601212
0.00312393143868666
5720099237527097e-20
0.0004118195093973913
0.0002615872999638537
0.0008950927046921596
0.0003949131002905832
1744982781513978e-20
0.0002559932466773127
0.005702786857261695
0.0013541429979440976
0.0019747783932320033
0.0032550155083824438
0.00032474935636482436
15709034733922903e-21
18497814403288716e-21
0.0002789418402000946
4809218590908636e-20
0.00015968475209678947
0.001297265327684566
0.000976663826210685
0.0026321299406498236
6267926083933844e-20
6573047853366163e-20
0.0005632271984953566
0.0002885064471140483
0.0018652870713126719
0.0002146325802965307
7741212832328167e-20
0.0007295631914036976
0.0006624054026373956
0.00014930910923278897
2155918198258885e-20
0.00013846562463630435
55194372222311845e-21
2970955086639387e-20
0.00019337537034485203
22650020023266873e-21
0.0009123459862549016
31024731103360916e-21
8120725326019913e-20
0.00011193361547668038
0.001160662681310969
0.00124136344621477
2937176257432902e-20
0.003931224971404326
8777595551047476e-20
0.00020405465477180273
0.00033612956052541147
0.0006630137345989208
0.00011479465075204954
0.00220072107726851
25346459547785595e-21
0.0013395829166585802
0.0005853746973162387
0.00016615215950463487
0.0010942838362990714
7050829877909607e-21
1771211484355924e-20
0.0033437394855763605
3488928608927729e-20
0.0024907623254023297
0.0008974869146952824
0.0010652441632949133
0.0006675006843481942
27885043204563457e-21
0.0036540760230530235
0.00033572317641910275
0.00039542708554147533
0.0036463723222262033
3216516778427887e-20
0.00010398180545007421
0.000283519820943734
0.00039982559792747297
58984395102966616e-21
18871456367212787e-22
9541075365682703e-20
0.0004604644596772255
0.00741069727021675
0.0008778623972387975
2073425537988288e-20
0.00017725000446757618
0.0015825837191767106
0.00098068048938845
0.0005896972617833501
0.00011693883491190785
0.0019719922004186896
11956159102786956e-21
0.0003661739033085827
0.00013726781735257757
0.0013478725772332275
0.0006499114971052312
0.00039942141843353853
0.0009980558380229528
0.0005714212218221798
0.003210769338056436
0.0007547070427122088
0.0007310035609876957
0.0006414392215280775
6983727583979594e-20
0.0004512549787725167
4102506861262954e-20
0.0019993864909150384
9890021671384754e-21
46594361319902635e-21
0.0005579239399886698
3297666386870529e-20
0.00042480787025054044
0.0012716684422906753
0.00016577301585638264
0.0015979680784637157
0.0011682241835601682
0.0005661885900775975
4557282708924785e-20
2964505709595317e-20
0.0003089287517591629
9885577988486921e-20
1618649441135011e-20
289728954962279e-20
0.0018057787212820778
0.0008243853408865287
0.0002099189524326864
0.0021109869046137264
26026656397899906e-21
0.0007698120292854055
6037524139498402e-20
9917298663496198e-21
0.00034285342263751635
0.0005461969920305215
0.00018564136101733284
0.0010597265638224772
0.00013231007709310126
0.0008943936773406056
0.0017573274548415712
0.0006839465353055872
0.0013023261626411375
0.0005614953781842941
0.004795801140147619
9556958907081358e-20
0.00010217596296130585
0.0017063986478023825
0.00012213125949026685
0.0005594038305116886
2820640622688448e-20
8173726115178998e-20
10135146172654427e-21
851341828779195e-20
40271632813256204e-21
0.0006145913481730675
0.0013168260741781986
0.001964612920736148
0.00027033844858796263
0.001723041231850413
0.00021645906465820293
0.0002104866042699762
0.000244072958240192
0.0011595155328537263
0.0014303032629268205
0.00043257296072499987
0.0014414745105250707
0.0008149612480970416
0.0001809208414986648
0.0011947104482231154
0.00011832931450469606
6070440197457666e-20
22867470280558206e-21
0.0001513731514891215
41576761115264776e-23
6186432568051758e-21
4896407459115545e-20
7713887308265676e-20
0.0027307167901926338
0.0004634140418691649
906108707947428e-20
3192220982878531e-20
0.00010605372705903714
0.0008170193229700023
0.0015427441190456206
49499736855729775e-21
0.0004134814078634635
0.0001649340124525564
0.0004968840895115962
0.0003042389234626392
6699814330927548e-20
0.00023658333925513474
34067013923680294e-21
0.0011271125454066291
0.0002178694532802069
65153295486343e-18
0.00026800674312655253
12448154439943273e-22
0.00042635321703140617
26320911429946854e-21
2361886507760374e-21
4171727570273135e-20
39859359070992475e-21
8491278817272033e-20
0.0001842100700933794
0.0007358191897323557
0.0004024713217172292
33090215785879e-18
8267162894859492e-21
0.0001296064190590649
3361071695711375e-20
6294480126431504e-20
7283675471690978e-20
0.00019037342532695752
0.0004206577831296958
0.000218508252464001
16413491345900697e-21
41886196608491286e-21
0.0001332953899124025
8917539187751846e-20
30927113956290736e-22
1661822546446549e-20
