6308038751847831e-21
4892499414552872e-20
0.0003585976815836219
0.0006382299069863125
0.016531956784218645
0.01856913579868144
0.0028381779641894088
0.04350141071327911
0.006909697477952927
0.04269441020408027
0.012684206926621552
0.005468580200592762
0.006335787005462083
0.002616389044281704
0.036221028757521444
0.02592754789301767
0.028598066984483892
0.028482440406603415
0.019634935170366383
0.03610939713498862
0.08775340248143437
0.020700392430239578
0.02931737888945479
0.03870982989802011
0.003922155990151326
0.007957294634408547
0.000281323681805037
0.015090502952412868
0.001755260350098355
0.010169255805867047
0.0037189384394048872
0.004113095032401766
0.0033657921252455
0.0038714533519948794
0.021763780784825448
0.014501216784413073
0.060715258648373994
0.017421467740501014
0.018613147217499
0.003845137287355624
0.0010175396939427347
0.061274801763769336
0.12565575554278877
0.00430997024239895
0.0010772241189001767
0.014356267357051467
0.033950129513452894
0.00470992114683547
0.005936036960379917
0.022718535229338706
0.0034097411290602724
0.007246234817117216
0.009624754130694758
0.0007912664199085481
0.0017970638567410525
0.00036344446390380175
