476678370574263e-20
0.0006775553923399853
0.00016247886428212137
0.004785775247187713
0.0007875972667613369
0.00018880228833534785
0.0030040583859776196
0.008455432988697983
0.01316184851069041
0.005403747010822022
0.0014185324615992223
0.01218249126290457
0.042016334822674826
0.018383499111312145
0.12603702443735973
0.0031630784189129618
0.007391273039807604
0.0002845805151962038
0.03291195620558211
0.1227173320908803
0.09876457658670859
0.0021022605377567214
0.001863583645290396
0.001672405434308957
0.0008859064851463414
0.1030987649790931
0.19896908607383926
0.016934065131496992
0.004680894554160085
9023441547256696e-20
0.000395020917118577
0.02665253985973455
0.0028800845818562617
0.0077279718731244834
0.04102333531341504
0.00394902944890988
0.008405544131814234
0.004476547128436821
0.01026305727254685
0.05762726819481401
0.0004409117547646647
0.00288051888334683
0.001053827767109726
2506977078708349e-20
-6698460819602123e-22
