0.001308532939498867
57182663622251094e-21
0.0003505563117206029
0.0015763862501149196
0.0002597279232569838
0.0004332252319633388
0.0030642767978789802
0.0010706895897667195
0.0005541294899178794
0.0010933309012569597
0.0011069397482686126
0.0027291790868434803
0.00017095005432865926
4396378250546482e-20
0.0014711976437126826
0.0006096070293356465
1526741003477692e-20
0.0003692148561833192
0.0001078607139129136
0.0014746497548614177
0.0001897002177349081
0.0001330405621237342
0.00480820432811042
0.000906356221604611
0.001942362509963017
0.0013751727567887688
0.0028506564673232582
0.0004514894224097601
0.004112202151504706
0.0021304819926004502
0.0005040339685065291
0.0016567103884071713
0.0013263561945848533
0.003142818079224064
0.0017125288342331197
0.0016250646324071376
0.002009574178511406
0.0020539238085650405
0.0014079198742130425
0.0023216981021282326
0.0025475116701901587
0.0006894674251092832
0.0008673730107581477
0.0027190627062536905
0.0015935225730584705
0.0006311493707901904
0.002685004319699433
0.0008006762062638968
0.0014036160242279331
0.0010391145086651823
0.0005408196190369613
0.0014733574778288817
0.0006832423275832215
0.002586071380039769
0.006276949818222976
0.007033509230726441
0.0020851857322227024
0.0032908863381554236
6987228185547612e-20
0.0012024493733932163
0.0006604312093268313
0.0016508546774063185
0.0006213656976297877
0.007659811349858993
0.0009150407413782549
0.0001378256178452627
0.001213117565435853
0.0009449106349193928
0.0013037547211118446
0.002125048374567397
0.00346492531654746
0.0007622332188983457
0.0004565830917484378
0.001792716534375343
0.011698800517563411
0.005708015367101555
0.003337028976257525
0.008767745078281416
0.002030072320012938
0.00019264333759350238
16785551794293e-18
0.0015556952386278765
0.005421048070501966
0.0022175242518121334
0.0009330834228523182
0.0005315781820111077
0.0024435193005087046
15309584203860118e-21
0.0003026379493537201
0.0024057579773979674
0.00038275821859142087
0.0031157072234850266
0.0008911887521651834
0.005626318643111348
0.00023266096024188157
0.0016804535187694893
0.0020785157863306134
0.001908872814955311
0.013754959334486927
0.0015575527468465243
0.001226073925567504
60444468804641326e-21
0.00011903418208748407
0.0005806464052174918
0.007508888628793257
0.0003924338342004163
0.00015683136597697736
0.0006902682676208893
0.0026891871959633094
0.001367740508286587
0.0029099459264704114
0.003471474257849767
0.005458622999576976
0.0004941543104913286
0.001018656656942471
0.001044478753036198
0.003114081834462513
0.0019636474256183663
0.0024217209308385283
5209354821597795e-20
0.0010645171222336146
0.0013820297813121798
0.0002510360526607285
0.003433234694818928
0.0010809632170967578
0.000407208633543154
0.005722212649239919
0.006344927034129017
0.001883156695576338
0.0008773471891179668
0.0018906684503067132
0.0017363883618552135
0.003448761657396713
0.002214842617804048
0.01518627127144499
0.0018133000908437766
0.0007612697525609766
0.0024177572384623523
0.0019350698701317457
0.000995828381226962
0.0003854356796037669
0.0005181002196456312
0.0011333516387897844
0.0018276352460942023
0.0007267734973290919
0.0025441436991311306
0.0010996835893564796
0.0008673413335297616
0.0010001883645875506
0.0006687769716600486
0.002904489876851776
0.0012255304706905083
0.001117496397663544
0.0005307113485472428
0.004266444677473641
0.000651033968011893
0.0003634448841012382
0.0006017985287808816
0.0005890198835353594
0.0028409885148158796
0.0005362781558420544
0.003831245569763716
0.0008805456964194902
0.0010179345130363077
0.00080035370127946
0.0013355097162540798
9568580009698777e-20
0.0027907751988762108
0.0018424283618593213
0.002261702529626381
0.0024521358732849407
0.003561199893709915
0.0022809070070068586
0.00166204888567424
6097675229068196e-21
0.00012420202020401003
0.0004085362003334246
0.003722454366101342
0.0007707185803773169
0.0019695912523565724
0.0025461198256116766
0.001081686090407116
0.0008467322376415913
0.0008247141397317705
0.002525486116009602
0.002374821865255235
0.0003069640605638533
0.00118303368036627
0.004205693936486469
0.0004832288978759125
0.002589533621923826
0.000468355350401018
0.00036687737885178045
0.0033386687198060493
0.0033764690197895094
0.001606911062271099
0.005633186424547855
0.004780422821640753
0.004842035392534569
0.004447799710703573
0.0020174270517818696
0.0071727175667477255
0.002295914700046774
0.0011920899753007934
0.001414194159087251
0.0009093288090579164
0.003654768563331171
0.0039800963826363564
0.0014423183947487347
1734516108127707e-20
0.0009129866983747699
0.0026900114939425075
0.0003382407731378444
0.0033750757634507388
0.0015685109488541146
0.0018634507842754736
0.0013813045646047615
0.008339851556427406
0.0015216664051422772
0.0020964079184736008
0.002703396998965558
0.0014412716496531486
0.000643677278577316
0.0008005014168767996
0.002320195202554208
0.0015104108776617096
0.0005394118108389453
0.00687757624296357
0.004868247459088585
0.0024715162035475135
0.00019560036435727865
0.0035371147792083416
0.00038135968724151555
0.0010357980165617532
0.0003249759912685306
0.0013038626668396129
0.0006540746353950802
0.002322012816813934
0.0004366689609509851
0.0040712407409025375
0.0036853963757507197
0.001934452490513172
0.0003928043689599775
0.0025900401835671286
0.005543468871746244
0.0025782958513368356
0.0044918508435303215
0.0010132339008306981
0.0019237036923511993
0.0014787734168662287
0.004236363228752888
0.0007879212397732876
0.000294385345120952
0.00018408309138614638
0.001840457172288461
0.00953868594772218
0.003751581287942462
0.013519444501728907
0.0006821313992780129
0.005326234339434145
0.004117992029279039
0.002565609708471872
0.005353983451772716
0.004253168420891029
0.002337556518660645
0.0019990554953400364
0.0015017381796627405
0.001263215177498517
0.0018682974832424032
24721477443561394e-21
0.00048360407459005023
0.0037309548123473633
0.0008355585687693243
0.001999866162693955
0.0029847034807768
0.008688733002760936
0.0021999507886911692
0.007169845172370757
0.00032213007063639756
0.0014759382851952927
0.0007660436928148423
0.0015033535882416156
0.003794930598156555
0.006615557424294374
0.006795532874473366
0.0018566789478632261
0.002623501057531669
0.004307870866348566
0.004061558440082105
0.0020093179765401296
0.0015578731364913991
0.0019489875267084862
0.003026017845997474
0.0026397185958572825
0.0005967434778301074
0.0004781851643845807
0.0006128158598992305
0.00026041940818871375
0.00013184164338259525
0.002789226559689992
0.0003206109965385546
0.00040342210251945415
0.0024882362333165423
0.021531674609129033
0.00018879287060446134
0.0017681730970108241
0.0002589749575649163
0.00022172009581571085
0.0010356312739759146
0.00010645900881853273
0.0011567845508595887
0.0013742152235930718
0.0009488081104495864
0.008692725428927862
0.004111079128181022
0.008327264612577871
0.00446988964518287
7534938437512667e-20
0.0014025369658264058
0.001072733821505895
0.0012039645170716323
0.002104466793892053
0.00013427321137876773
0.0030112494626735684
0.006314197937437377
0.0012740477088021903
9784444868706077e-21
0.0005500319014228377
0.0006094026656973206
0.001732690020269012
0.00034119920662473716
0.0024838144253191675
0.0020603728577639913
0.005311151427254789
0.0011113446042422515
0.005668861161932975
0.0018222774811901094
0.0009503209309912043
0.0007920373990226242
0.0011304253308135977
0.0024036206852523583
0.0063293997377250446
0.005167608139102001
0.001037140491709392
0.001979844748957853
0.006696090133863712
0.004605389092119137
0.0019948467937178018
0.006167149336636912
0.001448777681490342
0.004319707520973646
0.0010891597101776664
0.003235917584239364
0.0013595101789818907
0.003369965028010844
0.00048229839527029976
0.003926012312353562
0.0006645550546928637
0.00039707103067020545
0.0038114521284546106
0.0029983149394448108
0.006084203325645171
0.0008189769632763086
0.0018810353201042177
0.0007094830249246566
0.00032803723699806884
0.0003452625312517305
888866354910161e-20
0.005639935730864886
0.0026633640076408694
0.00474144743391399
0.0028385192347953813
0.0031075987445654462
0.003289187892981153
0.0013674074810992567
0.001107972579771259
0.0034759288646029718
0.005015247665951054
4662033833658572e-20
0.001085590605152343
0.0035279485607899986
0.0010699524248849374
0.0044769089009942245
0.0022056077112116742
0.00244003668229876
0.0016107686647098315
0.0024178392903041325
0.00019567920174937289
0.0017954648172615246
0.006280251105761568
0.0032793759122700422
0.0006295455630332788
0.0004154387966403962
0.00031801976724837297
0.000793822902294337
0.004498604973636876
0.0010527555161822316
0.0013400692073203102
0.0007085678474299085
0.0033086093791374212
0.004324097843571689
0.0005294746107728208
0.0036372210065485967
0.00172436840969655
0.0033086911192332607
0.00037324932734462946
0.00492560424934313
0.0033013399088576327
0.0003973439069949586
0.00016862809679804553
0.004405380517901979
0.0003047510030279587
0.0007241299600686459
0.0017397919916617365
0.000830320290259167
0.006612013413373778
0.00961039024686977
0.00024821419398329765
0.004360725649575274
0.00028233203888187775
0.0007468213206412531
0.0006741360029910395
0.00011464116214978159
0.0013572023245248057
0.0004952586703566626
0.0013056999479083803
0.002326544871924335
0.00020800109620569958
0.0060531134659809
0.0015147505388688552
0.0008272763116767233
0.0008221059825097633
0.0008831475689636581
0.001470811378949415
0.0005331888483576734
0.002037549721562073
0.00029963156590258225
0.0006074694711201793
0.0003870613269174419
0.002514145270130827
38860147268223665e-22
0.0024375947563841354
0.0002457726435201836
0.0017545616682430206
0.0007092171921753006
0.0006683011534632918
0.0018747763145813801
0.00041062886572752397
0.0012836574480505315
0.0014019305833398315
0.0006076509216117864
0.00047943018573876067
0.002264035037687778
0.0002551218616363171
0.0006971062994316897
0.002721520061375414
0.0016330521048108166
0.0001742833250624322
0.0006713204038546059
0.00023044681326909775
0.0006970967055237804
0.0005999773123630671
0.0007405611481245183
0.0005321503506570532
8621646319059467e-20
