42345779481464796e-21
4998796015957738e-20
0.007813448808981032
0.00263705370021089
0.004516448088119669
0.0004987051552459268
0.03207983407040561
0.031131215770616245
8325248740866562e-20
0.0005587656658585475
0.0041711462421642614
0.12932669863270924
0.011311005685364835
0.0036617011487977183
0.025785971843102183
0.03226286951986595
0.16956325656627333
0.01918033647305251
0.08289408350798752
0.11487845684652298
0.032876382215104784
0.017023995127392777
0.17215935749796266
0.0025422109770018107
0.03976223619659782
1769985113841262e-20
0.02418401215939515
0.024347158137166806
0.014179345061389494
0.00028416071182814324
0.00017685811269390548
