0.00011983129146582034
7642088119307798e-20
0.0003982408724111896
0.006050018531878489
0.002492964180971669
32961680514174476e-21
0.0035318230931725273
0.007844446045764342
0.0020287870963196517
0.01659577277564903
0.007102015866638408
0.003220667892229923
0.028369432786224023
46185008803600175e-21
0.0032992451146742286
0.05390187732254082
7029335145043696e-21
0.03631280446063489
0.000999581633607809
0.0007152779201643967
0.016109122160038604
0.03164190507243951
0.0032290870636904456
0.005409565318646988
0.008947498701381342
0.004932542435412469
0.026275615679682323
0.0011784367661430014
0.028383588413459147
0.0034666949902575285
0.0527432841721432
3158040773589747e-20
21446407855033745e-22
6874962981643417e-20
45442018043382865e-21
0.02024863436138239
0.017591674294595044
0.019278422024460402
0.0029778455353659606
0.007197890166479664
252715955167447e-19
5323871758743478e-20
0.10431529891356776
0.004960636302519407
0.0005166851232556198
9925655973321196e-20
0.03203200039949988
0.05577758977877666
0.024258636038828427
0.008811417957485872
0.016015439318227298
0.003936814992060813
0.007425976524444381
0.01584491786548749
0.005133889421298652
0.014635558490457093
0.0031885985427760038
0.00907018073938748
0.04330721283772006
0.0009069913267643328
0.017628217663881677
0.016230862739066154
0.024733297075140322
0.009079589510273765
0.002536922942217763
0.009129650413128852
0.023074010501577785
0.012400277648535922
0.002500881675697307
0.005939731869915549
0.004446251875090901
0.012528600597117046
0.0013229134739293248
0.0021469511443897643
0.02215851436469051
0.002181744964178063
0.0038595411274861646
0.00861565979733668
0.00046132726016080846
0.027096266469752703
0.00048392923144120753
0.005069307976554316
0.008210773307991375
0.0008023648631076589
9633841020685653e-20
0.003590667498518445
956112950796871e-19
2249191741751686e-21
0.00031330052839699567
4352549603768602e-20
