-985682823778311e-21
6853624117295422e-21
44096594822148946e-21
2592503992884756e-20
5966605458490962e-20
8155162005163346e-20
2372743795714782e-20
53717813956641984e-21
0.0016667844867475291
6826937415680402e-21
0.005246148918585961
0.01653002618698383
0.0008440358544914455
0.16446105885218956
0.03974955260339863
0.03115554531572694
0.006794233880947721
0.2516760997428918
0.24205560920087313
0.13224646667926168
0.027533236398107487
17824232297689897e-21
0.07014316821283681
5205490990618513e-21
0.0007862191765386124
0.0027380654316909916
0.000990634551419633
0.0010186859903523091
0.0036997578003216706
0.00034091835241072664
-6567990752700494e-22
