-9804536803456768e-22
14758769734888979e-21
9061434520858623e-20
0.0025734378098093086
0.007030758994258661
0.007724871801096207
0.04465843810445792
0.002299461392094166
0.05337269116914428
0.05353005456824302
0.11563624483358889
0.0169656614287604
0.0017705323303678923
0.03362505277990689
0.045310190651384606
0.36623133476317615
0.006724517266709857
0.007011576442782699
0.12406396546120023
0.040255736341378155
0.003780965583413546
0.0016661299155624526
0.049961824751076654
0.01569494861125437
7212339070376127e-21
