23388397052059267e-23
-9745251896294126e-22
3986476774453823e-21
-26537425856468583e-23
0.0004765209356197985
0.005393807093146613
0.015192824898522077
0.004535015858570377
0.0007690252355718929
0.003633939249501448
0.11459739942537976
0.05077773416827331
0.006118910395646255
0.1365293462469263
0.3146982677402127
0.025644374593989466
0.00014512968417522534
0.0020621299338265523
0.10943374703067255
0.15526966988488802
0.025228617513442502
0.004534283877876629
0.00017740619351870504
0.003906478393414319
16430938375841408e-22
0.0002467338054220887
0.008411172860943124
0.00286529693634169
0.005432370850496657
-5055038036851489e-22
0.003915679142291323
