34304592615420307e-23
-8308739975758557e-22
13073568079586483e-21
0.00042622854783648165
0.001300017217279579
0.0058710622040346345
0.0033974074869398594
0.0017001568563475148
57011743924917585e-21
0.011195645865820518
0.004337990659486289
0.07738004227976485
0.00712600422107944
0.22878356642885908
0.06770018093781006
0.05555811186170406
0.04028227687403131
0.11615421723081848
0.19419034653676745
0.022716013480726598
0.020694179033088362
0.046510084341053685
0.026557027827101627
0.02370069936905585
0.011555900772606873
0.01589345498862321
0.011263887456195283
0.005096956126242658
51884542071993636e-21
0.0003928724385136944
9418693220768856e-20
