-9477015570687053e-22
6981347079773454e-21
0.000667114991605065
0.00017705813857003033
0.0002451669809550021
0.002458962478329459
0.03297978869933446
0.01890708126105434
0.01785542181521969
0.15923750322205987
0.1352724599330972
0.0535331968712038
0.09631992976457213
0.00027361742540404926
0.184273569871555
0.16748556950109514
0.004197939303096786
0.10435613292010561
0.0006021380965688343
0.01361908319923748
0.0034983863144017646
0.00013371871969166104
0.003077442275783191
0.0008226845715366952
