21266315401377578e-25
17214908484805298e-22
0.00014039191126034915
0.00017079194709680582
0.01749839437864025
0.008855283761056034
0.007589278488083709
0.018657105308846542
0.09616048254095319
0.03369572146436081
0.0011927003966702807
0.21725890976865275
0.3362767890118709
0.0008514563935704564
0.008839900218043572
0.001746878718772693
0.13696293177838365
0.0008759393105275175
0.03661837420593583
815075663456164e-19
0.06267737824277289
0.008190355420512139
0.0028872737429441403
0.0006722660400614843
611446217574343e-19
0.00024385878176416201
4058310448701248e-20
0.0012637449082036397
0.0003070926545097163
56243869372662466e-21
0.0001254978270639178
