-9601118644013413e-23
682145027056478e-20
-9759434601252128e-22
0.0002044952276750478
6907494458955392e-20
492460279960671e-19
0.0027980734240558996
0.003512392578460582
0.0031128833058676206
0.01973512498538089
0.017014901426227327
0.000798325215550041
0.019073807492659314
0.09923237157032608
0.2397704845236577
0.07569161492511244
0.0006530856744411229
0.002758752903097384
0.26393735320528894
0.023466027024044774
0.0007631367098301242
0.008785035803224834
0.042615454182606864
0.000572729936571164
0.019994267395927964
0.0006923171192582387
0.10757572690566652
0.02708114540969438
0.012146256258072807
0.007426579607282216
0.00046358672181025435
