7777526853753811e-22
0.0004175873382755884
0.001566093567050406
0.0031628503965346814
0.008640673832456433
0.010044749496067814
0.004117594016331924
0.05654338699364249
0.06253105144776988
0.03797310676831694
0.0554623682386282
0.03391642897997006
0.06890094129488557
0.5108503401651728
0.008547557180717907
0.011881885184514126
0.059898698502871064
0.040773022310010926
0.013858554921617559
0.0003030064961233505
0.003227170782737235
0.0004883885636607954
0.0013906532528463937
0.0032023663938960936
0.002300746123216347
