0.0015171167599025257
0.001963629088682733
0.03624405420745414
0.0031529033424686813
0.0173112365785521
0.004588694391925366
0.0055622703200805
0.04390102399488113
0.04235500205302281
0.11331268295711894
8979727678294032e-20
0.006249417251712486
0.02162370809446255
0.12016607399704714
0.06945851876544348
0.036738970835582294
0.013112993400859767
0.006693988225629211
0.023948107440521914
0.07754109999905912
0.025929602130910556
0.0001387001027923873
0.038552407056103764
0.040014282506677365
0.001028599473801827
0.003961825680937658
0.006240545023193441
0.04366698173513744
0.0726799540775587
0.049089732875535606
0.06395545814597976
0.0003092038379494273
0.00013994039270614597
0.0013005245593862636
0.004205922419677644
0.002345780930023311
0.0009092500704388695
