6502009061879082e-22
0.00012733549661076357
0.0004860504600146801
0.00037230526174822533
0.0006344917708737691
0.0006572521483536191
0.0020068197859410496
49707684245730744e-21
0.0006343462340319562
0.0005393484160676545
0.0028488574859752602
0.0019134710198275013
0.0014388154231903827
0.0016186372487748237
0.0006578153969511691
0.0012826938134867553
0.0001691010819173938
0.0008750929948907187
0.000694005644182719
0.0024530825755808895
0.0020337120415285367
0.0018562752963199045
0.002763319611742338
0.0019320182448972606
0.0046000302688590814
0.002389858926276742
0.001764356729733947
0.0008641052951229159
0.0005467876497528576
0.003079915565878117
0.0012329074305338808
0.0015777259989927569
0.0009459105692055613
0.0005673556580551178
0.002681870822160559
0.0009396182084979759
0.0006193521669854098
0.0011982720860163794
0.005227123714452972
0.0008444143938603563
0.00034759690324536125
0.0008455180227125174
0.000645910053960485
0.0019870728977960206
0.0006721788573902624
0.0010130664684368774
0.0005117084769402703
0.005219214304372003
0.0008464034754109311
0.0018516059979996225
0.0034602547400362123
0.0013113986580717185
0.0008062539730559647
0.0017378851607445962
0.0037648682662013194
0.002259422408126311
0.0013121547756624918
0.00010387922192054935
0.0016785987320734287
0.0013627060834116337
0.0030206853960930763
0.0027141987642268074
0.0007934965346577423
0.0018887425851379744
0.002779451065867728
0.0010306728411006915
0.0011819527172827703
0.0005256167213239109
0.00027622881415462674
0.0016256412923603568
0.000704627156447303
0.0008766493064740694
0.0020351349463229155
0.0030366775549275464
0.0011996409400786977
0.0009013988016317779
0.003916452891476387
0.0004319327139425681
0.0033299158942727254
0.0056819147282303265
0.0002472893859225808
0.0006262722633311731
0.0005186364051517652
0.0012416962686077823
0.00463768743246571
0.003267756299994818
0.0012899078430919056
0.003775552273204345
0.006130241338053098
0.002330927455555589
0.00014406767820952028
0.0004068574985529831
0.0013190713975972997
0.002620015801034627
0.0005180251132006899
0.002644563899066225
0.0045232495978565915
0.0005082959386378108
0.006584813451467813
0.002123125700080878
0.0015519234079828803
0.002056343129782482
0.0010241909244011092
0.002023745132330136
0.0013082688486682876
0.00260378053182413
0.0012508724141520235
0.0012725399013462392
0.00235316132991762
0.0022370121567276166
0.0004481252808601969
0.0018259724020747833
0.0006248942287037597
0.00167830015425226
221799172467423e-19
0.0008753333298216628
0.0032716839175788233
0.0016045506874759427
0.006916679302320388
0.001980924815616006
0.005237311358317451
0.00062721879095316
0.0011792620456995196
0.00798974707999648
0.0034991938399063283
0.0029813786821868953
0.008891141760458333
0.003610918037005593
0.004459401760849329
0.0017838601553335093
0.008346373472768386
0.002612146692085436
0.0035350455029205586
0.0003542366307418472
0.0007575762721140863
0.0011773887410072381
0.003058026258269523
0.015037165578496492
0.005268228695027168
0.0030172480318901504
0.0002131298418738202
0.0013124590818329957
0.0037501122180535035
0.0010770106474215836
0.0032942033433208027
0.0042311228847294186
9282026732981355e-20
0.0016092297307232105
0.0002003950241815028
0.0007293896766829876
27223248395132547e-21
0.0002671987495641099
0.0009635879160002981
0.0037846912046938237
0.0028940235731192434
0.007388084468971136
0.0022692067569862486
0.0005128239112585574
0.001260056526277631
0.003108634026835754
0.00912988743633346
0.0006421855511943805
30717465562205e-18
0.0013149533562332523
0.0020542566369526794
0.0003834897914202729
0.0004489369178923034
0.0034944865403738604
0.00015254638979196627
0.0001739159972691309
5426575418484622e-20
6449547246720891e-20
0.0005285108167914861
6289100270949697e-20
0.0005513200397120882
0.0010334630172490929
0.004587700575843764
0.0009742502333512754
2039403728071217e-20
0.0018634275248875453
0.0027261013655950073
0.0009431949434100873
0.010712412093265304
0.0004324745310372869
0.0018456414756378237
0.012240952006644028
0.004753925609502721
0.001730009223850925
0.0008122299245882188
0.0022729757403063128
0.0019491766623126506
0.002620032739693663
0.002475604114161388
0.005572600432176162
0.0038166211036457344
0.009144684814083488
0.0012080646788728887
0.00030416058979051817
0.0010705711532179097
0.0011279501964088212
0.0019376663062906216
0.00234203680765029
0.0003360557778361179
0.00033808292637742694
0.0035423632736288624
0.005145964098217021
0.001393785384645578
0.0025406188684311054
0.0004788980159666625
0.008530208574261863
0.002082670214727772
0.0020611558742914095
0.004143841558691322
0.0018359470729905607
0.0026281022853421746
0.0029059028605557475
0.00015213635811090837
0.001765501176340534
0.0037053582610562913
0.0005358370225855279
0.003948457960543995
0.008155821947622061
0.004896753583727612
0.0019073059756430368
0.0028778148888186743
0.0011728570506516788
0.0031960976503416414
0.00036600694843706954
0.0045104994729640024
0.002081028635877883
0.0022452482216600055
0.000757770804738623
0.005485208488546418
0.0029631638709293633
0.009097368765172106
0.001860642222573222
0.0020922943954524947
0.0010267316057170203
0.002643351528162339
0.00012359234538436746
0.0036978085863528273
0.0014787811565815082
0.0020387134853845274
0.001043014369197678
0.0005050658555270532
0.00013054697482199412
0.006662918686569917
0.0018582245670510338
0.0048804379020017325
0.0006576387488370002
0.0047653301218324885
0.004082000765630095
0.0017657946407314067
0.0011227051193216106
0.0009678771691040813
0.00017585873776200132
0.0013922107472222913
0.0011623112021114225
0.004537803239724665
0.008551768142705602
0.0035900203004933643
0.005671132590799013
0.0020744312977264085
0.003249276161451097
0.002982105071241572
0.0001309547190289898
0.000626337290617655
0.00214651002494092
0.0018080406525094546
0.0007738781026339217
0.0008992394499832963
0.0004915940836394385
0.0025670414022190657
0.003557415305289016
0.0018725797002846541
0.001441064913127691
0.002283782967523549
0.0004123717705717553
0.002032166848284725
0.0031465769977451273
0.002021448194553966
0.0025862286932699236
0.0034289796145234395
0.003115718337367961
0.0006287017636492977
0.0032511192870881417
0.0022803246576263655
0.008651627162852815
0.0019666503944157747
0.0029329535595106274
0.0013859150661795234
0.0015790105993746244
0.0014569466733540411
0.002776873993847981
0.0012461542719579316
0.0012875134091129322
0.0010970116659738992
0.0008270991025269126
0.0011686836818401375
0.000975658153892705
0.0014942048492044497
0.00853018832077313
0.00018003574639011827
0.0011988377019765898
0.008401151058190313
0.002679409154387751
0.000919127470406262
0.00536199092174738
0.0012906390833110285
0.0011484568679485249
0.0010415730073108254
0.003968839699307853
0.0012612195366039866
0.00041706530058383646
0.00308478713802383
0.00058775993187935
0.00041001047319220627
0.0032306136662417
0.0018485814388163524
900187658415116e-19
0.0017308605723851832
0.0017649741831613594
0.00014366378978956625
0.0020425252074029276
0.0017731227614472271
0.00043834751493936476
0.0004586730082113668
0.0018167057017425877
0.006941084429625206
0.0009902850848986957
0.004353222347041312
0.0023922565604680766
0.0008477764418469163
0.00656071601137727
0.00029986456403679194
0.0005666427554869174
14827105237274114e-21
0.0003822850125624524
0.001389454957520104
0.004761601492860027
0.003875605967526385
0.0013505630598180706
0.0019450357707155586
0.0006488128389909937
0.004043972672524933
0.0002869785897322182
0.0014988576465093252
0.001644634198671129
0.0028133142513157095
0.0013496628277084768
0.0024690615220907246
0.002359639520509422
0.0008955331096070272
0.002991978663891006
0.003760626388334124
0.001799354805580509
0.003206595728129398
0.002705661184188444
0.007526047706386974
0.002725196554372362
0.00042530726356335976
0.00016138494509266424
0.0030389502090653843
0.0006235286095592109
0.0010683118813977301
0.002752315548254669
0.0014811709253337334
0.006529080824435076
0.0038921230174111397
0.001955921119105148
0.00179366393393795
0.0011869267810097116
0.0013749439628913845
0.00038834518688713593
0.0007474081972476898
0.0005519551136020616
0.008781090484334576
0.0030778216652620318
0.0005031778339633873
0.0008854402412143118
0.00033038262387595973
0.0008881677652820849
0.006824372709345308
0.0060178193068086624
0.001373917620365924
0.00716687905244843
0.0032175965557744712
0.0016074345665989965
0.0008314743173125865
0.004053895450273794
0.002102408854108588
0.0024268116585770857
0.001888766928680087
0.0002373198889281529
0.00012107964507077784
0.0008230110241924822
0.0007922731297236725
0.00030239579375245673
3629447685435073e-20
9870977948278109e-21
0.0012631239740876498
0.0007052986212992391
0.00046867029087436666
0.0039109831954888055
0.0003687892589289683
0.0012742799425364702
0.0015980655767267
8027790466253789e-20
6328064961664493e-20
0.000567889513588417
0.0012315431493677888
0.0032731756523842097
0.003785298126137735
0.002433208912063076
0.004413374537254639
0.002874949735116463
0.00046913131827744755
0.003219891400907082
0.0006870769330984881
0.0027059114626209785
0.004196594744984632
0.0016419753922825634
0.0013779415048221595
0.00025827595793705
0.005593471034793963
0.0007820856731334189
0.0014503761920172228
0.00022111683009530355
0.0016433271695602669
0.003210176980175375
0.00022285273521512817
0.000325723104202449
0.0013840511422283767
0.00019678715828830252
0.001527837543494002
0.005531073699829786
0.0019510177976899245
0.0022835788912682537
0.0033913242575745427
0.00014743392450854314
0.0019442767648958545
0.003505887778076596
0.003581577485141528
0.005150461723022277
0.0005022570149844256
0.00034230243539184584
0.000445420326761567
0.0006744201228383284
7221619849089472e-20
0.002283539934357916
0.0005711946880570522
0.0031948965513884145
0.0021348642825199586
0.0006684735972191271
0.003153725192288449
0.0022779653920240047
0.00024127081250538567
0.0008438846883970176
0.00010225696720099097
9039696650355561e-20
0.000729444069876842
0.000961692038312487
4151562920215368e-20
7218315230470998e-20
57139076197052556e-21
