22390446245588605e-21
9196284120755664e-20
10231569137716e-19
2577637692529509e-20
6818922365502482e-20
6056849918790065e-21
8654487285082802e-21
6690138190403941e-21
7729997726744525e-21
4593614250842057e-20
19859545156435898e-21
36117380193914945e-21
0.00015096909984724198
22643311559617247e-21
48462629306929234e-22
0.000176535295105382
0.00013528068667526135
3729535113650078e-21
1331702762024817e-20
6008444823778205e-20
8651482506662664e-20
0.00016464460477731992
6212046538741874e-20
1214618273787136e-20
37170742191171223e-22
0.00012890937469515714
3924068580082238e-20
760629408210071e-20
2417786796753332e-22
9678098182252708e-20
0.0005125766234330798
0.00030587954115503236
6133158488087713e-20
6157801087309989e-20
5402057034050592e-20
0.00011602054178688534
0.0002718480274977383
0.00011781797097581336
0.0022642260827215634
3828199222585475e-20
0.0001519072940607654
0.0003506645416715101
0.0004722414603608999
0.0003394973199622149
0.0013139134881405062
0.0004342726533424269
0.00015350558588622887
0.0022254337914090036
0.00028795697876533106
0.00010531638344917769
0.00017001066804005072
0.00015222402728360326
7046757891052283e-20
0.00010629332245965127
0.0013274585560180995
0.0007066221814858692
0.00021088346985013805
4879355725602803e-20
0.0010099691179103452
0.00013875491243470325
18985794286758865e-21
0.0003216041350192807
0.0004732512072254666
0.00010158398889858537
0.0009174206612659007
4291758535056969e-20
0.00020423261958042442
0.0001198683621886459
0.00013389944708397944
53697307260841524e-21
0.0002916067424398026
0.00046816989863827756
0.0003328318438321527
0.0010163699979912092
15603052232907455e-21
0.0003621353461270913
0.00016770200431866174
0.00018876051579645617
0.0007004248453628141
0.00021747107734970415
0.001659617443138432
8700448308405447e-21
0.002682769980385234
21649321949846674e-21
25172932269282553e-21
477486838284564e-19
4890759347673128e-20
28170829425549296e-21
13122492934293899e-21
12681343044537629e-21
9302831239017294e-20
27175561748614957e-21
0.0005637327196955848
4233653359942791e-20
4672969149679746e-20
6312748684583335e-20
0.00039497239705556887
0.0001935858682165119
956653103905555e-21
7479215216338264e-20
0.0008559220655646932
8908339785302298e-21
0.0002767037797216012
0.00021342685168915552
9581491314915074e-20
4236747419055716e-20
541597835591319e-19
0.0020419107572681224
0.0001190677974667019
0.002993936341398531
10892665232739791e-21
0.0007570898947503399
40830579000601344e-21
0.0006735192545113959
0.00042114552638483974
0.0004359291981934494
0.00014086309290011463
23935656042134595e-21
0.0001461385481035567
0.0007843993312132469
0.0005444291782607851
0.00017545243167815114
0.000700193662368878
0.00022448232279289246
3639044476080241e-21
0.00035475947311440145
0.0005727859052316437
0.0008300293282442186
0.0002250881795875911
10862816526265867e-21
0.00139102668765298
0.0013458330470513963
0.0005064326688112287
0.0013745546267788346
0.0006039332068350202
0.00018554231768325884
-3483181324251277e-22
4142556439307291e-20
0.0003031818460387998
0.0013507016869453532
0.0006082500810175722
10648909297752657e-21
51616538326828354e-21
0.00024410583886055862
0.0006973701013824185
0.00028954575575988197
3130209728325535e-20
627795595502346e-19
39116722246043404e-21
0.0001792316644521976
8936817627281304e-20
0.0002951548893657405
0.00030428798817491005
0.00023908040161850746
41625961561887726e-21
0.0004928268262774717
13400146069853126e-21
0.0008397795814820942
8435674730060963e-20
0.00044308975474595185
0.0005106690466487162
0.0004973880805052575
11050739443863265e-21
5020678766445175e-21
0.0005046279062996092
19429301803699646e-21
0.0007699714148935358
0.000125844219264434
0.00039675856069351997
0.00010684244576967878
0.000647153164898131
60376948054224047e-21
0.0021384978280565414
0.00018978601645385903
0.0011138102792088284
8456220322183554e-21
0.00030984395846454847
0.0011062050662375394
0.0015410610619592078
0.0002659151548017341
6686007402643595e-20
0.0006566605443741267
0.000972056032735955
0.0002774828733574818
0.00014262502941603865
8098824859448108e-20
0.0002748677385315211
47902910356627263e-21
0.0006009649310232035
3887827698647413e-20
0.0006081264841399365
1942116998941389e-20
0.002077311178788142
0.00034242349528636575
0.0005212750068509529
0.003713706984338512
33465329432930844e-21
0.00043033908530419363
0.00015824151595942432
0.0003941477320013172
0.00011256448755424946
0.0002965542223875137
0.0008731744632273739
-8100135141527597e-22
0.0007268448142761883
0.0007502706059260513
0.0017695986055158667
0.00012340021459535715
360911751704592e-19
0.0004950034133460662
0.0002637307064772089
0.00022205701289028032
0.0008412041666023301
0.0016187192765278135
6988418094246182e-20
0.0007949105211978764
0.00015030345145133708
0.00020255456887556699
0.00010673426303971635
0.0005888423647333933
0.0001717537965766202
0.0010206092404677865
0.00010070832754054567
0.0002872917940227527
0.00041480324877864823
0.0002083408193792383
0.0008602308630712407
0.0007350148287759886
0.001595167268620433
0.0009357073560728224
16629289466520588e-22
0.0005262605983300411
9365057898219269e-21
7071478843106719e-20
0.0004594734175726877
0.0003628189595076484
0.00041671556981052907
0.0008334137438076583
0.0018957894047353576
0.0018995338313641716
0.00011798607783265303
0.0005986406592136391
5739410585824349e-20
0.0004930226274482539
0.0016995391510492932
0.0007919160514505917
0.0006181877422053629
32941953953999136e-21
0.0010521113084271943
0.0001835045229059112
0.0001996833154181105
0.003035607003382614
0.0004119299073912253
0.000653005958475357
0.00046961105922201075
0.00010784040950889604
6602692602454579e-20
0.0007997341523931049
0.0006284252061431743
3753764830505449e-20
0.0002757898857193009
5324954451198516e-21
0.0006562158143985234
3481255094544516e-20
7958831043832618e-20
0.0038839366825881654
0.001055409057077477
0.0008367051419664606
18140192025681806e-21
18006344266457753e-22
30246495998278627e-21
0.002417092017403645
0.0004098255502365234
0.0002111566674946325
6742000619184452e-20
0.0002162325929791482
0.0017194842246698722
3210853619145342e-20
0.000804879878800656
0.0008716225817426449
0.0020251889606789537
7004886330635525e-20
0.00022273526541541578
0.00228282742666993
0.00024397562703781044
9416554576466601e-20
0.0038385142400142757
0.001343240598801045
0.0009034178975979893
7275115852513334e-21
0.0025364893674779646
0.00048270861461913286
0.001053112407640222
0.0009054539337780535
7584071634647504e-20
0.0009123377135198725
0.00022282880836832917
8376443832076103e-20
0.00014891487142478798
0.0015132005830017685
0.0006862059138210656
0.00029771321816964404
0.0004910718011434257
0.00037469109634867813
0.0006267224535303557
0.00012894812174070745
43633602391478585e-21
5900487988797608e-20
0.00016448073845854336
27864540975176896e-21
9702510156402654e-20
0.0005908534135931376
0.0002760201365355948
39862728046145356e-21
0.002163731461244636
0.0008050649003938922
9299592794010243e-20
2641778757123607e-20
0.00017226146795992872
0.0003885187274949094
0.0001409696108113005
41103593755117084e-21
0.0006618443098504992
0.003528439098066702
9959693828461133e-20
0.0008850647143541001
0.00024469898410297777
2138276126019607e-20
8916148129142555e-22
8117392952604506e-21
8300603334381963e-21
0.00010004249138675175
2217635200527705e-20
6667553754549003e-20
0.00022454188060185522
0.0003780473942892329
0.001478165061184577
0.00019704458730461353
0.00484584072207236
0.0001473284097179865
6573297516297755e-20
0.002069554257996841
0.0008789271645531128
0.00030281166733393485
0.0005037419225819873
0.001977665335239987
0.00022340891534940454
0.0001597396147057354
0.0004848764487009934
39719470548446696e-22
0.0020191843876931526
12784541421216457e-21
5281867543937327e-21
23799742533773746e-21
0.0003091624151880927
0.00022396001479783488
0.0005480359553737
0.0004596555184369856
0.003098539715638267
25366018087290645e-21
0.001438663961213905
0.0002372266279385549
0.0009383643380538893
5173598642955627e-20
0.0007374412472783985
1368762597808231e-20
0.00016666159695772308
0.002155490613422953
0.0005778162843169309
0.0001548955077052824
0.0003322328806657946
6655311929800756e-20
1234322365989988e-20
0.0002549198726561091
6258841332617602e-20
24530995949692296e-22
11010344713736062e-22
4387228220762173e-20
0.0001895921776104298
0.00015633643491972914
0.0001401172542584899
0.00028906924842517375
0.00033093599597184924
0.00018833192313386343
25295560997459618e-21
0.00045914221287107255
0.0001318727218263069
263334369957193e-19
0.00033797846454348344
0.00022043598959905686
621347024551015e-19
0.0009836958357680504
24936872716831862e-21
492336473016628e-19
0.000820423092125277
0.00077091769481444
0.00010048222117581837
0.0007541781484714713
0.00018983029221538835
8796701912243659e-20
0.0025485368865235613
3088599214729857e-20
0.00011401590521426274
0.007932439983386722
51696943841288255e-21
0.00026486848471770475
0.00019977016278606286
19307564429661922e-22
0.00023377086601196248
3161841172400364e-20
0.0007537448668302119
0.00033648232393108555
0.00018479874528676342
0.0007094209400250887
6968883202728178e-20
7433662323448014e-20
0.0009779464037894048
0.0005607571221540575
0.0010466555559584985
0.0013048824305058853
6813616882485239e-20
8239680233161693e-20
0.0002056485065771866
0.0001843909250282651
7485784729563395e-21
367749837359914e-19
7249799986034129e-20
0.0008655649356818115
0.00039976314763342277
0.0006929960169286094
0.0002631432841414044
0.0010866152477504777
0.0005426283901377076
0.0002470762711481358
0.00043912933962563666
1714291273459804e-20
1078714591399967e-20
3608142813917289e-20
727159317803427e-19
0.00016731546843087964
0.00019347887905839955
0.00011929509724659727
0.00011860817948700086
5716538534735083e-20
0.00012809297724563346
0.0003915612607714569
6424118681114625e-20
50237422636252655e-21
0.000314028296486694
8032137998162772e-20
0.00019901405359244145
0.0001043860302219746
0.00015475585180188913
0.00017594020265356185
0.0004962579801941042
0.00030607809330204577
0.0012569550845313812
0.0002101047610558572
0.007995444721382909
4226910383356055e-21
4081166313008927e-20
0.0015872666477891612
58651974120857645e-21
3495624697017795e-20
49830116667754764e-21
0.00013449472256118534
1632671003603574e-20
8320691622667433e-20
0.0007868322344608409
23972564840107534e-21
0.0009272570325824535
0.00047204418899253226
10329098664451127e-21
0.0006105473891622351
0.00013677967578886593
0.000504088168553579
14485084845566058e-21
0.0004913367994203221
0.00012277493423033082
26506029208795376e-21
0.0006442166567663409
0.0017192737227563794
0.00017724721720894195
0.001462121803189756
0.000654797094261767
9874483234985109e-20
0.0010694707951869006
9116052623858488e-20
0.0010268149443499
7792298314292802e-20
0.0011227479070725843
0.0005560667502725646
4987950108408944e-20
0.0005375756594691812
9040187676673909e-20
0.0003401272643290038
2476488674850914e-20
0.0008546686774844814
0.001429697166530519
0.0005038635175855871
0.0010053732169572637
0.0003149088115335046
0.0021457935331272012
51730431241168454e-21
0.0017416165115619977
0.0004946129682747597
0.0005277763271069526
7399522140321015e-20
0.00010995044652024882
0.0005315746301308836
621518655119556e-19
0.0012234992208929496
0.000584840471302493
18032338446551766e-21
0.0012477369318158484
0.00021050583936672314
0.0002088309463764555
8683054426006204e-21
0.00014966008176585407
0.00016104789440764134
0.00026984128443793777
0.00012416462371392321
6794137433008744e-20
0.00016483067834931452
0.00035742304861381485
0.0006506784524566738
0.0017224363280016937
0.0015475851500154506
345326239584841e-19
0.001619967788714932
8425786157762644e-20
0.0003214168303066442
0.00019168445323265035
0.0010521637138150794
0.0032485264318626874
0.0008415516326748097
0.00013122596383574906
0.0008622608163810009
622981904187417e-21
0.0003462312746504262
0.0005762096735709463
0.000487895194341508
18965563124705142e-22
3882731416080118e-20
0.0004165555825554759
0.00025876370579716324
3035116248101924e-22
0.002924836101617695
3402793156825066e-20
8090669902914558e-20
0.0003937814645775002
0.0001168764480718044
34320963630599154e-21
0.00048205557502606117
7125946586009992e-20
0.0013091212654274037
36897300238348393e-23
14236077248800684e-22
0.00014918784600963857
0.00019723667033525241
6607475312301833e-20
0.0008289317842171941
0.00012434051390071427
0.0021788868015687004
0.00012480935956627766
0.0002399637422365744
0.0005929360419060493
0.0016681186937030682
0.0014292578078295376
0.0009101784728950676
0.00029804629299396145
0.0010027819178728575
2478078062349857e-20
0.0009016161207898793
30264060027851942e-21
0.0011260691525964341
0.001026369126929418
0.00010980408415830567
0.00019142265343061667
0.00011471368630946844
0.00032664809758192607
0.00027220605760619834
0.0013801000134349584
0.0003471937533154382
0.00010585850668446105
2359654782121774e-20
0.0003787786926365631
0.00013560020968622516
13078437267617049e-21
7133375238789164e-20
0.000221371859054617
0.0010421723472973598
9516145199309208e-22
0.002556695430776675
0.0003534530209286115
0.0010404918923700665
0.0006288164029447852
0.0038889739319012536
0.0012832764196182096
889081611741877e-19
0.0005522082352296878
0.00023842466387512937
0.00045026911818887063
0.0004926670859674727
0.0008944614804024753
0.001483123356432881
41523903765995806e-21
8385275334274808e-20
0.0010752570529211469
0.00039528629723028195
7128730497082007e-20
0.0001417360030962071
0.0021329657562375475
0.0006509564929023139
0.0072096312545628346
0.0004217717585259504
0.0001730619984637878
0.0004074095212131212
0.0005090442604791927
0.000114961941899818
0.0003759724926102337
0.0002114167504076978
0.00011126538327149294
0.0003677643154609671
0.00016417182362558276
723213941834129e-19
0.0012768712352596268
0.00012916950810780181
0.0008624000767141764
0.0046190453992683055
6911316281218908e-20
0.0009524942488202894
0.0002813731431583383
0.0004542753463040793
0.0003323792217789991
0.00039954495337544494
60109474960764e-18
45188750405965795e-21
402995098800687e-19
0.00013008394647844696
3404106274325967e-20
0.0010494519455633078
15795089373462915e-21
15576428336865697e-22
0.00011211035097974601
744301168006407e-19
0.0003823619888788115
0.00039637300381464136
25903661164904976e-21
43322863257279275e-21
0.0014039401138596025
0.00027158699902842627
0.0012580440720304639
0.0009047968999380469
6638722559982883e-20
0.001751028387595974
0.001168530759630636
0.0014110615728649045
0.0010811902232660913
0.00015640130940738943
0.0009874939055407987
0.0006072583577667989
0.0030505740182670883
0.002511799192522623
0.0011340778253342767
0.006069449260859496
0.00010057314242660293
7460188272753355e-20
0.0013332409965826513
0.001224974468964829
0.002928468916920936
0.0020257946386303734
0.0009913485497104273
0.0012163041047349196
20721786307433563e-21
7832490993851526e-20
4164227056460819e-21
0.00145888992424593
0.0008404379038603764
0.0007352158400786961
0.001817554023491492
3694988658558869e-20
8930260037359783e-21
4527367280601821e-20
0.0016000699630047543
5551495614849562e-20
0.00011313062493347305
0.0003915858809223713
0.0004793610090049838
0.0020957101643714676
0.0005499419519101739
0.0009276731079364513
0.0009124615884618979
0.0002898270280771227
0.00038692690897647715
0.0003160095333083353
0.0007604848915489902
54986648899298035e-21
4648063488495883e-20
0.00024664010643682253
3146889510053658e-20
0.003617295389872446
0.0003551237010173728
8855315324680516e-20
0.0011626747269852151
0.0004711074529885731
0.0007747755303061303
0.010177636376439958
20420018186873605e-21
0.0021796366160916738
0.00014941187002190276
0.0005501220745861817
8214956949051806e-20
3327164648521045e-20
7792019892530633e-20
0.0007216963424646023
0.00013666266999595532
0.00014572119142052613
0.0002999387377655236
0.001795290237312737
0.0008290412032779997
0.00047567652708053673
0.00023383146975856337
0.0008504129979430304
0.0021447469569660814
0.0007581387883026581
0.0002881589857531375
0.0038913519396369597
0.0005595639266016371
0.001871425743324708
0.000540573751650537
0.00047775390011821833
0.0006658248918757982
0.00025940525756046155
0.00026259389191408326
0.0002371828397692942
0.0005933314967723473
0.00011177175424434783
0.0001899454360354305
0.001905429321919698
0.0003450025225398119
0.0031908938560152355
0.0006174076290090704
0.005765085167832779
0.0010090124213550107
0.0006633623394122906
0.0004926128855385311
12895130965316269e-21
0.0003779520299535709
45475178312714165e-22
0.00032416991189411314
0.0031580257508978114
0.0006358838384649798
0.0005189991942568924
0.00015008908467265938
0.00010470276809077183
0.0003511424720984047
0.0019036671384604768
0.0009421510787241781
0.001501898389579743
0.0003771003860014303
0.0003400219907265784
5489376672714572e-20
0.001028572370996513
0.0005657251643678969
6208401095264947e-22
1803643876309685e-20
0.0005354856292091067
0.003082262760535379
0.0009330011144442713
0.0004338997020105144
0.001022670354607753
14169497403685202e-21
0.002253680704829965
0.0006555929916442884
0.0038192851493448797
0.00012466368035582502
0.00041831624375033427
0.0011165514472856264
0.001171931372701028
14447645804284834e-21
0.0009540723526437492
0.0006772279406716935
9399729468710708e-21
0.0006648922178434454
16650787904092398e-21
2376661980178207e-20
0.00039350795690397687
0.00025470217154420483
7872977563529117e-20
0.0002454716717572921
0.00017680804340931426
0.0005403336907711685
0.00010691975899893073
5446718552848845e-20
0.00012587685235121768
0.0001709385142730001
0.00016459316363207993
0.001244848287724841
11399437934842502e-21
0.0005508813713913736
3678045775663883e-20
11092939765148509e-21
0.0002828189240977332
0.0015807140531566895
0.00032304402821702716
0.00010915390381548479
31835189730798864e-21
0.0005581832271052624
0.00019217957758311133
0.003276203752938249
27973146661177165e-21
0.0008810652572181898
0.0014114218188248252
0.0002677709644556226
0.0002922317827301547
0.0004648207415923835
0.001040779243743772
24054042496611082e-21
3198397765491424e-20
0.000266434929991458
3324050265892268e-21
13084468811571241e-21
21134691201763985e-21
21817732624421955e-21
0.00015691397141814631
0.0005069098923804156
0.0004362772318976491
0.00047988797309440114
6115536043871442e-21
0.001219082436774207
0.00024049225658859054
0.0005079798350462523
0.001010842033821712
0.0003213176842479001
0.0005226660306159068
6542486779765637e-20
0.000577208113865939
0.0005420563363639328
0.00048756317130937147
0.0002483545554124453
0.0005167752836957224
26862156467673983e-21
0.0005270908680072992
0.0009632217920236677
5764425997270764e-20
0.00012854972773211065
12618115250572881e-21
6608070955948367e-21
0.002027674139906989
0.00045999222154685844
0.00018141862347779682
0.0003953456032309779
0.00012122932467481817
0.00024832344032257295
0.0015763659915100654
0.00026886475345885055
0.0009048693083771386
0.0008884136141092006
0.0002797052674200381
0.0002953909663593115
0.0013746477605181572
0.0006360775289639388
0.00011321961290468016
0.0012257745868231409
0.000809642369390001
0.00021429977725503558
0.0011394767060565571
0.0014889691397098946
0.0004569323499201471
0.001239413865288368
0.005029681180234464
0.0006094226557456437
0.00013482578345208382
0.004069453150901895
0.00026997554969418973
3429052825955636e-20
0.0005560899370057848
0.0005094823941598544
0.0013696254226052155
0.00139965423489426
0.0035312477419611184
0.00277889741489221
0.0005450842732172015
0.00013557637401390212
0.00013782818559687882
0.0016500312045597697
6880814116862109e-20
0.0003194999602396661
0.00025688930157064324
1532842652267299e-20
279128576611398e-20
256353276643338e-19
42280621526505414e-21
1530791844980054e-20
23264940708529257e-22
0.0008792463814819122
0.00042198622416652845
0.0002834510561811274
0.0002517899543651212
0.00020228650493612783
0.00026590764693329596
0.00011891267045605498
0.0004305948150800781
0.001198317892981096
5131631702253372e-20
0.00298369302164626
0.0010726804981293497
0.00011518573494658387
0.00032407447470580276
6439495441588922e-21
0.00024507037976377106
0.0003720221897094477
0.0001346907619988921
0.00046147072148375887
8121379538879261e-20
0.00012117928578073927
8237769170043269e-20
0.0002203407120888508
5358575063156853e-21
12648752978156472e-21
0.0009827307746021097
3093037390709527e-20
0.0001045168426754276
0.008576883973777366
0.0003676373543213143
0.00341104498467433
0.0024770080810432057
0.0002391369858962545
0.0003807776789345287
0.0001568908520732139
0.0006717876042280702
7542095081747386e-20
0.0014994238711392583
17478308887760006e-21
0.0005895021055535584
0.0015034007388537514
0.0003282112121638897
0.0004164146780039142
0.0036735745974885397
3495475042046842e-20
0.001980711839988433
0.0004579655245137831
0.004723113059147863
0.004717709349125112
0.0002757939705507877
0.0035689609268714927
0.00014290403448110852
0.002240034821493992
0.00022517253652275642
0.0006161364984312527
0.0002603603346342519
0.00023282627238335475
0.00020598881646505767
3588753182686237e-20
0.0003450100168094413
9833494551504706e-20
5212857559026442e-20
60161905770673115e-21
33545811416736805e-21
45654854827724767e-21
0.000713008851034239
0.00020277951868009526
690720508040513e-19
0.0005239039925103137
0.0007858908790380956
0.00029075723627047903
0.0010525445109077184
0.00016187986825291008
0.00019453678964651786
0.0006741235782319488
0.0003526074034599889
0.00029837890648687295
0.0002528143129864227
1219701465623332e-20
5045915759172045e-20
0.00023400449395611693
0.0005776286740320283
0.0008218901820103007
0.003112169619039948
47513954328756825e-21
0.0003463312385469931
0.0002961681328312897
0.005042692163436268
6921092158554657e-21
4853863731898296e-21
0.0003493756937725102
0.00016694738812892781
0.00016611959971720553
0.00015001496721271074
0.0008901925407844865
0.0001665779717909825
0.001536569162990995
0.0008591769703895485
4782106621132491e-20
0.0007190280528531065
0.0013246565867594971
9985264829145519e-20
0.000761682834961318
0.0010570340616869762
0.00017441324046162798
0.00025238745484707534
4358161325112315e-20
0.0019838965587143874
0.0003751921925666592
0.0018367546614602237
7356847685429086e-20
6192658967617886e-20
0.0002159328636576007
0.001970894345884286
0.00011987111422821836
0.012966119943261708
0.0001475885276331212
0.00014377938881411222
0.001203508954366314
0.00023440753106308815
0.0043573020434085116
0.00039532304343541704
20407336897788874e-22
7316251848729731e-21
0.0006517600407504715
0.0011019380244275943
0.00031186508469879836
0.00037660049522435896
0.00010883615615517607
7928401315886317e-20
0.0008886101810803569
0.002557426664278813
0.000379103835215772
0.0005523201937808833
0.0026568508941847793
0.0010676948708054049
0.0007296015910612188
4543503924587217e-20
0.0002065891165155895
0.005244014572298719
0.0002906494523509609
0.00018415318380714322
11431083366579234e-21
0.00016067721960365174
0.00014738093898126475
0.0005918256173637966
0.0009290316427250149
0.00023251235403314667
0.007972521551247709
0.002947935596497536
0.0008716833710029129
0.00027214853353460744
31877559947112223e-22
0.0019062215868074128
0.0017636251519948115
0.0001259830974343351
0.0024204818108656302
49682461796704395e-21
0.00016085518117469255
989782228481803e-19
0.000192116344056901
0.0006399357497434014
0.0008545373536117313
0.0013432193432770592
11262784037764948e-21
0.0007374684536085064
0.00020305431270178069
0.0003752318650584269
0.002443879267379249
0.0005573609282331622
0.0005605440489567415
7634059171822791e-20
0.0013296871948963816
0.00024967714721088846
0.002907946886743466
38588067170781595e-21
0.00024029681989284156
0.00013085876571822608
0.0005751471473125931
0.002017430437393459
3444846527275434e-20
6051350740771799e-20
3985551711569608e-20
0.00022710602771116814
0.00041191710159032576
8972068342423605e-21
0.0003655018863803854
31753833308736426e-21
3443953393906447e-20
0.00014856720308191966
56835425983056066e-22
3347503906986548e-20
0.0003189131133919741
45534562721554624e-21
0.0003373150089213906
0.0008032799509337849
0.00010071422178637961
877400648679286e-19
0.0001385114638610211
0.00040222636025787214
0.0005662826444097283
6433649860881358e-20
0.002428014074192076
0.0012082060774030574
0.0003819526304726966
0.0004426438239348546
0.0003078099063456085
0.0003713803260688126
4572761192105534e-20
0.0001199775139213095
8048944695504833e-21
9551183485207023e-20
0.0002515260668722216
0.000635426380506422
0.00042815596706984813
0.0005097726352578016
6075300757490947e-20
0.0002479056740926331
670796248942528e-19
7704011489625135e-20
0.0009618005057461381
0.002625746387387844
0.00020116372477198171
0.0008091404176262909
0.0014161052298767786
0.000660780013291348
0.00040051943601708
0.0004228063975827351
0.0005475137760111058
31909376977859453e-21
0.0010162335738044435
41613650003583045e-21
8193542081497069e-20
0.001455175305162887
0.0017702953549427443
3584636210695924e-20
10594655451700627e-21
0.0003398611127244049
0.00021943693223264808
0.0036749667450751184
9858794737821475e-20
0.00018454893922433278
0.000826685710949833
36583128428856894e-22
0.0005036571372624232
0.001212515913025928
0.0001865017649255068
18440535003299756e-21
23207281973091083e-22
6005901550686609e-21
0.0014392605218694718
3497521141662593e-20
14414043705757656e-21
19614973707042196e-21
0.00015170003421635726
0.00018184631957340744
0.0005787108150208754
0.00012442580835457683
0.00014686618015046673
8047565677700997e-21
4001447282292462e-21
9515761258580336e-20
0.001160183455153459
0.0023117925566698895
0.0002628801234228267
0.0005049402039632912
0.0010427505547654196
0.0014160696508632887
0.0004290764821868231
0.0024947020603178814
0.00026738058057948505
0.002555297577704137
0.0014211588052582763
57745335736289596e-21
0.00026447857274809966
0.0025113301414010536
0.0013112449683473583
0.000688815714205425
24435574722017426e-21
0.00010078447296913048
0.00028928234661764493
0.00011243979646350596
16944852973608834e-21
0.0009001573480572525
0.0003446927239238834
0.0005251066809940588
0.0007959521949313011
0.00028465548764767824
0.00017480786434679948
0.0030997030002554303
0.0008896276719913556
0.002266045435524447
0.0009382055932757376
0.0005219293485055702
9581762468507524e-20
0.0016811358762501647
0.000216922237904794
0.002076021019856914
9103500095758592e-20
0.00033231778445534606
0.0005599225821418036
7267162393483507e-21
0.0001052007668438774
0.0015993667024569271
0.0009063991819071067
0.00035826522521872293
0.00040570350537910455
0.000507449810414045
12380989962639762e-21
4739825266201155e-20
5424752242989346e-20
0.0006759443072674296
6923087475743748e-20
0.0024878607362974177
6227664730023587e-20
0.0030473226604501536
0.0012257739448994446
0.00021201431341789668
0.0007084189961108074
0.0010278790598883415
7909308518522795e-20
0.00023896924069347693
0.000738596601568129
0.003394707711367379
0.00029682281370142213
0.0003976582908323294
0.0017923619029492808
0.00012093283866613429
0.0005167582249033317
383672218993581e-19
0.0005243248942354028
28646922514954294e-22
0.002111720434079662
3947241880863243e-20
0.004985826165027619
0.00014168519724568984
0.00020202030809804593
0.00012022083241451965
0.0005898739853042463
0.0003057624755845976
9886036049485644e-20
0.0018814091132026201
0.0004938289572333303
2675138748060524e-21
28510485199509747e-21
0.0001327353650860633
0.002624710763473573
0.002004809448692937
0.00047205908983920914
0.000497978809832933
0.0001867781519400093
0.00015056820987200951
48003187068605636e-21
0.0014700905569491104
0.0010213912774394572
24570062272969998e-21
0.00023462660522674032
11134426013516868e-21
9826470735257124e-20
0.00030880338389645647
0.00029101070184547656
6823191957859535e-20
7706758189337069e-20
13561023806012133e-21
4420143748128139e-20
26358732610854177e-22
0.0003078203457413165
12098801380231152e-21
0.0003655532991278232
5856496123587344e-20
3956357448976676e-21
40208521861089124e-21
6844097016706993e-20
4096333015386565e-20
0.00042278638538238836
19336413114001354e-21
0.00026477081821804356
52085438987926e-18
0.0008300503759105707
2877638696085447e-21
0.0006064318212716273
0.0005430836428901156
0.0002338819947002933
0.0001294860604815065
17000533199688523e-21
0.00030295362502323104
61223016341973e-18
0.0003253673791699918
0.000140750553937485
0.00012201358948028456
6888679940548987e-20
0.00048089989929152804
0.0022335799432864458
8265885883790839e-20
0.003122320789733952
9625385590180774e-20
0.0001305911706350967
0.0001054893418195785
0.0008903228330550433
0.00034504669170599316
9289563602254907e-21
0.0003838883874951411
0.00013905773272333306
0.0025145201866872773
8100061197516571e-21
0.00012360315720940293
0.0005296515810891723
0.0009076788590892663
0.0022915511260807003
19700304424755628e-21
0.00023779444864579783
0.00020206285982102404
0.0013407530204371041
0.0010198895021778756
0.00017807739362383192
4052960363186401e-20
46691253140496185e-21
0.0007564343099790892
0.0009498074817892731
0.00017554820544003722
0.0001732393089314262
0.00016300720758936346
9459956370604433e-20
1354206049154414e-20
0.0024229396347989858
0.00023879952658797395
0.0012110440726951872
0.00033399856901606306
0.0010353570464539485
0.0010210713862366164
0.0006772364368516773
0.00012029399809806205
0.0003659585870805367
0.0009150585945438206
0.0003239049290051247
0.0005392427739052514
0.0009500121746738911
0.00016874811422799797
0.0010495436404580887
0.0008841981937144441
4860367216841175e-20
3857885568443896e-20
0.00041922833013184927
0.00012213384511981814
8364230489126383e-21
6661912158386036e-20
9563870189762671e-20
16042385608352042e-21
14006019710838465e-21
0.0003104350909140291
0.0006253052507367867
13809745029795887e-21
0.00025064073222747977
23097939545305877e-21
0.0006903008103061317
0.00041729233425763073
36597623705833646e-21
0.0002936807484754546
4301415615165899e-22
10819376041209887e-23
0.0003388405657163635
0.0002658287228224656
0.0003053949090076709
3491466617568788e-21
0.0009561085471982025
11925410940463815e-21
7332800329222253e-21
0.0001071518791084243
0.00010936441857301725
0.00016304022498374933
0.00018840649624012106
0.0005254168372367907
5626120406764348e-20
26943931733793187e-21
0.0004050259096249466
0.00027450816710848115
0.0007866968775120655
9331993514152716e-21
0.0003735514451274311
0.0006041149721367616
0.00021689835344153695
4002525775177327e-20
0.00030524331075662537
18891606047879934e-21
0.00043551374933896404
1627684331745178e-20
0.0004636968078868903
0.00020099101553280543
0.0009165581821444266
3852200724653195e-21
0.0008703346830888644
0.000843736440532026
0.00018950515628715726
0.0001062596280614906
0.00032805514056091285
0.00015474595543665047
8653296842724735e-20
0.00012818811995558466
0.0005192627176238817
0.00015654403082807512
5725367676565348e-20
0.0006962335774369098
12618959795159244e-21
3543388413611133e-20
0.00021884730563613252
864476715334786e-19
5864141635126612e-21
0.004086526734633088
0.0018445800706469186
9983713810586695e-20
0.0006370978657963173
0.012714582868832239
0.00023090155240748872
0.004362292156514804
0.000942700675744627
9370644177304406e-20
8749848687806654e-20
1033260465131408e-20
0.0004362797226730213
0.0002471883772178585
0.0039265084368152224
0.0008522839344405604
0.0033838803378196856
0.0002270989449936613
25142119011490815e-22
832417490665903e-19
0.00024045598481680969
30655445992257364e-21
6164046886454822e-20
0.0007086007016457108
0.0005751953044461372
0.00019143932856983465
0.0017747977529290857
0.00040261025300366605
16371912981598264e-21
0.00017388063492035946
5231454800741545e-20
0.00029435207045324865
0.0002424353277577997
5674481023232734e-21
2171995468033908e-20
0.00040342761872459807
16241640811767276e-21
5844082712089072e-20
0.00019089407356664704
0.0006289648785638658
0.00020131758646475337
0.000248301819033963
6757262891841887e-20
0.0016814650985256241
0.00010072687879907241
0.0011397828273587674
3201489648812926e-20
0.0011279257912767892
0.008012055896674551
0.00042193671250831286
0.0007338580552753466
0.004488542633789775
0.0007471889098818605
0.0007051587948671044
0.00011050898820754485
0.00035178700040411115
0.00013260961880336812
0.0013090397289786397
0.0003637208350575959
0.0013815399084931579
28588125042676346e-21
0.0008163151737002724
0.0011582526391318024
0.0028249000717571714
0.00025353805746340636
0.0017617318583270341
0.00286170676615885
0.0009432265272479631
0.002127124425560205
16267914503108672e-22
4016539532688168e-20
0.00024940303776003586
9415623317961137e-20
0.000529823348188905
0.0010421904843660621
0.007077287801740429
0.0020831426984649535
0.0013013531410035475
1163980079290542e-20
0.002304819173711769
0.0001099919056009693
9685937157390315e-20
0.00022802198731746738
6915141804938708e-20
0.00025369738957882617
0.00011733869913147554
9182862614872632e-21
0.00027103207781613336
0.000623503880933606
0.00043943077992233953
0.001003070901956016
0.00019948768758902116
12996064517410337e-21
0.004338243951909921
0.00026845227530471996
2134120631748786e-20
997962693957488e-20
0.0019414851090576368
16942108654035281e-22
0.0008913795867393654
951927740358429e-21
0.00035211098583280784
0.0008653754668823425
0.0001456264551988041
6269547032696447e-22
0.00041626618402610494
0.00010109301507693885
0.00029211345141816233
4388529607610389e-20
0.0007823987874656939
0.00019517357434189114
0.00017105760211453573
24579818683792094e-21
5182377991795273e-21
0.00035670821711463786
5978911553969143e-21
6027135778141414e-21
5809823400360552e-20
0.00012398411305166422
0.0017801064295091995
2778918445712502e-20
8252858747606262e-20
0.001771351301237072
0.0006073836197569978
0.0021120480301868
0.00036995498351923337
9361561553267525e-20
0.0015372986913300688
0.0002578643751875635
0.001289126326919677
0.000638009135507642
21419794907827153e-21
9958891665656754e-20
0.00015692251073338743
0.0025418639377461647
0.00010593664013811608
0.002049210857775792
0.0016737583169728833
0.00041108976501876774
0.0006867281297339039
0.0001605934794938733
0.001046405126347593
0.0003256888926798928
0.00020487595123503947
0.00044422514908080697
0.0010817550441543685
0.00013830645651305825
0.0003755783598636696
5010876550151426e-20
0.0003159213256940877
3815155394965622e-20
0.0009185819588478609
0.00039768765328796856
5971553428781973e-21
37214990470272565e-21
0.0012226706589976892
0.00023105734817834323
46760128209268085e-21
0.0006028200719265846
0.0008074628348914149
0.0001873231358810807
8362903406492657e-20
6403900302480197e-20
13548964935548912e-21
0.0014842186162743437
0.00012379859410844145
0.003197592098076675
1737461631498775e-20
0.0006341235544022816
0.00036968961091924773
4817658010526793e-20
0.00013510167866028644
0.000512947103293779
0.00021801572709373852
0.0005291554016805473
7483442823908117e-20
0.0002837934606343634
7311633600469616e-20
8369733816085867e-20
6002952255469269e-22
53938939764804344e-21
4087909720687274e-21
0.00012489707165835108
0.0001381440240435801
0.00043651054572757287
5474915580830442e-20
7173091036988907e-20
492833535963539e-19
33491214866014875e-22
21127617472985136e-21
193469257356309e-19
7762355080727316e-20
7230868488141018e-21
3863206930339452e-20
0.0004090875412825197
38610691156067516e-21
0.0015137958012746775
8229470027517713e-20
0.00012676198075780752
0.00033420592908600167
0.00017515778778192986
2368690885555564e-20
6057289284977119e-20
3552640022810248e-21
