0.0011404591460123124
0.0006044745790377211
0.0007112156449689437
0.00023022059601512931
0.00635948458467011
0.0004687928751016604
0.0003929098877295893
0.00030658135726086824
0.0013726487618992132
0.0006787970786593766
0.0015219315518295025
29596683115508132e-21
0.0009586698499950699
0.0005914712894178144
0.0029591392126870836
0.0005084301871247468
0.00020667082182111908
0.0010880261852821908
0.002290450219354402
0.0031921942823421264
0.0033017406357034717
0.0013442551420008524
0.0018251888515810816
0.000785034572354317
0.0009166321697327111
0.0003985644428470617
0.0015228201457864645
0.011088911416099741
0.0019257490278665225
0.0041997366792475375
0.0037432030665805814
0.004162688182989451
0.0036984176858929825
0.004363911091192856
0.0022339973626415263
0.001304166356207495
0.002275177082255438
0.0015912850503930736
0.005796373383119237
0.0021553700740344944
0.007736470408884196
0.0019019164938355415
0.007275655033364179
0.00443460949633185
0.004801241128901083
0.003765052478644718
0.006190325651161375
0.013099171956754996
0.00010401067646951047
0.0026483871388152634
0.003016489776081659
0.0012719803894860574
0.0006986521376533101
0.005152448861860653
0.0012268677031605825
0.0009176788870823862
0.0036418330920709157
0.0008997769933753616
0.001380734874240639
0.004779075934415219
0.004616796470259149
0.001236616379304191
0.0010865442429930812
0.0012310328639353147
0.003528296190384703
0.002399397495815757
0.00213269750783024
0.0023201361726895645
0.0027724272854763293
0.0003106879903340021
0.002322245745299165
0.0007995162694277161
0.0015528221882262808
0.00449182987481774
0.00722797568951013
0.00662272375385022
0.0026271834251796826
0.005585017845573508
0.0017102266337247164
0.0021329972830712047
0.002362375037716471
0.003229426149311846
0.001328174202094995
0.0004489458934933706
0.0006656572553069824
0.0025822140130900713
0.0032372588349489613
92626069776832e-18
0.00422724724923321
0.0024913570829766377
0.0013290483187420887
0.0023272980711064616
0.00017261815517975328
0.014987085093147232
0.0010475152216933624
0.004072100372147078
0.011428229042241306
0.002639815254764785
0.000840952044712311
0.00399823223110559
8687447549941993e-20
0.01201430866047515
0.0020174101784250003
0.0021343106787180314
0.0015531014994038179
0.001691064177150704
0.001034271391576108
0.0029295053397428725
0.0004788339610177106
0.00025733848491118203
0.005456648234910254
0.00047191080157963207
0.007142026948509631
0.002494791628323548
0.003388570622015899
0.0011871294951367602
0.0013619473853906492
0.00040640689458130774
0.000758988442084252
0.002040157152348464
0.003692063915971705
0.0015078560805966152
0.003628938628816068
0.0021940510408523357
0.0009995385528143547
0.001766027758019721
0.004735729459007226
0.0019441167894974304
0.0023102572006895397
0.004486852392889847
0.0007753409020311687
0.0025820342873755474
0.0015023932919104286
0.002969212003411012
0.0016511302241128327
0.0029749958645412466
0.009627490846908119
0.0034040042015589045
0.0009648226801914785
18549855299463274e-21
0.0012172979710420098
0.001725481681243794
0.001214479723382444
0.001443480220404774
0.00160929952668931
0.0024577975966496635
0.008674601378910556
0.005940591007144322
0.0025241889067011084
0.0002664766947370331
0.003729364204140791
0.00110209713616362
0.0031035581403874037
0.0017301967149582194
0.002287511567963603
0.005060840973875831
0.0066054831909234234
0.0010264176334225633
0.005925856295689096
0.007569489527462809
0.004347718339603736
0.0009439666395551389
0.005613799056144343
0.010690249047973438
0.009725954136495445
0.0016378655896337245
0.0015907878077350318
0.00026854167536151673
0.0002277605488678579
0.00027463953527033215
0.00012722756418463024
0.003517932156264248
0.0012344171883350548
0.0020385925221387707
0.005068812309845636
0.00014568215577616067
0.0022407957446470904
0.002579606689650809
0.0004548064623072468
0.0013666698028443546
0.0005428965294827652
0.0006152787052786081
0.001010141253468817
0.0013462601731138663
0.0010151564266948237
0.0005248145980773944
0.0050897234779928085
0.006367802891611664
0.0001774704715958547
0.00205423572274152
0.00118994487011445
0.00038619564384304044
0.000971845456135099
0.001056560526856836
0.0006863348412481433
0.0009012374122259391
0.0017620915076772229
0.0026560104010347686
0.0019117360266462785
0.002820614859574364
0.002516954980475929
0.003882175708186223
0.007207264570851229
0.0002173146051159165
0.0028133087895038265
0.0011302821182664806
0.0002477170890430823
0.0001581568174015789
0.000639105184356231
0.003167876359137763
0.003679523371020107
988698863197436e-19
0.002253495386040427
0.0017984453875734645
0.0013578963843943381
0.0005587265726394147
0.004922254571565429
0.0029615097629799463
0.0006191611202013435
0.0013637904715245548
0.0004391017578765118
0.0007871557195344659
0.0014915474297484835
0.0010495310571036521
0.005870031986592053
0.001136251774885335
0.007313806834939254
0.0016496636406924962
0.005884432294472106
0.0019719206695990865
0.0027093945840002466
0.001052423152390646
0.003312624015872469
0.0011223951496530985
0.001732085181322367
0.0018897333281161074
0.000994636587997427
0.001808630456507594
0.0022675927759885383
0.001534780769291264
0.00813289882184909
0.0013730368064647825
0.005322830445034946
0.0023151926974760107
0.0011779638811115834
0.0013042114686372124
0.003352177023741201
0.004757110540127583
0.004000585531877469
0.0008519838734201522
0.003081331168508657
0.005334054343845876
0.002092600056755259
0.0004110088265212205
0.0004448710408262769
0.0027213584103868128
0.002517087404782595
0.0026184985545007955
0.0006990250217935389
0.0008548529102902478
0.0016215151985882411
0.0027388668819601477
0.004192490772830339
0.0007086500547904293
0.0061328555239860425
0.003770711023658481
0.0006327467962129714
0.0007900608765984768
0.001897367332100705
0.002803599696193681
0.0015749980611492324
0.000935879700293115
0.0003086442132707915
0.002887096880411451
0.005896962889873833
0.003404568715824329
0.0024575035694351013
0.0008547314852556967
0.007055701043790396
0.0029892824548193937
0.005711238147782673
0.003170033070578769
0.0023163715126265274
0.006889848775530555
0.0014721949183276585
0.0012683486112100096
0.00716042863341079
0.0017233429339470244
0.0005701816897361523
0.0012848721762794171
0.0037798294904648998
0.0029000323743068055
0.002616468025133302
0.00036262151781307186
0.0011666295653908424
0.00030625237613393744
0.0017906234573337666
0.005177995680017765
0.005788165445474682
0.0007795282248250483
0.0014519965036279344
0.00018708277536039284
0.0023378288686119876
0.000385760340758002
0.008844109037126308
0.004475524491225304
0.0006264416447742583
0.0008835450353756852
0.0025899888283685236
0.0033664857867606603
0.0035110735315548145
0.0014691840961859656
0.0003061520924720073
0.0024521620198908888
0.0007990801345512241
0.0054219764730617185
0.0027630348574280684
0.022325123248557
0.003176760136122331
0.005886796851367343
0.00035911431101335234
0.0009775638953743325
0.0021093162622187658
0.005894193227846862
0.002357930464685021
0.004300958188644552
0.004013328522675037
0.0018899772551759471
0.001706218041763474
0.0020958790454278843
0.0006971996154708614
0.00461406558166491
0.0009861897406372735
0.0010224962548081179
0.0024180681754714614
0.0022664331817490065
0.006151371173300417
0.0010204263348225985
0.005596788935866602
0.0023220081051767857
0.0009080310217598195
0.002871469434395423
0.0016597718218492278
0.000476746768946033
0.0022295590107626498
0.0037148975733565545
0.0009560703591446897
0.0016014316433842096
0.0009017194979176083
0.003926961020398046
0.0011584093799015855
0.0013474384313268445
0.004707408881872566
0.0015513503224256627
0.0011011785600457014
0.0033917141756505515
0.0012871808470117246
0.00183348389532763
0.0008786276545281305
0.0003447310863580036
0.009988629391397174
0.0017517771899807268
0.0007378096911640917
0.0005711414351954216
0.0014308044351986824
0.0007874867874968967
0.00042387867745750447
0.0023515396177778724
0.0015098620247792338
0.0002611686459837413
0.0004988157271816278
0.0023552895017634246
0.0006123115140424814
0.0007946154553863487
0.0011472023218992212
0.00026870907248760425
0.000400281817711098
0.0009258489670381756
0.0009772632566019885
0.001472105900045081
0.0006269601746537066
0.0015899942963287501
0.0015796624605449337
0.0009691320640036762
0.00030961357941159827
0.0002611213970787475
0.0008266905084830577
0.0004829721606847372
0.002236101395827776
0.0020306968032782514
0.00571174289963007
0.0003467081702202192
0.0011546108907172965
0.0023370428424872216
0.00010978023375961978
0.0005200132327157124
0.0006681632807590932
0.0006950444395770212
653038432459762e-19
