0.00013002198782067782
0.007812397270732913
0.022351440867012417
0.05638293356235807
0.00839075320424484
0.003761391228796437
0.039846929138625184
0.0017889693036459123
0.040351757255605525
0.012014821782050428
0.027033821317503648
0.015598886264383756
0.017496659872168193
0.015101201230334245
0.010327385905156493
0.0019307347802922088
0.011835484909713027
0.0002185001795295392
0.004435990678531954
0.017232928643153695
0.0037551467491473943
0.01790683330638847
0.004685821021114825
0.220929154507376
0.0019789015505320535
0.011869261473777738
0.0008343494818922148
0.026827085693613844
0.006061381252711104
0.017717253053211045
0.057391396054606185
0.0026068804409161823
0.01613765947202561
0.02939870725814396
0.027800983455180287
0.15313535705248704
0.00669467754446462
0.00735890233307252
0.010184334394840204
0.030661295181676734
0.008372391079566475
0.0001626008545283643
0.0007940641641873893
0.0021167434470175297
23183362277799785e-21
0.005405917725317859
0.015139282487399092
74262208685214505e-22
