467181291349239e-19
0.0004706236201449071
0.00016063802463614407
0.0013333294685712598
0.0005656123919789976
0.008343549181801944
0.0021866506828809775
0.0011894307688042488
0.0026987680257924297
0.002752141388790284
0.002599098548866896
0.017191548239370316
0.03702646398382849
0.022809204775171423
0.013087073038215264
0.005787611980154257
0.0010495774874503061
0.00644855179272043
0.002475778539498054
0.011170780793922655
0.01531329147270378
0.003122282687448535
0.0003549677146303827
0.06813827983343035
0.0018567554351150632
0.0027813726246759
0.025209580153096444
0.00014940432993628156
0.04234623300982625
0.013056043793252117
0.030197416785197446
0.0021524455118324716
0.016439536574465237
0.006588376370391183
0.0006704601571105678
0.01214657611105891
0.010083514087726566
0.006599748813114874
0.05188507869284499
0.0005896232590235941
0.004010978640648878
0.005039417193612605
0.01634617648521851
0.020997603380789813
0.0025191954340444945
0.026467534812593087
0.0040188405333367976
5855159821826682e-21
0.003933087595152905
0.022982555898785506
0.02765127398909065
0.004400096403876033
0.008057356041482508
0.013534597240019151
0.02900717644864873
0.003287552044801272
0.00010220692173665524
0.03370264226230828
0.05137198859111907
0.0190337188371552
0.034793434365388266
0.0009523891972694696
0.004279525758933513
0.06993350864665779
0.0003650893161590515
0.0006167763445360953
0.020153816794178766
0.00016656092376925215
0.02026742585343614
0.0017322315890672048
0.0006125367987866727
0.0008970543829801195
0.0008893472406159466
0.01734277079667578
10626654781570465e-21
0.0026916057277042173
0.02910593825466836
0.009176848762452753
0.0003342620647675837
0.016290675159784614
0.02200048107643087
0.00026488836338226326
9327545984294376e-20
19194070520006348e-21
0.0007678542260252711
0.00030407005275447004
0.00018281163331341832
4492955862817719e-20
8449463457294816e-20
8158409905962934e-20
