2305656174536499e-21
0.08270889786775931
0.13992029830757408
0.0003988269671478064
0.0007711332377080597
0.00011175761051292158
0.0026630188086006813
0.00043991625427551915
0.14797332285156017
0.09372824154620286
0.014633756300762102
0.024949507684931562
0.061012795189104824
0.00927569548720011
0.002633789491497435
0.007947757364519092
0.02468390219195113
0.023088445935624057
0.03024914892587416
0.015243005326956502
0.11001502677588729
0.03739091002679476
0.003644166515157146
0.009972014208409073
0.024450381536149802
0.009673953669940085
0.025041297064203622
0.001923015801864482
0.03512953334518931
0.05299792771491408
0.0050776438400179985
0.00020061965977454866
0.002047986835760821
