14143748201818133e-21
0.000407037489844518
0.0023894169105551557
0.014368926069404991
0.002265546333808711
0.003824684731170011
0.029209157437200803
0.08320979366832541
0.028867508356509426
0.16191032069231984
0.004032591092660384
0.023377635633905297
0.0002221147775380998
0.001818027003626136
0.11339746365853581
0.014276024122787539
0.0025291664368424513
0.07122475655889574
0.1936164670654971
0.014531565121707106
0.0006418336162310651
0.03848402734568366
0.12040187193263543
0.005168108039462982
0.0007297685671814843
0.04764390493685434
0.008068394821692814
0.00012876914937451556
0.004656826464782537
0.005657159847850681
0.0029269883689142964
