-994342797616533e-21
20621288310621126e-21
0.0005582520201843921
6930632562013105e-21
0.0005321194084830412
0.0003501946095247858
0.002918460478493731
0.05545944206761152
0.003376084853469479
0.047792362161938794
0.08674439727013036
0.0006854399974776738
0.0017799041858093819
0.00025989647402561083
0.0006605926544532145
0.00016489334527676345
0.056256740305779165
0.09852114874458179
0.28762143392460027
0.053897714093986644
0.15671479094988364
0.10973306058868429
0.00172769082948774
0.019948069245526674
-683553539695555e-21
0.007896142247961556
0.0008467674243476072
0.0038195218469105775
0.0002319664730993479
8984759329676971e-20
0.001387192180439808
