-1344091831735889e-22
23336623785630291e-23
7156529896750645e-22
-8728812986732592e-22
0.00047828423605349385
46126175268415075e-21
9549883043233637e-20
0.00017477704391608584
0.00010057538759125907
0.0002639868811567313
0.0005316935680470681
31596069807567245e-21
0.0005812339023591055
0.049083670278150034
0.1192712756116656
1534465952740478e-20
5743539250244006e-20
14930714999652053e-22
12642604248439857e-21
0.005704732137435967
0.011068616640826952
0.5260864651799381
0.004944588731330176
0.1648288014281389
0.06265677974697523
0.03286654433386626
0.016223112129847603
53021078058088015e-21
5010316563777396e-23
0.002465717255857591
0.002355995793587946
