-8271947774184888e-22
16890518707874746e-22
-37293580995311815e-23
0.0013812693389678218
0.0004766248232109846
0.007487112752499062
0.18224724160360165
0.0020701569183398595
0.005418173218789553
0.1755500268848781
0.0009451811611520177
0.04248394134101558
0.00018028930174413075
0.001537606474917484
0.24979532066471938
0.09190151728290907
6124880841178521e-20
0.000868561100654777
0.00029220710305951156
0.00019711674786925996
0.08267117797073587
0.0006655482100007974
0.0005029444869134141
0.14498747325400016
0.003241310827188511
0.0015284313153182717
0.00031338930396017584
7099814940678772e-20
0.0028390060094756714
-40743020444714106e-23
0.00028604345518136654
