-455446197847891e-21
0.000990841911349972
42670644272763215e-21
0.00011428634385103294
0.0031084561523727437
0.007759722524553545
0.006638672131417275
0.0005315503597927022
0.0014409934349770906
0.019061190148907375
0.08284281800363
0.09166599402563655
0.03310769983482674
0.00577827878292343
0.01681320016630769
0.3834230819965963
0.0009077707011757332
7678573145428541e-20
0.023497543919792654
0.00010181959482846416
0.29041696673483686
0.0001462900090361986
0.01148540351186195
0.0007261510911527365
0.00047916806492564605
0.00016623889496804594
-9986368004676578e-22
0.00028379901493546324
0.014992227375912796
5576903214234723e-21
0.003396256073488065
