5432013802412538e-22
0.00010170374651434177
0.0001974933453887552
0.0010210617777728053
0.0010711494483798551
0.0020171504136884937
-7947853005188521e-22
0.001169763252643439
0.0015426712314862273
0.0009656190469845619
0.006378369109341439
0.0003198534549704808
0.0007579551306760283
0.00016785771141804707
0.13462190788783246
0.0006558254780425067
0.007013112209318402
0.04366597810056038
0.0019155381449179265
0.4411364346782524
3576617423761329e-20
0.19678665473327325
0.0851819420482001
0.043723536142177874
0.009121261606518117
0.006323490350126477
0.004880589261217298
0.0018261775808049048
0.0019550287240339232
0.005447356895018239
-996099876095207e-21
