-5690882147670485e-22
6737423847197299e-22
19986278225011163e-22
0.0005644709368587752
4562195236653025e-20
0.00393986663247764
0.00026939281823864814
0.0003000721231506548
0.0014579386520230813
0.05041273020868828
0.06786824427034062
0.2316568401139763
0.30701040315736655
0.10822224530871444
0.1174199325091552
0.009369187414707252
0.022202282982354896
0.0020898171840641813
0.017987780925639553
0.044021009843456846
0.00358450655270088
0.0010956757223876579
0.0001069151095461385
0.0007583556427257818
0.0029450320412421137
0.0013280420023215717
0.004263537424969638
0.0008126510880941375
0.00026595946161783615
10740637407022272e-23
-7227675517802824e-22
