-6598412074068547e-22
2514004386146732e-21
0.001163105138218058
0.0006284912183319114
0.007454025282112597
0.0019575136312807665
0.0035163725784031425
0.0009153353125507367
0.25084287523385607
0.06618785429011177
0.13806842575039502
0.01967245865955041
0.0002718557133815433
0.022223736895920672
0.0832934469463254
0.3918254540084872
0.0021330133348394023
0.00020493511197859936
0.0040011210292488116
0.0001608704261261103
8353878959015446e-20
0.0001990940633636172
0.0004558637179200165
0.0026918213968249428
0.0002467189244138708
3184222000570449e-21
0.00013774311113827674
0.0006044474340879745
0.0009180473771363918
-998010264247315e-21
0.0001377942494917344
