-7327186124726765e-23
8499746185810817e-21
0.003913850566154546
0.006158594818483986
0.012116519743785551
16528221707498546e-21
0.04256964686427041
0.004066370748899788
0.00689612246880097
0.04281500779074226
0.01454200184260992
0.011070295864159078
0.19060318772142035
0.02342182948060733
0.13007142289265672
0.11895271226389444
0.023774367131379474
0.014413871769172627
0.18429225365236837
0.14417000216257245
1387114956566459e-21
0.0006114189097155735
0.017263409759004658
0.000685658730488306
0.0030958716020581143
-9789333888125077e-22
0.0016673788431865002
0.0016293330068844643
14904652038106095e-22
50851916870824265e-22
0.0011669328321932935
