20766779762304413e-21
0.00012332892903707784
29527565817875597e-22
0.0012253285022911554
0.0016067672534665549
0.0037713557403342727
0.009848358500928236
0.0032841686442207705
0.009300097279606163
0.0028687331788626743
0.0924930764686766
0.0012228474180421044
0.012875754619436712
0.0031039715406683344
0.0032200765605592645
0.0001813920946676939
6735432941306613e-20
0.00971222729724138
0.007679186754673936
0.02600425036787112
0.0018174697082560544
0.020814369346828246
0.0033631559551292062
0.005064645975744526
0.007344739286845321
0.0012975472040668173
0.0025571383551350677
0.0014634091328843326
0.004156390369859483
0.05581324892721469
0.012634714858668513
0.007947708665798156
0.0006611081625246108
0.015142669323182334
5833996242895998e-21
9018539085427935e-21
0.0018009496189304052
0.003980100887500052
0.002818296544497727
0.0027485876462086762
0.012528048129117201
0.015530994188267875
0.002928999576892966
0.0010995322693452467
0.003878511657119686
0.0003840690470321667
0.00020789040863978004
0.05904875257252981
0.026543283951571246
0.03752447756695779
8855498134407643e-21
0.013835817225203051
0.021050126684287216
0.004359785425219522
0.007014431502848724
0.001364946648462537
1953154524420083e-20
0.009488511236818384
0.007772882780355566
0.008503601920349407
0.018492386255225614
0.0016495823377800087
0.019927041388628566
0.007270106192054839
0.013979153573090302
0.006020830095439038
0.0026037976602845806
0.02393635117225087
0.009753844842722308
0.04358717219723316
0.06166270506858899
0.002604835294649167
0.00999546011222889
0.013165506345620848
0.06258297768990106
0.022530514736612835
0.008408849197444673
0.008814651650669254
0.0016279548415130598
0.03281519577122747
0.017435183053423012
0.0026890058611188502
6836282052857337e-20
0.0015325714308446336
0.0016417116334772194
0.013571219349967455
0.005260775789450442
0.008716265384841076
0.0030508159357054733
0.00145902496213703
