0.003990924291909877
0.0010900806438822852
0.010554676497478523
0.008658759797805324
0.002231880168578349
0.09782071227087456
0.02258276453375868
0.010487276972485977
0.0001716519681912258
0.002449260148487196
0.01446574110831716
0.04012675323723268
0.023834081452473226
0.0918937485546749
0.04494628315742902
0.021415690507645805
0.03965493163760944
0.029027741019120448
0.0026473559865745335
0.128560515360184
0.05156265745684359
0.06079049160369523
0.17115116507634406
0.024283493474044238
0.015392485053052154
0.0015693520566955384
0.0004022939257348973
0.004668706550300269
0.009607417460016475
0.025378539711080794
0.03326361089255804
0.005318957424921542
