0.00014153784004197647
0.0001255927730801911
0.002437904373573442
0.020623616365657613
0.00010417463874721035
0.0011694656214101035
0.007190171921031958
0.013485317153494712
0.01590071683258752
0.02477372815733103
0.0009429896767729955
0.11884118153697541
0.0326043447616599
0.025500239389931654
0.010646589252819737
0.010735845009877473
0.052923647670199456
0.02556221174496456
0.005306095502812161
0.14627215378917888
0.011392151947477575
0.007564944919635401
0.12584578327480558
0.04957604910429063
0.040035427114058754
0.0011076035036587872
0.006385489073268073
0.0013159438493865357
0.0005899463984480358
0.008774840995887961
0.002433476789504238
0.003201015929645748
0.0030273143621762483
0.03335394367866726
0.013381639183299451
0.1189654272214874
0.0006891669941153311
2913165113738603e-20
0.0014658130383551913
0.00030114795207121
0.006332904977191748
34089783568933064e-21
0.01322226066595154
0.013270905500537012
0.010081541895459551
3928719416293028e-20
0.00404450103924381
32280763537916266e-21
0.0004020162951069586
0.007299374322927677
0.0004903171908675908
23527297607382352e-21
3212080312271677e-21
