0.0005742741750135419
0.0016697855622416562
0.0018450582708850612
0.001044826439943796
0.0006872533046245864
0.002137406741002951
0.00018269315622591143
0.0007615010530346789
0.00017229351384577088
0.0019609974141569344
0.0064800494030100115
0.0002810808751931919
0.0021003152204408086
0.0017245010505142087
0.0026496689301712356
0.004872370128948775
0.0006256185158300616
0.002042288601600631
0.0023658342837831947
0.0026497798126101234
0.001493979936442994
0.0020519896574856837
0.0013857484769050248
0.0017992297101563836
0.0029379063877325046
0.005290120917474647
0.007463519002826533
0.0025397509960827847
0.0018454786444083986
8679065247727025e-20
0.004544444642298009
0.004183173339301874
0.0024163350133833044
0.003160071513685055
0.0038794103515013053
0.005269511800647768
0.0017033923745433932
0.001232442310116353
0.0020509543164010536
0.001346053152717702
0.000460182952774078
0.002589356538190753
0.003194461388899454
0.004820947461004957
0.0007666237851399362
0.0008792712201334724
0.00378640081566231
0.00750258979066761
0.008514284717578386
0.0012742090709328903
0.007837716303045436
0.005556435900613386
0.006991767442424658
0.004653253952929019
0.00024594485570929065
0.001424554352152679
0.0005463449961623166
0.00783650610824905
0.002409825414512046
0.007444269818502703
0.0008134715403889938
0.001782623280347008
0.0019721636614622178
0.002041033065496983
0.005290137556087653
0.0021715600497855775
0.006887385973664863
0.002653553311741088
0.004031311491025866
0.005008266616540846
0.0020635481845821895
0.0020019373537658834
0.004679359106580169
0.0023902419237862467
0.0014266977706014112
0.0011669089850415285
0.001227197548053154
0.004495076583053392
0.0013835745870513342
0.0008627219622201439
0.00017763388853625855
0.00035244858579696367
0.001359087177187337
0.0027263316486415804
0.004392958442909857
0.004231279636708392
0.0006882590064729977
0.011306647729940892
0.001599214297286249
0.006200534292173166
0.0005890538550298777
0.0011449975280230916
0.00012860529656367087
0.0023480022468104463
0.0023587378745338673
0.0028741130255737026
0.0007247285242089386
0.0014656635481940861
0.0010179891200541693
0.0013754648138265303
0.002122172886896456
0.007641734019491328
0.0020419270614413835
0.0017157443233861115
0.0011002923873880172
0.0015763624912343783
0.0009194833621755423
0.004758396737818398
0.0031271968447746583
0.0011674813644088264
0.002569046975422196
0.005788357040102368
0.002976197192602794
0.00785157344471594
0.0032939625817705316
0.002751860521654589
0.001582252172376299
0.001075318714681883
0.003278592213467535
7540416392261506e-20
0.0008955078337032283
0.0015745738178447172
0.0012304191073551753
0.0011397514232705157
0.0004101870688039353
0.004382774725606685
0.002218962128917804
0.0018020426872813957
0.00277982022972338
0.0020198340843688586
7470371542424854e-20
0.0021773663606276922
0.002226663279840587
0.0022478844291067466
0.0027404417101783733
0.0006674634943474632
0.005361807399593598
0.0033983421688509306
0.0022873287131226936
0.007894661531076552
0.0021306003713799015
0.010116608625622392
0.007042962718398613
0.0004493349453279333
0.0037524035846651415
0.005078252076791424
0.0041446359178757
0.00478033980524616
0.0014606098030462609
0.0015894141763538748
0.0016561510950033134
0.0016573120320472487
0.0023988081951757303
0.0011766306662996568
0.002215793003457846
0.006017419704213351
0.0010428767701513339
0.002412690923159167
0.001581108991353454
0.0017624650858977596
0.001079433225544144
0.0035169376409117307
0.009831056056716955
0.0038595721845637748
0.0010452180935339173
5204896159888456e-20
0.002782237354841257
0.0014560557169617451
0.005348133429285113
0.0026760698137502977
0.005074435811929821
0.0004811969445871363
0.0010978460184287667
0.0018001045390160465
0.0034071155814456027
0.0013280376246923105
0.0022329867051963234
0.0016656964659784823
0.003593609131296464
0.01403091227060013
0.007248951292896882
0.00207639410721798
0.00042144837325286383
0.0012944096732998708
0.0013842821541153482
0.001322385502226427
0.002644684666412052
0.0025709607794693902
0.00297648814111175
0.003527546717325439
0.0028162062130047635
0.000812426540874962
0.003375661972908301
0.0011661207598585544
0.0016959638435836773
0.0040531121714504365
0.0006393984958090276
0.003444363158167599
0.000980362890791162
0.0006564897298957516
0.001363467658396986
0.0014503250730007425
0.002536827496937889
0.0034236356258495
0.0007007368937091715
0.005522370476415701
0.0002408586650735552
0.005119693550580125
0.0005724055974821778
0.0010017787932876114
0.0001946000830206196
0.0006054470874558695
0.000769956665148177
0.0013235606228244959
0.0005957224233778184
0.0011198631031528348
0.003105357547036342
0.005682478455571421
0.0013967277428226395
0.0025478863569005274
0.0031941191825681317
0.0038768070326105084
0.0007598778682214389
0.0018481045434651988
0.0017228816121980693
0.0024197016945872022
0.0011919424870020605
0.0028279891206920644
0.0007111087096040758
0.0005352744743443066
0.0022877114044518093
0.002611662303377962
0.004924194863330439
0.00044612837086193725
0.00048617717638079047
0.0018538734835515831
0.003955940203217752
0.004308172903381274
0.001316693738197948
0.0024466358677824062
0.000531030692496913
0.0031264693861004626
0.0004756811757520608
0.0017686776621465088
0.0018114554921190315
0.003996878769336566
0.001775555370535843
0.0010499075855530337
0.0022039706195861927
0.0020779001912194367
0.0021676289599342983
0.0017852328417469162
0.0017372016447911272
0.007686291805396178
0.0004284659833895192
0.003017670235192101
0.0021784197031433734
0.0011842893282592861
0.002604686895038323
0.0019341611419351921
0.004279925290411863
0.002680567659840066
0.006675460989528161
0.0006794626302257583
0.0028997850475976617
0.001570845119714595
0.0005635415039673283
0.007581002070549341
0.001606058978586416
0.001237132204025649
0.0020300742580711246
0.0009967646524843747
0.00021698252903598096
0.001838485520619089
0.002797653183707902
0.0009672353006751756
0.0016613939328662176
0.004250962961585508
0.00046539547921450164
0.0006428284988277643
0.0034163432817404054
0.0007663799437759885
0.0007835371032874798
0.004063969252911132
0.001610514049568819
0.00629853623302014
0.0023473158136150226
0.0022072960981768235
0.0031547514594114268
0.0018716981046317087
0.0007219312658751766
0.0021211657214653167
0.001119922811069418
0.0009352261003007967
0.005478890179504148
0.00466864912077782
0.007814594403747894
0.013184882534346147
0.001459338114175039
0.0005651046570311045
0.001508301784738761
0.0014809812465923116
0.006503256867614441
0.00013258444275096728
0.0017521644069470588
0.002607377705495
0.0013817089530633235
0.0034547726086415855
0.0008741412074515625
0.0011756421751137687
0.00045048788814059813
0.0019517324754271708
0.001248425981883253
0.0016864608496457351
0.0015364841005644997
0.008048697936804548
0.002196309345551552
0.002398032013303795
0.0022984498697693847
0.006610442835276814
0.0012608740615321203
0.010173391558899576
0.0020524368588511555
0.001967848815788351
0.0007281612206692655
0.013144375502205862
0.0028291260789928634
0.0005757393664565984
0.0011136068806523313
0.0064384825754533765
0.000586622673049331
0.008761299838325942
0.0016815901095834365
0.0018401758951311791
0.0015720684082813439
0.0024368963350365953
0.0077913044819872615
0.001553411511205567
0.002032814560311401
0.0036971680161655305
0.0013386743414641176
0.0031093400764054587
0.003879573699702189
0.0015589638476797196
0.00211336024112932
0.0012552868100555524
0.0006881008958614119
0.0016398032088572902
0.003204052673388885
0.002401856752173709
0.0016533759642953728
0.0018574026645864449
0.002391497238835711
0.0010580365807659282
0.0015899167978067682
0.000669974072794124
0.0010244834857568775
0.0005529556915772
0.00037469244750578523
0.0030561950180625296
0.0039002364196625994
0.0009275375822878866
0.0018996998332391664
0.0006444442231128307
0.001507800253696092
0.0015965383389514264
0.0010682017808594962
0.0012486201561704778
0.0014424352907035018
0.001026661822549575
0.0015551480577660612
0.0001657836798718164
0.0010037518645193574
0.00021803549055704266
0.0042806990344170575
0.0010553326863823277
0.0015676348631474546
0.002028244471094626
0.0001397252339175436
0.0014477719267665435
0.0011024440978953355
0.0005284846234361369
0.0016178970446784793
0.0015760971010621765
0.000822591658581385
0.003233825664192765
0.000349911204276578
0.001036750100629208
0.0015189550856788425
0.0013991741333313082
0.0018374572844331704
0.0008140108227356082
0.002965527886345977
0.0003163343943046647
0.0025316459728140627
0.00035066983485142406
0.0025427879862738754
0.0002185987354359486
0.00025922562630833676
