1790403445818645e-20
0.00024256013018434595
0.013056152939407557
0.001623402321019008
0.015357844275769474
0.03229541753809484
0.04512585441888092
0.058116307901731924
0.0029554070655874614
0.02192591900434304
0.0004737978362351687
0.004672641485605339
0.2625652043875272
0.09763219241434717
0.059056046553057
0.011881209336702
0.06386822741522526
0.0003521520845248338
0.004884536914118876
0.031752282761831195
0.0019652812855248175
0.005323114703313383
0.13031291615390075
0.035345508675789436
0.05429963443259612
0.004147740131331495
0.008679046384291914
0.022017843827801056
0.008590451864154714
0.0008041648575625212
0.0006592368650830597
