0.1533794162482259
0.0065769580225958565
0.053878911299710924
0.021595014017103387
0.037614390988079116
0.019086819954880076
0.04730335316280852
0.01320760435359425
0.0033472390258471795
0.004111156212215415
0.0036299623837698167
0.01686614872541995
0.014957744776982012
0.001461052705471709
0.011616938882669382
0.0033141367403660463
0.0058106866061833256
0.012756244673246892
0.005407269077598376
0.011336788166982545
0.13479360966599938
0.01045543218177832
0.028767943105148956
0.0648944963750972
0.16474277904281864
0.06655131564169421
0.04600127974530756
0.0066190302192063585
9177859929708288e-22
0.0217490100087598
0.0020003706994370005
0.006165099758121151
8797468885738132e-22
