31374229621897093e-21
0.0009587380365903916
0.0020463544445378057
0.0002444599058520606
16564950797403442e-21
20411153016014713e-21
0.00048291681333897116
0.0008974611947166574
0.0005433080497004642
0.00097737698729531
0.002379142030870701
6194821067120815e-20
0.0009642432045105675
0.005308140131991791
0.0014308428684918287
0.0012811072298486111
0.000623703411178802
0.0001622423362041446
0.000567647309480615
0.0006507742575634005
0.0013444070693833323
0.0006319526634271648
0.0024754692892930722
0.003306547626445693
0.0010383955653159875
0.0022644852703509175
0.000675108412437354
0.0021543975074673353
0.005767536107868417
0.0015898425561590138
0.001205875961778965
0.0017414948143275658
0.0020116253204391092
0.000978023104163012
0.004670290160403113
0.0007279009288749558
0.0009917378005426293
0.000597098936025166
0.0007056139347457968
0.004031762123203288
0.0012459777185756676
0.004164677091799315
0.0008766885271497488
0.0025088807337625466
0.0022407601104041325
0.002035894316662414
0.009614201914390646
0.003602181835299156
0.0038317881682935866
0.0019740033424187667
0.00294812432056904
0.0011067460509781933
0.0002825069166753859
0.0007190115310445947
0.0008722581952058468
0.0003968577080694125
7247688799903958e-20
0.0013672613455275656
0.00022621530026312303
0.0020090387294619603
7289097846835476e-20
0.0002912038871821759
0.0038242760346744657
0.00020774359038198926
0.0015535921250499414
0.002549397993843488
0.0012430253788476273
0.0024118577005199445
0.0027683293045620747
0.001962823102955852
0.0017264710684527114
0.003507110834109415
0.008727952812674702
0.0006658167954755637
0.006854765835610734
0.0031834260887671577
0.001309458446104094
0.007023017625249681
0.0031938740396491366
0.002493184445426715
0.0024457673366813718
0.0013397702281880736
0.0004718291861384239
0.001636990949010501
0.004380680780546615
0.0006944777927875847
0.0022370824443679366
0.0037308046009263893
0.0036398198251009367
0.0005716421923291448
0.0035645506211118894
0.0013047639483207956
0.00036118342437777706
0.0036692277677621934
0.0008125476280836801
0.0019546949055391795
0.0007383394593061911
0.002124227149148914
0.0014744468819359268
0.0027342963026998424
0.004781585918736178
0.001072806245458156
0.000955313835913469
0.0012036254435528531
0.000536691919723394
0.003366855989581983
0.0026818580360408505
0.0001399692230799969
0.002158542496676807
0.00012237568284791925
0.004678413345041055
0.001665090258367216
0.00551973398177161
0.0007848518642512248
0.0017156416598398119
0.002504155891067951
0.0013092354101813465
0.0007655952350404085
0.001006682923098136
0.0019253575590732611
0.003979317904917742
0.002247507618555672
0.0018062214045162332
6523329770460612e-20
0.0011282628333266417
0.0025334344692439664
0.004759858590362928
0.0022875602498478777
0.0015576522442223555
42528798273863824e-21
0.0019105833495288796
0.0006173719954701947
0.0013814879251126996
0.0002256064589863418
36644887225144e-18
0.0024979133552798178
0.0008645757908823752
0.0065205882482898825
0.0007364734861147721
0.0038802742799075012
0.003180490890656159
0.001545139357174884
0.000746072600755264
0.0030922677852777635
0.003475016684301546
0.002938450260436798
0.0025683107211269644
0.004118598623750429
0.0006038648486254008
0.004481695548908818
0.0032070531199973884
0.0012220247811086024
0.0025254162715209775
0.00342675667360132
0.00010270077324630155
0.007967263833907121
0.0009346599939190025
0.00043271051267493576
0.004727678658017554
0.004333177021774444
9054140333318284e-20
0.0014326306014104512
0.0029266713883781127
0.001006097189508118
0.0013613091055787547
0.0009094226190935209
0.0004042106638171519
0.0009156876400091585
0.0037203044732254968
0.0010753957969407168
0.006846233031174756
0.002507564688105799
0.00300006033469043
0.0015413824298826622
0.0017666414932968344
0.0004829711128240481
0.0005057354032779381
0.0013872055632165945
0.0017022949449597906
0.001684402330805106
0.0002832169225420117
0.00019708691722443097
0.0005280501578131569
0.0007735857884956544
0.00010718632552663775
0.000814758093687719
0.0011240490890512514
0.0008678518416126308
0.0022579449755780676
0.005521906997719588
0.004286202426653034
0.0004899832318767829
0.003721132719502996
0.0022814256538759782
0.0013512159064111371
0.0015932341282582207
0.004269153389025397
0.00073655157880398
0.0004211909097453089
0.0010323520000164116
0.0075861968842845
0.0033863217715335747
0.0019220719581823768
0.0014752575451822928
0.0025166714956054805
0.004520895637168107
0.003134703558903233
0.0007801822873264346
0.003927137516116022
0.0009301663026168363
0.011253838907839219
0.004002677308937859
0.0021413751199100854
0.014286675884282271
0.0017094437897505028
0.0009271751030650646
0.0017656384480698307
0.004050871489714039
0.0003189194867262193
0.00040032335143768316
0.0019393477569159324
0.00882634970003839
0.0012936300982612677
0.0005674387919526029
0.00046761699732056746
0.004720916481623037
0.000988283448570778
0.0016121259321492227
0.003475044519108173
0.0024821218008375875
0.0015658000250000405
0.0014971353055215442
0.0026830498725714954
0.0019330868750686012
0.0010427743251441657
0.0011323352738789713
0.000796998306629578
0.005087356354535156
0.003830263386160541
0.000640136465378369
0.0036169058615379227
0.008193351305301848
0.0007814266735984215
0.0033232919217012873
0.0012418046522606723
0.006136278346763091
0.0045620308221296065
0.0008766250034126013
9537119002458109e-20
0.0012206938018300003
0.0031790930013593697
0.005934511374913957
0.0052976779888516306
0.002581703522190522
0.0036948979970618614
0.0008150568617248783
0.001584390363880793
0.0004608633032365484
0.00016438576549107997
0.00014553644589727254
0.006297987627681808
0.0016365008274090594
0.0028873889597464545
0.00146452980758012
0.004301327858543015
0.0028124297572921816
0.0012004193241112536
0.00045400104385167033
0.0008812855025599126
0.01223182932347894
0.003706151302432007
0.011793223806425534
0.007621500748856061
0.0024372789826123354
0.0066935859606202545
0.0011320691889466314
0.01732872536931813
0.003408070682262737
0.0037070547766858684
0.0010499933869254565
0.002164404498040949
0.00020567778783481318
0.0013796875770312918
0.004393039318631922
0.000511530026307682
0.0012033658744582479
0.0006469551562603165
0.0019167228231202604
0.0010754750379050816
0.003268730785914495
0.0037147308265180357
0.0029587769165863695
0.0010247444552209772
0.0008539576591821231
0.001229282960012719
0.0007985275487611234
0.006288855981136287
0.008932375292651059
0.007850316769028625
0.0009688620641841438
0.0039213220962462
0.0008461862635366607
0.00017215510413878774
0.002123390012032623
0.0013279025103256428
0.004289474927300535
0.002093477881839021
0.004434296997583428
0.0025606387101575366
0.0003933907511412673
0.001667220689822651
0.0011904603564484185
0.0042090305698156485
0.0011510248719895412
0.0011988767156407712
4021086916547859e-20
0.0015181144172376271
0.0005935981027624641
0.0002539034146373453
0.0019352735875688611
0.000972402904530329
0.0009103964887481901
0.0008780998386084981
0.0011186650122009193
0.0003092481813174493
0.0018131792162432712
0.00310124404108239
0.0017426020717125352
0.00038434320529039383
0.0009982249461700557
60987337571827124e-21
0.0020514657866604643
0.00804848465341974
0.004596886373961933
0.0008380418180514816
0.00036167674550769053
0.0032327661155586453
0.0045324187739058325
0.0038509012218760105
0.0011471401915112557
0.0008150479394476561
0.0002017290826087947
0.00025836153332760054
0.0007582394056817323
0.0031415553266548194
0.003981779533676877
7475503029495216e-20
0.0011957689104361722
0.0009651325137275637
0.0031400113278464733
0.0016194894818344486
0.0059037661576050735
0.0014744831048518034
0.0010477582922418251
0.0027720058572306165
0.0024932725404674637
0.006995980415694179
0.0009094091932257166
0.0019593152384940475
0.0006027195424508401
0.006950276782649597
0.0005156620797848977
0.0015427546324306232
0.0008617914412570062
0.0030203270578764803
0.004704616417094312
0.0001537350064979115
0.0005252891126989888
6831990287825818e-20
0.002908824613518025
21383785295056764e-21
0.0017510412037027535
0.00102054212333032
0.0029875060596489564
0.0010784424634319007
0.00041356527828205914
0.0008086484690568778
0.001481199771071097
0.006223591489795589
0.00037553458191238055
0.002136017798408348
0.0022974992331597603
0.0025418782199265718
0.0047787137170213
0.004199770612319939
0.001978835427585642
0.0024008780788283557
0.002461747783687915
0.0008110865846697501
0.000848217241102698
0.0015588330967487324
0.0016074396856586776
0.0022817364538175833
0.0006226023234733212
9098681866874648e-21
0.001536423746364647
0.0025027948885303565
0.002379086124046541
0.0003057092931478096
8235339363066192e-20
0.002528932728927439
0.004559125562515541
0.0006302929108390424
0.0015470786577160877
0.0004227620521823224
4990234404310359e-20
0.0019430613837157532
0.002495883932380506
0.0009402466673325972
0.0012179093281634453
0.0038619584612780695
0.0004679013015888375
0.0028410953602310764
0.0009017884499956265
0.001171768449465169
0.0013128252048459415
0.0007116956274585993
0.0020931009203801953
0.0016964396124236078
59960626033376365e-21
0.0005823503424085994
30731755979106397e-21
0.0010097810154412194
0.004985566645597007
0.0005023737973773977
0.0026608279764642143
0.003312556989302603
0.0011611999257392768
0.0017170841453881508
6164118908668178e-20
0.0012231470347301013
0.0033828371889342243
0.002690707031647118
0.00315241223377582
0.0011051464135796182
0.003648533984968006
0.000364863656948151
0.0003481854890838694
0.0006292621129174201
0.002980648810593685
0.0015749946096342356
0.000639995256695752
0.0025316520565799067
0.0003179673100128388
0.00168019433290561
0.0014958929276884419
0.00020308089504600122
0.001073107406845958
0.0011597787144162644
0.0010858426536279112
0.003988054153915801
0.0021111766872407636
0.00125826695998056
0.0011099810607607496
0.0015239141347721705
0.0012001500724670988
0.0008684801203925387
0.0010801968297150346
0.000579691530188726
0.0006116450151594775
0.0002454864675839824
0.0002379391792961972
0.0007122393559838602
0.0001333347811732123
4534144580530558e-20
