4353864932205687e-21
34715549108016715e-21
2779106615716606e-20
10637263669077692e-21
16622904422655072e-21
6575508488284635e-20
6279114661238563e-20
-25265069962632398e-24
3382561551483501e-21
4391360305561618e-20
9101486166417096e-21
2200639803554807e-20
0.0002066144787832478
0.0003085694460644806
21754664533751562e-21
7498792242478793e-20
0.00038872429726632366
11161507512786704e-22
5324588123558064e-20
38178183956589535e-22
2309720443168902e-20
8911719267572226e-21
3553765214031986e-20
0.00012191995054267317
0.00014691969523249426
0.00012729386987637696
0.0001771656126687512
1329816414906736e-20
0.0004088124776309094
0.0005730477369918039
21530459774820198e-21
0.0001609819352822273
432979664523166e-19
0.00031917438082184056
852669586471432e-19
46394536266879085e-21
0.0002819884924881331
0.00046670517285722087
0.0011404119697250353
10244706236900108e-21
1328699802478341e-20
38140220951842174e-21
9537925703932325e-22
5809907635880417e-21
0.0007432072915325709
3929007633488825e-20
0.0004027814721609837
0.000388247265634246
0.00016171789905552612
0.00026106137500259846
2133293338233587e-20
0.0005542472955534077
0.0005646356116233712
0.0002701148638856943
0.0009587080702364206
8147813400173951e-20
0.0002769848733967361
0.0004997958611763144
0.0003401904230669072
0.00033058012881925135
0.002824911545492683
0.00016579491480559768
0.0008186407217768848
0.00039887793069770495
0.00014965756060931896
0.0002736148463697166
0.00012597003743548347
14203239356315636e-21
11889094053339745e-21
0.0006731155009122187
0.00023585350521874993
8156526859765194e-20
0.0004118705165996404
0.0005078468652754501
356996049954079e-20
0.0007225826668200586
0.000733551028813703
5967479810506068e-20
24466591822783105e-21
5517699901843925e-20
28354090374586066e-21
0.0007541446187415732
0.0008954075757696627
0.001030666040721143
0.00011320488307750597
3925604286471408e-20
4380612032610261e-20
0.0002867406794512429
0.00274712491034356
0.0003605622963675085
0.0004515370043436258
78203601452517e-18
3025182437044851e-20
0.0018564103999169673
1453865682043944e-20
0.0002741181525680456
0.00020011592711366338
0.001426031974370005
0.00015934710465077717
8094766431128622e-20
4692177518062001e-21
3110248988354619e-20
20185970939550887e-21
11047043919381506e-21
9821326552148244e-21
4845794047535819e-21
0.0003695481036044408
8519828851369162e-21
9912993022150489e-20
0.00011030487446907989
1677674187836542e-20
0.00020011881136103025
0.00010743320222032183
3245525117473955e-20
0.0005547907917044852
48986756306985634e-21
0.0001155269388544054
0.0008046476422644462
0.00033465903485911663
0.0003080985401894285
0.0015622477149841677
0.0003695414119783996
0.00012099066935504354
651838012601748e-19
0.0003175720945290132
8501077225118166e-20
0.0002284980327832515
0.0002819740210487623
0.0007340059651644094
0.0011732956019082513
0.0013949253632814355
0.0003146607335861318
5240560299340873e-20
0.0003052393509927946
3121806243364788e-20
0.000515698849113984
8682065070713231e-20
20687756607053648e-21
8675902359692139e-20
0.00017790227649660056
0.0004247858434975173
8080418192284355e-20
0.00015010846593147876
0.00018187960019073627
0.00047566184454507206
0.0013987140544453518
8144884372589791e-20
0.0004712234161395581
5022894711648864e-20
0.00022358853597871604
25094233622389318e-21
2635268836517011e-20
0.0009002843433107112
0.0003808337340824139
0.00010884876787017432
0.0020007860994877224
0.00016822729998803416
0.00016111447166564482
0.00015772322633479934
0.00014110114125044857
1303784065892158e-20
0.00106375980886592
0.0001658762249664388
0.0002267052762618585
0.0036211887430973905
4235435889860833e-20
0.0005236387411877921
0.00029155898361853756
8553315777019782e-20
3674797098989542e-20
0.00019015701659011905
0.00020398059687266485
5733765891889981e-20
0.0014369486172419411
0.006072785295161983
0.0001587626035651379
0.0003779254132919002
0.00018293981538693247
0.00023887759455143006
0.0005206613291366864
0.00014594471851191
0.00033290660409328543
2899987701729698e-20
0.0001413053397668526
3870872249803284e-20
0.0002327465019909358
8504488380715259e-20
0.0001352800305899751
0.0001670838648901712
5103346048487438e-20
0.00018058766381760262
0.000611925610680338
767985629559953e-19
0.00012207759432688212
0.00011820768986097156
3635918785156253e-20
8468844137548926e-22
3836613516669995e-20
0.00014774845481594617
0.0001271108422527731
472875130611711e-19
0.0010821795010289611
36357334291006326e-21
990473274771402e-19
0.0018858635919331522
0.0001145996089552635
0.0006123078820784285
0.0002678164562725942
0.0002214047781518034
57287106582474714e-21
0.0011358610796933207
0.0008051440758758498
0.0009467985000631429
0.0008197015145015725
7557302766741614e-20
0.0002195698131696234
0.00016272299621353825
0.0025085429712259732
6195124577204715e-20
0.00022684599142867685
2263864555563956e-20
0.00034353413799844817
3005631196000788e-21
8313179818748673e-20
0.0005228811885775484
9044557387132147e-20
0.0009300754303621426
0.001907026876525875
9422338508602174e-20
0.0014924958536573394
0.0006387807464778921
0.0004823367522485105
12835028270824734e-21
0.0021678652822215948
0.0015668331173780536
0.0006228793155003266
2497231086698278e-21
0.00039146716149035445
0.003856551386688028
0.00201462815579359
0.00026824411001550983
0.00010326679594254062
719982336654931e-19
21595273742303035e-21
0.00029987483066476743
10019416747268441e-21
59100111572704194e-21
0.0025151187950464937
0.0005058421317232196
0.00032021021144651863
0.0004456606051459632
12811036983363105e-21
0.00017424208470306657
0.0006293894788950885
16340096335725644e-21
0.0004895865407701884
16780240950695545e-21
0.00011176405977049486
0.00030285162307603226
0.0002840148706845531
0.0008060425003226881
0.001598862729867428
-10059466324829645e-23
0.00010290059957836587
0.0007384691817270625
4566543185128178e-21
0.001200448878169892
6770317205080376e-20
0.00010155072121642428
7104291524608641e-20
0.0002708801895816271
0.0004964914015834456
0.001346892441915623
0.0009782419034609947
0.00016305801806781737
0.00026446910402714565
0.0007470994029213219
0.0017900525367640914
0.001115696612981767
0.0029562020306987914
0.000385684911802997
0.0007737579344541435
0.0001415412541213261
0.00016603183826726032
0.0003174325798186434
55150232910615205e-21
0.0004064076302513035
0.00038035298238216605
0.0013202588886474383
59981199738310636e-21
52914419023520893e-21
1794164365960702e-20
0.00036258838804184053
0.0001513789742870242
5471463226398788e-20
0.0008602860732753475
0.0004838583824904924
21802298822561428e-21
0.0004336250461716367
0.00017114227347967814
0.0004827349434470362
0.001049173584354597
0.0020082897341347308
0.0007908912535896029
0.00028276016050376394
0.0003046479919208725
0.0001323993073902181
0.00025698377583698755
0.00018758597916302826
6890969592349869e-20
0.0009666828121348959
0.00017341399746829072
0.001887126857225609
5255733952958068e-20
3256587086393259e-20
0.0003986221779270124
5711800613067583e-21
9306213136282917e-21
0.0003383098144150345
0.001542088688363217
0.0012098440638070222
1005156769864187e-20
0.00016084531902793025
0.0012888585187088666
0.000445396392129636
0.001174542162730765
0.0008255806232634465
0.00655234659233693
0.0010769747314354906
0.00044009220982444395
0.0005205249448003812
0.0005961138061858288
0.0003293811914985579
8485488095908457e-20
0.00014657665300242607
4818024361530889e-20
8141234315116779e-20
0.0005153015324322306
0.00010740065797842613
0.00013410146965022008
0.0005008063128351556
0.000249659317248559
0.001237397082794899
0.00023539814429832817
0.00030172721498173105
56856965230249256e-21
3878983439376288e-21
0.00025271989728455004
0.0011631332255644471
0.000172550557122745
0.0003514808604666551
0.0001478963799517258
0.00020116861728449242
56736170036687604e-21
13821183560073547e-21
0.00012804601775151343
6402194193015443e-20
7344323424847444e-21
0.0004403834309154739
0.00012149220827782838
0.00012665382923201658
0.0011395156872359264
57081718109848676e-21
0.0008006694049858497
0.00016782834851526533
0.0015380658556106842
0.000129793514678081
9262804176115341e-20
0.002797630271262267
58462269836807226e-21
0.0001657720830563442
0.0006056235582871472
0.00014516865485334274
0.001545925397510547
5125272432573534e-20
0.00017572195569875185
0.00028025322629450874
12564377039223275e-21
0.0006735216635382809
0.000120512204329601
0.0002187496961060441
0.0002829978309158484
0.0009244438404128045
0.0005418961796511992
9340810680320435e-20
0.0005860420576088376
0.003017910076141329
0.0032295271583758886
0.0018494558380634204
0.00033882950039391415
0.0002620982813696142
0.004166394689554871
0.000312554382967144
0.0028909289811183962
0.0005237662656546914
0.0005653893468603152
0.00015889110134920394
0.0005636422291695659
0.0005809081842097052
0.0005113268140058385
0.00022046447528152138
0.00017860425118996018
0.0008503281559625904
190631426116879e-19
6788599288948082e-20
0.00010281630609501863
0.0001248419956679814
0.00011317439047954526
0.000880409874446601
5372713979454425e-20
0.00013717198911297073
9350296650545709e-20
31447161194409e-18
0.00011017429009856185
6179172809615755e-20
6064542058118747e-20
1868348516622418e-20
4154298427221851e-21
0.0001280905867541396
14365001723561585e-21
0.0006675078152741473
33897032089010944e-21
18578064614475477e-21
0.0005790207507644393
0.00041028353500069175
39258722748051744e-21
4412257155663179e-20
0.0002147497730694168
0.0003527215342960741
2197733063405943e-20
3297003156747562e-20
0.000835440951031499
0.000264067983142382
4400263426826168e-20
10541092968845963e-21
0.00012817552592909326
0.0011141365383959708
1372419270254849e-20
10336531480766246e-21
8884729523124425e-20
0.00021858753985543953
730505638532452e-19
0.00020774924960655457
0.0003770706141326226
0.00026943926250717133
8884951145873828e-20
0.00019585438885618754
1450501896753571e-20
0.0005567633330535088
58718463163209624e-21
55113664050616936e-21
25897160630215732e-21
0.00014493813259281937
0.0009329141382653952
0.00021872976472517479
0.0011102152193898029
51483223792002164e-21
17555076973133675e-21
0.0001735255325254051
0.00020264083046708304
0.0005582119212256288
0.00033705707702894223
0.0001685165181725816
0.0002616438677675712
7839110784752204e-20
0.00041868315896708975
0.00022057695755651024
4691159275415897e-20
6086873508586846e-20
0.0003123896452979278
20729838235924646e-21
0.0003153841932208696
5294491760599961e-20
0.0001868994987806283
4042317658162553e-20
0.00022085013262495028
43756227427238025e-21
2161450511957659e-20
0.0005059567586726064
0.0002706448616637423
0.0026845223409777456
0.00027100617670534135
21755457092299477e-21
2689600840307836e-20
0.001553450808115471
28657075741887744e-21
0.00030440142971740087
0.00015213547028937075
25625085513911808e-21
0.0006042711154134661
0.0005787489054892083
0.0004901033528093454
0.00037164038959224937
0.0007843795275494573
21748924324156246e-21
0.0009483730846179346
0.00010436684623982405
0.00032237875794844344
0.0005658238710652775
0.000275469741501757
7474668276244713e-20
8218794758287472e-20
0.00025625050891239857
0.00018232209552034378
0.000504437710383572
0.0006006969043501608
4096757854718055e-21
0.0017972393573025612
0.00013837495204823934
0.0005354850067375683
0.00012327953067541424
0.0002100120090895055
34340762577735794e-21
0.005536509722400617
0.00029196656818856635
0.0009167854298748843
7759167652602524e-21
6087722940687667e-20
0.0006122431432766994
0.00027429267170888934
0.000602080311028742
0.000441108844002806
0.0011751407150831557
0.0005391317136741563
0.00010256459102818081
0.0010710309895046858
6774265020383376e-20
6347142533764111e-20
0.00574997728179559
59604345599638995e-21
0.0003020814502735783
0.001318587926404245
0.0010690806021239519
9830656271902211e-20
0.0014391088734734834
0.00023169720839551924
0.0005597395451950369
0.0001197384539233761
0.004940753158909248
0.000332581106689689
21071330592632383e-21
0.0007185551774573279
0.0004073239704254745
0.0026216042813449383
0.0006583347510899959
0.00010749256067847287
23086482760334698e-21
0.000313032352575499
0.0002363336461409839
0.00032775364880003986
0.0004344583991218019
0.00010460290336252596
0.00010607602496895
2968302900927762e-20
0.0005048860740003486
19196775945388127e-21
16169435117811506e-21
0.0003263017181366043
0.00021312987115434115
0.00021486657924143666
0.002834189407180977
0.0018480799014109943
0.0012325659561062794
0.0005371137975030207
0.0005569509129162722
0.00011591153366678268
0.0001406551880031807
23470631004682225e-21
0.0004386422554842805
0.0004335020367394784
0.0001799070628872358
0.0004261822147984091
12935181092863157e-21
9890241444824448e-20
29862057806479695e-21
0.00023869326510402752
0.00044731040676851164
9739273260422202e-21
0.001620874371188619
664825277791698e-19
0.0006716925181090937
0.00014252328473459027
0.00029106485474797395
0.00025903121998515255
0.0002495812814317611
2695604579738007e-21
0.00026167340351278956
0.00028350133412778254
0.00030995520557712704
0.000395585363000413
9673029873462295e-20
0.0008543121253902124
0.001013805729451041
0.0004325267952042891
0.0007530169753477741
0.0005539824825597139
0.0003329098601440702
0.0006562567600371627
0.0003852685889765981
0.0007053506333631085
0.002483098862884971
19516287146007883e-21
0.003388221896464893
0.003140342732221116
8357346901509826e-20
6121634323928277e-20
15784522195892474e-22
4947886512714981e-21
0.0002248514841066874
0.00013956587491015384
8986422512013658e-20
0.0011328521259135855
8884747802912788e-20
0.00015520519440741264
0.0014424805821108956
38003767209112316e-22
0.0022005414928510944
9552154604340163e-20
0.0007058467018975947
0.001557548771351516
0.0009003439752337876
638283610331142e-19
56077299607028055e-21
0.0002242751066535965
5049705022687924e-20
0.001247372968840165
44489527552219844e-23
0.0037941929797119947
0.00045526256709841977
0.000388636033923542
0.004298364284533377
0.0029804187172576993
0.00692912387502299
0.0018867852649459556
0.0001368061126587445
0.000604239718876865
0.00047181987454010467
0.0010108779878398235
0.0003421560238405325
0.00017837984319583194
0.00023684332670653277
0.00021724346159243227
0.0012644149535190488
27746172707516957e-21
0.00122974872582611
8125757849659585e-21
0.00016952966665238135
0.0001237837728598557
0.00013294138458442683
0.002749120353439779
0.0015505950467049172
0.0010642717968630166
0.00013134249620324362
0.0005000776697310459
0.00012914552388615556
973910108018408e-20
0.00027474842220060196
0.0007669172455034849
6873691200598828e-20
6520462616408511e-20
0.0005586689381743554
0.00016575541626874743
0.00011208740942526463
0.00013432295589670647
0.00020795689721447242
0.0008839272219496146
8836159036966153e-20
0.00024047948713467517
0.00047943470147246187
0.0014761541848447841
0.00010498909882538357
0.00015063031267574265
0.002265366087466497
3209968202643265e-20
0.0010666498158807072
0.0014688127513432176
4012390176273021e-20
0.0003446411004913323
0.006064401234443554
0.00027838241547730526
0.0003834998123285455
32886779620835015e-21
0.004385021928013161
8378699941432699e-20
0.0008848531571812744
2166244493330757e-20
0.0005385880915864527
24324332564097184e-21
0.0002576314706017096
6939041271624587e-20
9090128826614609e-22
7130426290143832e-20
0.0019289940703027426
25598804173694237e-21
0.00010497406727131268
0.0010208735498320014
0.00038750045601833435
0.0010467228618582566
0.0011218271001013553
0.0006695258721519681
0.0004073515810614514
0.0014461066162551395
714156575306165e-19
0.0008894367192089192
0.0007776253650248952
0.0012605826973672814
0.0012727157972494134
0.0001482670219487863
0.0022159999288108197
0.000296556970448746
0.00027410326514718084
2577780047637773e-22
0.0004143096375149819
0.00025416273098378126
0.0006675880545633045
18615791384801932e-21
15137555337260248e-21
0.00014339883751115777
0.00021168233476769508
9389098414546498e-20
0.0004915366003630045
0.0007340045350020808
0.0007595116067827516
6763755858076323e-20
0.0004992354488826642
0.0023661054587877568
0.0012429768061448115
0.0011149584324330315
0.0014197799145599492
0.0014770161205210092
0.0005254165537040938
0.00040271309578705534
0.0006053612501900953
0.0009560023779696204
0.0004886236150519904
0.0007828467117579574
0.0019541740537539804
0.00011758847443706125
832186205949376e-19
0.0010877987428861812
0.0006630806549881218
0.0014366102492915408
747790331794595e-19
0.0006153867907862765
4657557116817041e-20
559478613403408e-19
9011493908235262e-20
604194207067731e-19
833018933806871e-19
5787940540217126e-21
4716178928191983e-20
0.0015063334034777385
4410904923344579e-20
0.000781100543290654
0.0015688370232963213
0.0010921652969742585
0.00019565150022135249
0.0009460768689774842
0.0005168944322410411
0.00023042584542368064
0.0017833664658103187
0.001150633289336709
0.0001853966350111755
0.0009831414217786212
0.0001729227422570016
3199904940872826e-20
0.0007290098791672316
0.0025226911528538256
23878333232140928e-21
0.0005529019610627016
0.0009735781986113574
0.0005758189372614166
0.0009841961620939592
0.0013671734132140127
0.0012878866945275564
0.0004847569685545168
0.0004614409458126494
0.00023982393914758697
19385827570069552e-21
0.0007356690594852308
29822609712416646e-21
0.0012835833687882777
0.0004718222690059941
0.0006187517336403418
0.0001915109118468056
0.0007819672245829842
0.013294533224933784
0.0003000945786876791
0.0005245087139224352
6630384683352867e-20
28765416405444888e-21
10819926333942154e-21
0.002070556604468488
0.0014683574798185228
0.00014228098978650075
0.013475334942072053
0.00010079903998761089
0.00016359147244235045
0.0006285046578405456
0.003347965144243476
10725657321950912e-21
0.00010594321043517968
0.0002470656108459002
0.003675284003933394
0.00014333004484849075
0.004563017346622013
0.005160760871401587
5078686459091066e-20
15864825924299856e-22
0.0025230241426680775
0.00064059771964523
0.00016321950114190433
411954547406117e-19
0.0015087688257194188
0.0004221700290196197
0.0013983974982433713
0.00024277808860955407
0.000154112582785835
0.0003778999899364267
32210508449501196e-21
0.00035686637047383597
0.0002646479180528937
0.0012186807915543438
0.0003141593643767972
2937416152153914e-20
0.0006777550272804185
0.00037666472132845126
23200128252961092e-21
0.005588290385735958
0.0009065474763489226
0.00029728165761914776
0.00024237538612743625
0.00024176047285286663
0.00021661368958941337
0.00036175238639842055
0.0024934825141058234
0.0003186799598262362
0.00021132614241130515
0.0014103694055960778
0.0002665331234316453
0.00012072006542772184
665840375973027e-19
7066263621036435e-20
0.0017275662378299884
0.00030704099447876205
5009408018388105e-20
870189685150117e-19
0.00018743071002753656
0.001001406886047655
0.0012342550404565542
0.0003098399867628278
0.000879691510874782
0.00031250594540315597
0.0001245041822050821
60656699695541405e-21
896850473695151e-19
0.00011875491998384775
0.0001642620273109252
19401378573424842e-21
0.00010006092797171783
0.00017162847394662286
0.00019658172694555096
0.00011373687446412146
0.0002340539089579402
12036274692551e-18
0.0009597213366424207
0.0004004770697977643
0.0005335486846511064
8844684654352826e-20
4109658320970022e-20
22105769025797885e-21
10187924148925994e-21
0.0005995382056980862
0.00029577072737573977
0.00011147733260170383
0.00012274357045048337
0.000339726800779431
6211811199074121e-21
8321821085824027e-20
0.001443463551018266
0.001067891119324044
0.0004992271610391668
0.001621222830721395
0.000677144847062828
0.0004927470572303767
0.0008767777825966858
0.0001819695468250006
6804369617505035e-20
0.0014859443852111944
0.00034443265675317396
0.0025682889856603356
7413954998825907e-20
0.00017019723258701928
0.0024469930686629076
0.0015911448614103947
0.0025741301203397945
5754018677849779e-20
23949469017802922e-21
0.00020643142735524245
7682201199259484e-20
0.000133475390166687
0.00037907033933239363
12698678330026651e-21
0.00011945636770603037
705317941531738e-19
0.00021330550224729058
0.000150024713872013
0.0004949843993904711
0.00016467603835791493
18172923512482932e-21
13067790367398879e-21
0.00041374827215757824
0.0001365831989501909
0.0005434247861022159
16658886394962043e-21
0.0005127856117831602
0.00042600204027659573
0.0009978067117226601
59420339165890404e-21
0.0013249678730265094
0.0003661948576747675
0.002040278597446078
4421988821997425e-20
9262996317379474e-21
0.001936109966216416
0.00010412269785096142
0.0005083568965006748
0.0006188873640184902
678164374169929e-19
2436552898476337e-20
9781121286834893e-20
0.0025210806079959598
0.00014750913529371082
5964987534870826e-20
0.0006427845954107673
44247279600735026e-21
0.000947997804170202
0.0002759611231874857
0.00018867013295559707
0.00032410097664415646
28238065298480544e-21
0.003155980917857466
0.00012024567539017464
44921975669427715e-21
0.0048931949147750994
0.0007746711216979585
0.0012789178804732905
7967299252017437e-20
0.0010832011199718372
0.002932075478586284
1518095655919579e-20
0.002600563847900522
0.005174719601101448
1506601555769666e-21
0.0005448688684634344
0.0010362906381337234
0.0005525800501554516
41018025741106335e-21
5844238204965358e-20
0.00014914325596787896
373113354293797e-20
7936354536354433e-20
9511996712635266e-20
0.00012384855210959285
0.0004858819897601529
0.00012480594633800662
9951965491119352e-21
0.00011372486908253315
0.0014255618819183904
0.0001263090640439482
0.001842627420837676
56453360817792375e-21
0.000531114478952964
0.0008568432927439466
0.0019329069148532809
9940319782641666e-20
46275941237434544e-21
20960935088501462e-21
0.0008798992422046941
0.0002672045736675313
0.0001332263813070351
0.0005297513041283373
0.00012458567781377207
16367707778430968e-21
0.0002891774749896397
40587789885052375e-21
0.00020880613828520698
5996879919972981e-20
50469745095843315e-21
0.0005749758131723086
0.00016053424279550141
26969493850969903e-21
4708713383822078e-20
0.00027222526613219236
0.0017280759931330837
0.00013269118194800776
281259934016046e-19
34106325320496406e-22
0.0007717974437976382
0.00010309275513537408
0.002817032925761289
0.0034984373986504946
0.0022863194303894777
1274034291174535e-20
0.0003797081267007704
0.0003662895978237888
21169809590886718e-21
22613935684140752e-21
44102234988727545e-21
0.0017878126556378536
5990047778473264e-20
0.0023623426726232907
0.002253202202095345
0.00018299151988903262
0.0003003404864600042
0.000546314960811788
0.002224027136682516
0.001417233926395509
0.003207371937678076
0.0005950849081519227
0.0005380766332621984
0.00015878982551816297
0.0003715223306263414
476467049582981e-20
0.0012780052634459216
0.0001259117783233174
0.00039235667254179744
0.0001489836447174093
537522460954306e-19
0.00048633623810815654
0.0002881301049091713
0.0007151067786775655
0.0007658962442072533
0.00023377976793501184
0.00022630389388304171
57066740474590314e-21
0.001846272278136205
0.0008729208937815002
0.00017832573692725008
0.00024573732605010645
0.00020898286241854416
0.0013900990479811387
0.00023036984577922806
0.0005023501620721001
0.00036177076544123625
0.0013882812736839595
0.0002117470735937679
0.0014653012670124716
0.00028100135722313797
0.0018251091774511147
0.00013332059161005704
0.0006105805366252151
0.0004564687416089212
0.000710748878425569
0.00015052409891176238
3210976658813572e-20
0.00022993268818986666
0.00012338412636835126
0.0004180170079558079
27836575219009803e-21
1037667217165183e-21
0.0019545892778380257
0.0014423979711232625
0.0007961105986834887
45227998706874896e-21
0.0002097605777753586
0.00018909836553272392
0.0001291267001590735
0.003133915736469155
0.0014659567801780132
0.0014261292495652835
0.0010972199241347411
16777205054569616e-21
0.0003013642396948113
0.00461552224541765
5599057370546152e-20
0.00061580245249063
0.0003722285266744545
0.002065338322385645
0.0013438492812651163
0.00046533285630212637
0.0029187658380517346
0.003752171192476022
0.0016131074154671842
0.0012874353825710271
0.0005743965531040898
0.005801690783786011
0.0005136846297526894
0.000132067328173454
0.0038518539703312907
0.0015295873782822183
0.0017211921596383569
0.0008296934611853825
0.003456730365370989
0.0007477714472557592
0.0006695353257249031
0.003972198683996836
0.0003264130044272651
0.0013240327294590883
0.0005304699691069264
0.00015483551486429028
7994810829545085e-20
0.0015407919988816418
0.0023600462502036974
0.001843796502780839
0.0008225755701655169
0.00036610994412024643
0.0013894725935488675
32136359957402486e-21
0.0001982885728501428
0.0035015740921567054
0.0001048916109175451
0.00015924410240927072
0.0025750210910846115
0.0016899967899036826
0.000591220333469645
0.0006391750235034522
0.0014215516173208815
0.0007512362849653377
0.00012462604882901876
5878925237303176e-20
9241762054492224e-20
0.0004414610314406411
0.0006429227937254321
0.00012048951854395126
15588020985352284e-21
0.00012164851439776508
0.00011261464585874365
0.0011021245516665992
26144385424341862e-21
0.0008731846560357478
23486836109689945e-21
0.0006697061130923428
33583627675553826e-21
56046107045091316e-21
0.00023603070522198238
0.0012541177176629468
1826630958121567e-20
4858899670626177e-21
14866514295171979e-21
2407939985166503e-21
5496626375745104e-21
9313844373114056e-20
1186422398884768e-20
0.00010254354160123559
0.00035008612261416735
0.00017057621730837982
6953219888648794e-20
6229605977149659e-21
6188430582995437e-20
0.0005265842386307933
0.0007612753100916018
0.0004933264518357399
0.0001339519737002527
0.0001922469911195363
60113577485978516e-21
0.00010167693180774791
0.0010513913336937018
0.0008372594440803023
0.0020520821867710906
0.0007517207105410763
0.0002541603063925236
773761850018204e-19
0.000944966145155837
0.0024119444081904494
23749033978913334e-21
3437420323898358e-20
0.0005112478600363608
6531929457555866e-20
3244695787249557e-20
7278007472193815e-20
0.0003173257173125962
0.0012583382596513398
0.00026535236229459553
0.004801786127914111
9858660907602216e-20
0.00037586930191752037
0.0010898182532711066
0.0007500488218093257
0.00030299347977528107
0.001009998705906052
40520961166048504e-21
0.001144771036768295
0.0006471378224491465
0.005759526382921076
0.0017272711902184545
50277493669068664e-21
4573023549226334e-20
8536812717077667e-21
0.0019185187009166738
0.0009159581695174061
0.00030604790079745723
42795693580084315e-21
8507099784537082e-20
17722561638245775e-21
0.00021732029006119282
0.00010111083999201637
8084062943792587e-20
0.0002075363191232504
1928067892919242e-20
46449873663134315e-22
0.00022191781095349627
0.0005692814643933216
0.0001488861871014345
0.0008498785612604481
0.0006493932374182762
10452900908892112e-21
0.0018095514409744507
0.001172563399549663
0.0003103388465899243
0.0002238481647759196
0.0007717747443995965
0.00022445402124794466
0.000708463000370983
8036164613649262e-20
0.0010006239465812608
0.00011081945510229603
0.0004324409503019012
0.0010310501662916924
0.00046452012161283146
0.001724758564844537
53627822925559456e-21
9148167917477978e-20
0.00171976646559792
10690052672511031e-21
2304014647327163e-20
0.0005923300217178141
12613312864888647e-21
0.00042045961513174267
0.00040844185697608103
0.0013172053254353491
33716227941118014e-21
0.0033883374628297155
0.00012178429574362181
8670294218175316e-20
0.00010379493118736668
0.0010343079184814714
0.001978058012439573
0.00014573170295017741
7370466528063108e-20
0.0011436326264813192
0.0009652503351948886
0.004050874593999416
0.0004388040891536368
0.00263767253380075
0.0006747411644944367
7977114835909204e-20
0.0012382909593298137
0.0005517614637420194
0.0015595583945582972
0.001645626226087215
0.0001069649594046661
25862090481416312e-22
0.00010237268092250583
0.00040056975313316004
14723603675544807e-21
0.005093038278372245
0.0006339746358610112
0.0009691271220733437
0.005457028517998985
51218188319373045e-21
0.0007038994880772658
0.00038094939919196307
0.0030270628794532564
0.0011443516945374586
0.0007058057444852084
0.00046141650783133593
0.00021544558488805358
0.002609135806059347
0.0016670363983656894
0.000165104403393343
8435120194609631e-21
45294994767432975e-21
10538711466925018e-21
0.001088238206684636
0.002355614585183101
5561703848193941e-20
0.00047890206286615083
0.0032138922903906333
0.0002584530361065052
0.000760970588382182
0.001283250183195535
0.00045163806070133944
0.0007641042912901109
0.000960062611288066
0.0007171268554767161
597677082481645e-19
0.00024659577061644816
0.0004908058935107836
0.0008725276428431018
0.00411775106449007
0.0007491222223601602
6307548278402416e-20
7633552134515822e-22
0.00019625747399097904
0.0018690769346723704
0.00043358387323843114
0.001894262373363366
5028291376823406e-20
0.0002763416957541549
13660534490188363e-21
2959595455962427e-21
0.0016363953674567399
53646537462202627e-21
0.00010705991526160376
0.00017715325343625252
23005824779162872e-21
16168029524717677e-21
0.0012512777374676244
0.0008657597625132778
9583146829261005e-20
3605240647725382e-20
7649035621673011e-20
7959734399686261e-21
5743154224762343e-21
1100580326479079e-21
3599637125132586e-20
7444970977032879e-20
181413812294616e-19
0.00032177470876826683
0.00011320367603076721
48514347056130806e-21
0.00012387024313808358
0.0025619080233795226
0.00014508749666561387
8300982913892024e-21
4062666854356377e-20
0.00018865356633594746
0.0005784518719802475
0.0011201950722578666
0.00031906758887760746
12995708841102807e-21
0.000135472503430436
322844172389136e-20
16691379100596387e-21
8133729426733096e-21
0.0003843813086516688
7548570072506788e-21
0.001620437544978896
5602216097323158e-20
0.0018089543369495449
0.0002957373721949586
0.0008634349342133355
0.000404551022659798
0.00030183388995632705
0.0008841832007659948
10925907141767541e-21
0.0001318737671324084
29129859263864077e-21
0.0017912980237608318
0.000620344584348598
0.0003144336397798957
0.0020946184065385076
68574991396571505e-22
0.0005882273249533868
9945703145002174e-20
0.001999627578180365
0.0007105035476336729
1656932296827423e-20
0.0003305377164093277
4424027389310754e-20
3680338530116284e-20
0.0002173262133376691
5268359860587921e-20
5868269752333147e-20
0.0020441124551668654
3973860623404696e-20
0.002966719033954392
0.004559200908220429
0.0003124510153741759
0.00024274747202194955
0.0012594497537761638
0.00027969338849626973
0.0015750483771722128
9855813567020012e-20
0.00010945613688733407
0.00014097064969269133
0.00037772349083857476
0.0003421796142572316
5210450176942543e-21
23931464448649406e-21
0.0005395501548242667
0.00034706517079010626
0.0035253726864901843
0.00031743480121064705
0.00014264567841741613
0.0021856195290025364
0.0011035341502824345
0.000958604964567515
242746136191012e-19
5132268626901235e-20
2740784704107104e-20
5262330188027629e-20
0.00011811072753839267
2139456117806147e-20
0.00014025536905784856
3567845761565102e-20
6719055375083177e-20
45281096285786156e-23
4727303066157977e-20
0.0006047965519876226
5232682389363669e-20
0.00021296864062842762
0.00029637565404496785
0.0006696574712865014
0.0006855468063030945
3158554107287943e-20
0.00024592810671282724
26198789295698813e-21
0.00028336233318373684
0.0027081102667644327
0.0003277096393568494
33686421330056614e-21
0.00023969783568615936
0.0001873895293785362
15009992115964955e-21
33744261952425145e-21
0.0003648532884710544
0.0001668675197929034
0.0005755454202674709
0.00016803399839801237
12759417315807175e-21
138912945090317e-19
5679693109934043e-20
0.0015041758709795664
615319792966311e-19
0.0001923925560453747
0.0001836706426295818
420563510653892e-19
0.0009139093346751684
0.0007646461978852177
0.00012445405519063898
0.0001524560404188725
0.00013369573026023062
0.0012429327448690577
6935697166185858e-20
0.0029017933375432214
0.00019584868891955805
0.0002179878385766057
0.0009759537970905254
0.00017811919701295407
3109471873418214e-22
0.00019434428655285446
0.0003586887297966985
7414760662557664e-20
9029555490307508e-21
0.0017954908797888677
0.0005367465943702545
0.0003845871598907596
0.0001946752100424288
0.00036066237228452074
0.0033816356069834856
0.004084481228939364
0.000580075478664121
6736669644492014e-20
0.0015894929527648007
0.0005398308468727691
0.00046567252017191464
0.00014419364519008878
0.0003823891617415779
0.00013772848283157978
0.003866147038155408
0.00015524037097579016
0.000806874210605037
0.0010299631466750606
0.0015925849061570586
0.00024265687108233566
11322893906760295e-21
9502861278874334e-20
4135686237494354e-20
0.00013196010870987344
0.0008899985357038995
0.0003481703690819992
0.000478880531172235
0.0003096746368827101
0.00020931490677848747
4975029984012129e-20
6281305856112489e-20
0.0011708228756392154
0.0019226443147580953
0.00044724818155262436
0.00035579166875408173
0.0009617223561133009
0.00011356653414613135
0.00036903168111378584
0.0008767366360980718
0.004432755140348098
0.0019037421432498225
0.0011880538237991165
0.000620820680222658
0.00020601962778334093
13614509400358704e-21
0.0002837919271050552
0.0013212291566555934
0.00021774709274547806
0.0017477828473324672
0.002110620734931783
0.001119669357671055
0.0021792009673771294
0.0020463632381375
0.00014302481272447063
1287216052278205e-20
559439760932418e-20
0.00041395727323870755
58650839799485746e-21
0.0010003115815682261
0.002498615032006246
0.000768784427043868
0.0002495780011995942
0.009557793164332366
0.0011520935585410512
0.0002479877488396011
0.00026299401428492915
133369225744283e-20
0.0007958479217576551
0.0009251549804225205
0.0019226462610581001
0.0005984358302672981
0.0011891559805932664
48470255556720264e-21
0.0001700727362319424
0.0006581229601491873
0.0016571219872168876
1588315502476943e-20
0.0006422445198621843
0.0012363904573169915
0.00019693625638109546
0.00023831523190722236
2615598146409741e-20
0.00010771561498463729
0.00048151696888113903
0.0001881408648786894
0.0004832375282923923
0.00019555681743079118
0.00028816746287737714
9143723894266155e-20
802859233605319e-19
14171425422397663e-21
6445305416819531e-20
5523139383920501e-20
0.003235708783341646
4939537299201247e-21
0.0005276652302396752
0.00019293103239010023
0.00033073964544729276
2541655004749693e-20
0.00042201719694667474
0.0009900311673732003
0.000557703485935398
0.0005118379855877297
0.00025566057463472885
0.0015133625409832186
9114814838139231e-20
0.00347877143872311
29041014172435895e-22
0.0005770496523346654
0.00012488875388060226
4769271072009899e-20
0.00013963486633741484
0.0013314639967140982
0.00010226548980738424
0.0014553546310190609
1667062392243019e-20
0.0014788917853967177
0.001581714267138817
0.00021273375193981345
3147415014856467e-20
5670971297080655e-20
33321028481825746e-21
19726601625636646e-21
0.00046616262819229587
0.0001328924312348493
0.00024259255669943638
9885660529020762e-20
3407542798728639e-21
0.00042903667681002484
48816076429244716e-21
2800996582521878e-20
4166245370393734e-20
49542619895385004e-21
0.0009448470339282647
0.0001619916537896409
0.0009710594196326188
0.0001085737898333309
0.00047251612625141256
2416583325521864e-20
21202314548666727e-21
0.00013432385203216481
0.0001235088415843867
6364537254752578e-21
15594485066846102e-21
7101605225599443e-21
0.0001681828921576774
0.0012498325713334788
10180260853072094e-21
3282733766233982e-22
0.0009136243088678468
6281059552323823e-20
3168230760452041e-22
9124242086679299e-20
345364161329971e-19
10528242742323305e-21
3134585110315005e-21
