-9333694985998479e-22
0.0005973852871564567
0.00305499774136244
0.004990714797455183
0.000275468088490717
-54993936164150315e-24
0.010795402228173951
0.0019185131948333423
3646774023737005e-20
0.0004927308113032715
6257361272224097e-20
0.0011623154400864726
0.00010681087617476798
0.1312386103231099
0.2773166376095414
0.01717379773627279
0.0011807304839911176
0.4218863978504353
0.05588304018969316
0.021438822904734846
0.008782057296936737
0.03344807377722126
0.0005435906264648591
0.00019273720887310082
4149535613593557e-20
0.004274347122738813
0.0016761500073562722
0.0011006216232360348
0.00012624919041812538
-9996511637265257e-22
0.00020524888944266933
