0.00015053200534448705
-8340285812864102e-22
0.0002782108340997956
0.002270033505886481
0.0009628452361140681
0.0002739445465572269
0.002277110602913922
0.0006570361629809954
0.00034183308039005956
0.0009614987365498395
0.051920660438874104
0.02703034218156007
0.027391367858407758
0.007933217015125643
0.29630117384850485
0.020110179870758
0.3917174620726768
0.0443079576826256
0.0019941010123566876
0.030300552672679025
0.0012184958108082931
0.007819621788823932
0.040342678691462346
0.0007822309372856634
0.024294159572980555
-9533963220125063e-22
0.007785774691581816
0.0066313954850028235
0.001067848688413592
0.0019567949290899486
0.0009227274650489854
