-520843546906799e-21
41181702677340535e-23
14566990151154708e-22
0.0007163349083063398
0.005550739317558741
0.015659640699521207
0.001036553796591968
0.026473276113051586
0.0010971354670325114
0.0005490899102606194
0.019031274808359023
0.0027120788544071
0.006498964833967974
0.034440682826609885
0.0005630941496969138
0.022133191020735337
0.05246305021355134
0.029917594272987073
0.034194699347538896
0.22298793644139228
0.023435494283546347
0.2690178742220174
1898032568865835e-21
0.0008694138726990158
0.15453727382231985
0.05550674854118107
0.01396988966409079
0.004325725334572947
0.0023077209538337686
1303299220179999e-21
-26680114187976345e-24
