3528663890725982e-20
0.00020021909197951018
0.0013005123491172327
0.001632961128049292
0.034791779774501354
0.0008537697994368803
0.015683829752926787
0.06083302614341943
0.0025406036342512546
0.009782943201112724
0.002523367475115229
0.20164397575883722
0.023569319516679607
0.2248486607577042
0.0011297800633221062
0.3065194868186794
0.059151965046000024
0.000466708174511274
0.0004120596375983258
0.0024266173874163957
0.03664086777030542
0.0010073742509904631
0.0038079167555421663
0.005392588223004506
0.00035093491061428137
0.00012387085569809118
0.0021827850533836985
6859846442822818e-21
26498806382458547e-23
0.00014064636624894114
-981169859556538e-21
