0.0007064932119358634
0.00047381919375514853
0.000470899256807312
0.00044312303032592777
45176787233454324e-21
0.00028411427969790635
0.10114332149608908
0.0014052532101733605
0.024512906301167883
0.0005746471745044499
0.4054014429484963
0.036855725558056426
0.03429965434511043
0.053454430511369395
0.20652106995532152
0.001955079262217452
0.04076469977676447
0.00017813614025090458
7520937072634176e-21
0.0028190218170289763
0.027030232916806528
0.003833990065820572
0.05159852077344124
0.003951226870238484
0.000705054916557349
0.00017712179810135787
0.0003847534692482495
26511099960922463e-22
-9636418418122045e-22
1035557052205285e-21
-1590287992345998e-22
