-7377230272716398e-22
-9265272992130154e-22
6978792667369976e-21
1684915008334586e-20
0.0007753329043884076
0.0002701283227914456
0.0006477205400547267
0.00862917314337207
0.000532247528542104
0.06852151812451181
0.03720795071578681
0.10039875223866758
0.0058568814973963745
0.009582997091317762
0.28292538378859283
0.43973445266012545
0.0002227124112094552
0.013665045078385158
0.0026105163892796413
0.01652772238551152
0.00021807358021308336
1533522851939161e-20
0.0040495495067254215
-7643939845807488e-22
31562177952634637e-21
0.0009070040954512028
4125275503600616e-20
54871390754329e-20
0.0001346906983756745
0.000988179813476774
0.005483869311969588
