34732683188321e-18
0.00011011016848055155
2552934926358108e-20
0.00019452128570905856
0.0006797513222885782
0.0007731028466898905
0.0014673876771772753
0.0009072796196989359
20082652993188617e-21
6899992380909802e-20
0.0003323609544805693
0.0007395469530146226
0.003804101336746015
0.0005428583867322358
0.0014567243560910832
0.0004767382974604469
0.000997629131201481
0.00363193163654096
0.0032685839792113572
0.0005510390087691715
0.0005875007506934672
0.0014045789786441935
0.0023215988840566463
0.0007203967051742104
0.0007834485584033933
0.0005382183511008569
0.002144989255575151
22005518340288948e-21
0.0008130615277424851
0.00152671856073002
0.0025742507795697847
0.0005260575538096986
0.000376114232730371
0.00043697829432211234
0.0006915924893501229
0.0001831504991612526
0.0011799812274647032
0.0014544138602484236
0.0011622401385592144
0.0013796127147850125
0.005319498649499304
0.002484657584270431
0.0008179799420910912
0.0008769597168657342
0.0028290892093816382
0.0019063464204847392
0.001604412549515023
0.0006723105161153993
0.0009407337361479956
0.0018992762391520275
0.0017345679982452443
0.0002631540362885204
0.001405088711562928
0.0011574635976051584
0.00032512181268661374
0.00238545181767575
0.0005730232672177049
0.001329926450435456
0.0007219899344608685
0.0018113249660804574
0.0024817415314313776
0.0026543805844169315
9123106143820693e-20
0.0007326361509588675
0.0008033439401896907
0.0014680944176968082
0.000871170721771049
0.009568914825961545
0.0018079043399034014
0.0004364075633266567
0.0007274220544195335
0.0023234917654363935
0.00031816425754753794
0.0004765921656294188
0.0017958939712315078
0.00026281502701441453
0.0005411298436238938
0.002762113839955656
0.0011770679354724779
0.00020701349437341022
0.0017383211506767989
0.0006744965720229886
0.004448516002462977
0.002356915909805928
0.0021654808163640337
0.002373178124094078
0.0013101641029764192
0.005345888987997544
0.00017211630434094247
0.0009062744310161311
0.004306200136895988
0.0009455608430612119
0.0039640619954784614
0.0023253393635469274
0.0015525733661998062
0.0007272601691480015
0.0007888845053343894
0.0018332138730741032
0.006660885563568594
0.0014951620277163728
0.0015533695706070462
0.006566183856735085
0.001812443519333002
0.0007711562588288349
0.00020573501330646232
0.0005354931570101815
0.003689799071312141
0.0028489855604319336
0.001645053461449899
0.010501838099169627
0.002663481900123338
0.001071194124631254
0.0038966884406547546
0.00789730257433554
0.004064078814665707
0.0017083738900504717
0.0010242956151044296
12689030586802327e-21
0.00025934147917141827
0.0020636792854248367
0.0036812887203057846
0.0013786098830943574
0.0009337896892668954
0.0003448059404798373
0.002313101349198363
0.0028909562083925316
0.007805533182277167
0.001196184386375621
0.0009219649696555083
0.00016009182483131627
0.0062756820179551845
0.0009116552348439509
0.0005789018140624582
0.0071174012305018
0.0033422246404787807
0.0027339224815398147
0.00634049486682465
0.0029520118343274336
0.0008799661894681527
0.0028851277527020677
0.0042636764442369884
0.0017606624537795815
0.0026273134779978267
0.008116663775229098
0.00483445824734787
0.0019676936143933612
0.0011030043092023606
0.0007054090499559455
0.0018898098313433987
0.0018041296810641927
0.015565274428954511
0.0058249659675983405
0.0008924774878303199
0.003752353767430295
0.001564827030995808
0.005965423367212476
0.0010812469158554888
0.0016385289986966963
0.001382379167799895
0.0010308979933112722
0.0014703683194528616
0.0024475117278575168
0.0006119850986223958
0.004343788578149367
0.0006294387220907126
0.0024837127346467704
0.0017520690862979354
0.0028097915160337486
0.00019295403146471734
0.009801294910027056
0.0037618058889679093
0.0016247240002549089
0.0007496920026556252
0.0005763427124690536
0.003043282468542662
0.0038729734029799598
0.0012562986244548217
0.0014943800173533596
0.0021980637828224446
0.0027210867244526803
0.002662005994200513
0.0006967236532800607
0.003914237761535255
0.001669115637837107
0.003391950114762873
0.0016711538321658279
17399367140464684e-21
0.0012752009241978693
0.00015121504034786771
0.000266362219592248
0.000792158856071278
0.00019962388553769857
0.002502073517108798
0.003797232879248537
0.002257836152179291
0.0007575657765373061
0.0058881029926141715
0.0006531188900902529
0.0065502300553993585
26314539821591097e-21
0.0019274257062809434
0.002037069848477891
0.0010053819810297267
0.0023099774798359682
0.0008251849926506887
0.00020686617791809445
0.0011952884091494724
0.0034381151729587483
0.00320357480203434
0.0026661440927068657
0.0011023968083979383
0.0010860505812170266
0.0009175535071186985
0.0029243381660201094
0.009333195111269465
0.0015571168265896473
0.005524093377997271
0.0024917715980719147
0.0009120432173699461
0.0037517405027093936
0.0010444323198811449
0.001029645590368958
0.0038497164295738127
0.0038246678151013513
0.001654811008469309
0.0014514555134918434
0.0064330342935209886
0.005802066013440169
0.0005866562896382737
0.0004794379175850757
0.0025176011569760185
0.010913049784393367
0.0050938873148635095
0.0003775724071806247
0.00043882040913679663
0.0017923548085623953
0.0017208349481134856
0.0023127871721598963
0.004103376868002965
0.006277745982896768
0.001665211181519477
0.0031827544037347556
0.0061677206479443065
0.0005451409907465493
0.0019994565151659686
0.004468876974359512
0.0006186432079412357
0.006135225552558155
0.0008119413468941199
0.0014763656087978837
0.0004421750782590495
0.002080949467826619
0.0031339332603838466
0.004017859559341447
0.0015296812703805111
0.0014172043418798027
0.00080125207006213
0.0016499035770954167
0.0007026782857133772
0.012580434265104287
0.00022329759172351953
0.007253420199694936
0.0006065184828580558
0.0015740770700662556
7856658359945161e-20
0.0010124592717345225
0.0010552504217151064
0.001017863051210504
0.0014080815936652355
0.00832177828971474
0.0007693180396188885
0.0034583398281703317
0.002353873900796018
0.0003604329740710246
0.003537888067743597
0.0027044279636412455
0.001713877344577994
0.0004719456821673917
0.002601916180361583
0.005385589815454479
0.0001756902874557967
0.0012591466858525675
0.0039056033694781084
0.0028716594925519965
0.010085231758854373
0.004368930500525042
3852857244592889e-20
0.0015169590243263337
0.0005462222852996695
0.00033542629517738004
0.0011489562161502214
0.0004899014686705719
0.0015216251945486294
0.003984462221716318
0.003059571386665441
0.0009868073164069108
0.00533473075511558
0.0007862823696951679
0.0018840838184762698
0.0023922473808795186
0.00419294377503657
0.0016063210509340603
0.000157894652955179
0.003221596947631808
0.008089866671986579
0.0020494420354609253
0.0002462709910040383
0.0023045725810145142
0.00010167360205427055
0.00154977706306834
0.003727890171560345
0.0011655668449389138
0.002167634210119704
0.0012274365814298517
0.0018259025185578953
0.011682835703150615
0.003188661585543182
0.0008873138528109034
0.005394660215308139
0.0010955206113398214
6823586933386069e-20
0.0005113131274506891
0.0006558722868508124
0.0009795329971454946
0.0039718062844772434
0.00016354064183584602
0.0027043493501431697
0.00630191603103341
0.004333015215837631
0.00035201532439821246
0.003991160877000013
0.0008446612384953281
0.00034099341072732953
0.002764201470737778
0.0045014701342211425
0.0029743253894566526
0.0015712683305646
0.0029817677394158018
0.0028556074770646834
0.0031436538193858363
0.0014764501722666391
0.0010998270509214349
367235615387964e-20
0.0002798927673205342
5688299731152583e-21
0.0001655001358738453
0.0012469642871975036
0.00027455270546727803
0.0002283226041039707
0.0021044352652210673
0.002463329962442146
0.002700473231318708
0.004139843286404621
0.002031236877873925
0.0020857754871511343
0.001941670116419722
0.0042330761346494
0.004029485989440645
0.004867707404277946
0.002297020506704696
0.0011566619432620397
0.0027141300835368688
0.003785902761620092
0.0035772533871472716
0.0013062676947477637
0.0014621335909544711
0.006050951227976207
0.0009612098021811737
0.001228091982183933
0.0007472554677398718
0.0026732848571550723
0.000536244815788364
0.004093119338125484
0.0046724324618942475
0.0010060975856859176
0.0007989681985394116
0.00024027667442347452
0.0014083509456677692
0.0025464220817567385
0.003973487554387218
0.00598840617824316
0.0009562062716749423
0.008982455763917532
0.003053191490681865
0.0038326694256619396
0.0035248206957586795
0.0010470822047502556
0.004444750431718431
0.0012011837508573875
0.00017912891623796868
0.000990748113628593
0.0007666763436105349
0.020847611816052578
0.0031516900578886066
0.0018679867140781621
0.00016787986088784824
0.00027586375419976096
0.0006078182789113799
0.0009273779949306571
0.0009571031620532125
0.0008471536710816475
0.003039737389943966
0.0017273904488911845
0.00044793857229908946
0.00046963201713879385
0.002574761162996434
0.0011970173799011076
0.002474259667546773
0.0011853769000042093
0.0005123109456402264
0.0005213597700475926
0.0018143025175474288
0.00018514717660477893
0.00014057769420046555
0.00021798411350543986
0.0004266171717190921
0.0007191408725520539
0.0002079634385249356
0.0008553368700305211
0.00042823529038786665
0.0009437320929284079
0.001437519897893881
0.0007927859512054427
0.0032525493554638155
0.0023863361782563704
0.0016517264285204143
0.0017897627495175442
0.0014854524958973078
0.0022803248183234565
0.0014666334499411323
0.0005739150926405098
0.00019475814176623995
0.0013065431462286029
0.0002842746168337601
0.0005314273227325495
0.0015793133440653929
0.002884060507594021
0.0013163221235194139
0.00022468709786636903
0.0019124388378202984
0.0009075231479583229
0.00122183853547294
0.0022545366793209334
0.001277189206944897
9959602351565982e-20
0.004187235576883738
0.00017751126159815095
0.0010744720862880986
0.0014693413447298773
0.0005976475702208819
0.00028611675929006436
0.00017088830770991593
0.004938342411983999
0.0017091647994521503
0.0009742406456629931
0.00167189794324988
0.002085708621531045
0.0008441935439175522
0.0007208485552233474
0.0033830190541785207
0.0004563049040549669
4693076623547255e-21
8992326802274918e-21
8527332015785533e-21
34770687214913677e-22
