21611271856903756e-21
2766742065411153e-21
2486243692113104e-21
0.0004327400680007799
0.00016333334280649743
0.00013400344672059712
0.00028561198874941634
8268381738403105e-20
0.0004532393540082059
6435910368622439e-20
7583163644557577e-20
0.00038513028386838975
0.0003869071917193296
0.0002790179271736809
12583215141894335e-21
2862506209282333e-20
24606614362889952e-21
23862509494044728e-21
8419077952063769e-20
4194878290409595e-20
0.00013848036304286152
0.00010138298033656906
7004686401002673e-20
0.0008516695697987682
0.00029155678353221236
0.0001310567144110071
10297986984082767e-21
862220154164956e-19
0.0003925835541473529
8435619665869626e-20
7149076268512863e-20
0.0002657184987472378
41615906386912675e-21
0.00014969983855835607
0.0005125716559833165
0.00013037805783556756
0.00010692741332199973
0.000654924925030132
6915062524602481e-20
0.00019332268612072995
5972169219113705e-20
0.0002738119471947681
0.00011632751147124776
6252285410056567e-20
7444872738070407e-20
0.0005636142172839617
0.00022443151301980533
0.0007506697942607532
9166775328574655e-20
0.0005398834219191625
0.00032895297268848355
0.00015063098396020735
0.00016268921983257157
0.00012937688815977752
0.0002562254935766241
6660619564284985e-20
21194941827600766e-21
7546804978406183e-20
2918236190768651e-20
0.0004391696512235506
0.00030781294739154035
0.0001775314251250248
0.00012216042108375774
0.00030617359647716174
58976974064755754e-21
0.0008201119798864978
0.0009328949788371186
0.0003589634437588992
9544641860211297e-22
0.0006744256796753364
6944682150894756e-21
0.00010691560585799363
0.00010868269143911182
14934267015198388e-21
0.00048748098050015447
0.0001954172496192898
0.0010265062626411121
6191907384344052e-20
0.0006969440732522783
0.0003792573409145565
3565429940403302e-20
9800144064200132e-21
12497374506119537e-21
0.0004996643053406403
3002387170205337e-22
4523510224245719e-20
1642884961313696e-20
0.00029272007186815965
774146915304298e-19
0.0007075262536492745
0.0011170760198007882
1588709365402601e-20
0.00020738307052726857
8299602462601958e-20
0.0003315388253478589
0.00017564940669280638
0.0001010030779320802
0.000590601145362159
21445578396503963e-21
6179229615605044e-20
38330421095455144e-21
0.00034664627593562736
0.00029112843769276396
55945782647047025e-21
0.00044351937441081596
0.0002668734784476555
0.00010197704082023524
1937699291211158e-20
0.0010696312405120444
0.0011810483163033165
0.00014780791086406252
0.0007810174717026716
0.0019604170187007748
0.00016514625257262058
60648450301275346e-21
7204546314107693e-20
0.00010004915134211865
0.001937439175397365
0.00025928985035459696
0.0005917137266778947
0.0013672228790627854
5846687396176405e-21
0.00020258138666293097
0.0004942337099646252
9462719607081155e-20
0.0011666710235088338
0.0006118259475145159
0.0016075262953428636
0.0009679452579018074
0.00030996257415629087
0.00027452011487290724
21110421663408515e-21
0.0002786344867897365
0.0002748393244407841
0.00025630457884849296
4302603945919428e-20
0.0010571747932129898
0.00011560051305669883
26769581703539166e-21
8386161735493619e-20
0.00026926563436664404
0.00010016702813191962
0.0005448689691693347
6199596135469319e-20
0.0017270758101034921
0.00021481909430712493
0.004554073281187537
0.0005612375031144495
0.00031182755076691415
0.0006785453221985165
0.002019552158515198
0.0003748586523936695
0.0018203181820524237
0.00011509231614635096
0.0020060899238143913
0.0005406223903477495
0.0002159978479264452
4207011174811268e-20
0.00042506549609601943
0.00029665034246497817
0.0001959369762249535
0.00019188027298346283
0.00033552355913995445
0.00012046827565809646
0.0007680239665877524
6088920312028715e-20
543863965269219e-19
0.0012840983441802201
0.001978914546705231
0.00047039446400469367
0.0005348057130919936
0.0020464231895093252
3958457331776906e-20
0.0005587380764844883
27938816269652547e-21
2726264624765005e-20
0.0006506075084432893
0.00015705609199827614
0.0025486971409906358
17217613233066636e-22
0.0007430241503117182
753900567355166e-19
9427497224020283e-21
0.0003361167921537223
0.00045290812455176606
0.0001715175493642186
6054007690283402e-21
0.00012650616834876304
0.00020137256626678542
253651374707154e-20
0.00023303936838378898
0.001282661845754983
0.0005745036345959709
0.0002553671635887894
0.004615028636418902
17430513305516782e-21
0.00013281695518943252
0.002137078297478327
26719589327042396e-21
0.0007815055845490174
0.000117060114962282
4599543121203323e-20
0.00013999675855366295
0.001098967211184536
0.00014938301459632464
0.0002917968691489761
54125495544057904e-21
0.0005729887311152727
0.0001299484739352289
6999930332691695e-20
0.00097708398831943
4409979446761684e-20
7731432253041714e-20
0.0006578089393582179
7201827225182955e-20
0.0006668152140861716
0.00017298217335190994
0.00010499507611923593
0.00019835641885822662
0.0002455555289692237
0.0006508041149697681
0.0003223157820768174
19537151333393665e-21
0.0007880468758905319
0.0010399667378587628
0.00038473854132734545
0.000536563053152329
0.000219845870410274
0.0006285956559575211
0.00027852566672414086
8982219565750941e-21
0.00010485313281859397
0.0004747635479286905
0.00035601733034776144
6764315472210942e-20
0.0029161609672487977
0.0003980182541838237
0.00029265091737637835
9728779235116336e-21
0.000272294057546461
5318613546883047e-20
0.0002679008459301063
0.0003742908148232957
0.0003842288728078513
0.0006781744878108009
0.0014713309304225162
0.0001913579705300894
0.0014432851707480814
0.0002629268882277591
22235150527492113e-21
0.00017065099247712886
9772995338869041e-20
7591193050128726e-21
0.0039098575859255625
0.00016222955733426203
0.00038301817624240625
0.0005863209400712068
0.0002745020765150735
1842517859600842e-20
3069291497982742e-20
0.0013417138839619841
0.00032706166466424575
0.00045874416446434104
1257784855151011e-20
4465522187562433e-21
0.001044597410573629
0.00034369927841733556
0.007187218750835314
0.000477779859646196
0.0003208909159972463
0.00012652760789262545
9345870058498144e-21
0.0015318349819531379
0.00019409780802617633
0.0002959785092834892
0.00016056560543562746
0.0015621939547736288
0.0005398373728419548
0.00016711011864621977
0.0003571159341257996
0.0009132646823609172
0.0018738185530349563
17175599038733112e-21
0.0003999153573907623
0.009898525830938308
0.0008904437177974331
0.00011307690684880404
0.00038340829484767607
11005530850293306e-21
10140392545493015e-21
4044262056003495e-20
0.00014030361359710963
685813395378705e-19
0.0005651067110937428
6250318458968213e-20
0.00015815786782016723
5446151123334837e-20
0.00010776793831024741
0.0001591248429583732
3959696752360015e-20
0.0027227818716679315
0.0011072083393690424
43561434013918167e-21
0.0002205397917316307
8979730260484334e-20
0.001997874747398243
0.0032482021466553094
37991445700864923e-21
0.00017198779664918137
5538554111227241e-20
19228652777040602e-21
27297886986614167e-22
0.0005704719428629329
0.00013456164115351608
0.00017310300093016984
84177563845465e-18
0.0004201489868661791
0.00013202093336727716
0.000796114228169563
0.00047319815607300747
0.0012695884334143113
0.0005723309992721795
0.0001485237030626787
8453270624655035e-20
0.0012369993455526541
0.002033189296320412
0.0004993073395404947
0.0008324522249886664
0.0009725380371520768
0.000477851646799103
0.0004886820413064801
0.0003892764363345667
0.0001426798144580537
6855850466002962e-20
0.00016398485106459512
0.0015370520125133852
0.001125084548553847
0.00030902962824904594
6202157451203843e-20
0.0011707734117903533
0.0005029988702009961
0.0006300228652182204
0.0005068584541287467
0.00014294551713836062
0.00043169531328075226
0.001711135357450221
0.0016772981502027105
0.0001907462101419481
0.003076718779310086
0.00025609275856364487
41112191067494056e-21
0.0008675422968338026
0.00017632472158932868
0.00041778919942690387
0.0015601765630806927
0.0003188777151826996
0.00024997103527987877
0.0001726465309758787
6503699028471265e-20
29855561523153324e-21
0.00013415879231375353
0.0003487919699863373
14319322305038566e-21
15064853747663596e-21
56118875289745076e-21
30658618012308054e-21
0.0005018984761521069
0.002466304199777703
6053733941651511e-20
39135657098856945e-21
0.0008634525251111432
0.0011953478583443037
0.0004914010977958832
0.0007678455077509821
0.001890770443377856
0.00027684039748010453
0.0010156965970727053
0.0013537304824541468
0.0002591619567382591
50023290000558275e-21
5691401212213191e-20
0.0002419231801351503
0.00043308082117947535
469735524045241e-19
0.0005392250645601228
0.0005929575323821213
0.003507590620607363
0.0001420581387683603
0.0036135274400497207
0.000590647070370181
0.0014511023997609979
0.00029864820967151793
0.00020189881166708746
0.0001894136247016248
0.0013520859490019272
0.0005653311656550028
5865593697541918e-20
9630569751183416e-20
0.0007586856498933718
8283252613134094e-20
28342352079978427e-21
0.003756795896094318
0.0008535492496999532
28124547693960396e-21
0.0009504990764727957
0.00038865385742996143
0.0002483942522170127
0.00021066092862748715
33003251884059795e-21
38169832431904826e-21
4800676404298757e-20
5639935768080565e-20
14247811687913056e-21
6776858491486946e-20
0.00010302395747136512
0.00022299814420204545
7634300610279471e-20
0.0003305047843892814
0.00011202056638139585
0.00010796335748634418
0.0010697834439088807
9774743493373225e-21
5541521956859173e-20
0.0002181633137074455
0.0001499856301048361
0.0002678508988669767
0.00013507600788424591
5395442636795766e-20
0.0011769524335142438
0.0009433486600640727
0.0002005101649288767
0.00037509607689697094
0.0001078255078081757
4327880270749413e-20
7248337896665942e-21
5391350127181085e-20
0.0011601381104331824
0.0003438215743140371
44820383658904215e-21
0.000791607017881557
0.0009964295666887806
2601360105974686e-21
22580309086443e-18
8869584100354123e-22
0.00023424189699719134
0.000672208918360031
0.00020467566033381665
40307602003036165e-21
0.0005805612688282952
34980958494557826e-21
2165579957514302e-20
0.0010201602496426375
1091837765721407e-20
0.0002545863145935457
0.00019261458546304005
649674998603202e-21
0.0007631457386942489
0.00038882606337650776
0.0002698747348546651
9116614332990642e-20
9529883129510543e-21
1665549979638535e-20
0.000909364337058704
0.0005299092745784439
0.00041705981997089756
0.00033786237598196743
60343860231287226e-21
0.0003563773012367534
22453138565672283e-21
28339910316586557e-21
0.0002788314594520734
0.0009540993836346178
53032374968844065e-22
0.00022870302327134914
6847920765294063e-20
0.0001991672653915337
6812437334319409e-21
8399484022864032e-20
0.00023178045604584205
0.0007806306391412903
0.00021469312590546516
0.0001313779242280621
0.00032416723110907067
0.000878226862294082
82060521140814e-18
60335672730156084e-21
0.0010148265109482157
0.0005714858978432934
0.0005423465088191765
10703798232200808e-21
0.0008434475445641732
0.0002355729463679185
0.00014743667988298222
0.0008381796945780098
0.0013908308955484197
0.001772594825894517
0.0006219731251237954
0.00137613958361072
2863672514581314e-20
0.00026727162380862934
0.0007690667456005493
0.00017562363355974367
0.0002478846635060881
29066172899503748e-21
0.0001279939305136864
0.00011060891058118318
0.006168122162297518
0.0008307351208481124
6882045931800009e-20
21521982516149548e-21
9265273752944352e-20
6314451729832277e-20
3898220120515442e-20
0.00029297528008957887
0.0007081922565562156
0.0007917481282876027
0.0006761501797071069
0.004471075471917646
0.0008267629340719868
0.0008088124042378444
0.002868720141560659
8071498169099367e-20
0.0004585836290374083
0.00012981696359690376
0.0020131630937689124
2533334672278786e-20
0.0007978413541660712
0.00234477939266877
0.00020594766513560493
4989801787456522e-20
0.0002942949285068968
0.0006554380887657383
0.0006825803922459472
3102976465088142e-20
0.001553425982331335
0.0003182875929883519
8315318299636435e-20
0.00024503387004539876
0.0007946802668856921
0.0004114532980614112
0.0011239255924101567
0.0005346895933559902
3657960219493999e-20
0.0011235161062328376
0.0006266491754570479
223791052680757e-19
8241101280873008e-20
0.006652177367596456
0.00039551570505096524
8201227126185647e-20
55247855360767616e-21
0.00038506393430618016
0.0028792131664544802
0.00022235045878007227
0.0007241358811216969
343647858509703e-19
0.0007249124873347533
8052437392931838e-20
0.002616057137248229
0.0005469439580778741
0.0015199783464686632
0.0001725059135023685
0.00018504113736399064
0.00026828670261296294
0.00014373491539711942
31829648326353964e-21
15496150146647528e-21
3537104784314906e-20
0.000974991755592698
0.001096119917793133
6065979908617486e-21
7583979410082937e-20
0.0027177857331762622
0.00020763866009341863
0.00017514758560716948
1048352674600592e-20
0.00013038252101918302
0.0007581729931724758
0.00010340725317028428
0.00012741912626047956
22570689541159247e-21
0.0005057985096117759
0.00025035139621411393
0.0007504718431882746
0.0007472057749801145
0.0006782308697003886
17932051493470287e-22
0.0016974550331181912
0.0005990264626056028
0.00023112959774605489
0.0005916602453547961
0.0003226287868987017
0.0010918634848897284
0.0018565845684121662
0.0010659609922827405
0.001967901087213243
0.0014038432120725597
0.00011165515471137576
0.0004500672403261878
8724570294293585e-21
0.0005581900475614863
0.0007592939823232483
0.0003584524149662815
0.0004698933570070204
0.0006014284800698926
0.0013494391976848102
0.00018899846166864877
9971696518223748e-21
0.000256425550221434
7246524975175068e-20
4604672315797803e-22
5062224329046263e-20
0.00010158715217745055
0.00224672207280546
0.00020365699746506048
0.0007767491860352211
0.0019857980855773174
27456947476539218e-21
12689402913359653e-21
0.00039166143882453976
8095183969690373e-20
7792176630079483e-20
0.0007554228195127856
0.0006809183837866252
0.000748627217593943
0.0026753829481208488
0.0030640300107059536
0.00022956349541681763
0.0030312951783007017
0.00013523460445636297
14977753128865972e-21
0.00022870306146683317
0.00012645160057440862
0.00010177951076201117
7368127453317115e-20
0.0021519772595001555
0.0002961931920868484
0.00013781980781212583
0.0003475064809327845
0.0005645793903129424
0.0005233534086020902
0.0003500138496074996
0.0005876926360792882
0.0008932896936317622
0.0026690210040480416
0.001282099098550008
0.001820021532971758
0.0016557403951882987
12667148463457303e-21
0.00020705936597315036
0.00021876213647212034
0.00013732735498406492
0.00015911794969949368
0.0002872033787037955
0.0023219970956417572
0.0016543864618803188
0.00062174410489689
47556270348742535e-22
0.0007935682929758613
0.0009308155810066271
0.00012745471141437065
7019978050076726e-20
19061676100734696e-21
0.0005875118817322934
0.0014360340241861044
0.0016085282369690463
547161265028654e-19
16322550029516342e-21
0.0006939540762115723
31532188583757824e-21
3659533697083597e-21
8742715010586879e-20
893351711288851e-19
0.0002058510535743571
10922225545259005e-23
721019873314109e-19
6420178173272677e-20
23586375245981417e-21
0.0004558182236127554
0.0005138160006973331
0.0010828596379226652
52186606730277935e-21
0.00037751838246427745
28611232278046045e-21
0.0006326922916856528
0.0001440206873673721
9707077171291779e-20
8337998406881514e-20
0.003994442347324394
0.0020932482353801106
0.0008413727768735915
0.000600820682859481
726984809061542e-19
0.0029908678396608273
0.0018465269384362664
0.00015041648917096218
9523331749569734e-20
8487295509834776e-20
8178783098795956e-20
8265780439465725e-20
16014782967498653e-21
8423196904236224e-22
0.0004406694218722959
0.0005981160482561853
0.0005093167416119781
0.00013076674775437105
0.0006844039122575523
0.00010182749191933143
4888371843467255e-20
8887799598363432e-20
0.0008558275161804455
0.00010778686612636387
0.0008671998792349392
0.00014681514180087276
0.0014425553721542496
0.00015975948247192812
0.0007321074860713777
0.000669435299180346
0.0014433668499286613
0.001676166769991371
0.0009367191307272416
0.0019405171678159299
2072620106973464e-20
0.00036456072868795654
0.0036811374235761946
0.0001848525046073706
14757398432332462e-21
0.00028911632882715107
0.003222049251001304
0.00043228371775836673
4074885098733038e-20
0.0006574727190426879
0.00033502713980797504
0.0009581580323205965
0.003014212131203159
26270034055004443e-21
50841738115891375e-21
0.0005697065181976607
12386611077873908e-21
0.00025217162380183997
3609602379044291e-20
0.0004271897142091117
8326982418702414e-20
0.0008082721234623504
0.0016490663991319057
5818331219454227e-20
0.00024386857391000354
0.0036553008503125727
0.0012367200080278583
0.00033093147691596247
0.00283579493543754
0.0002840835287931989
9575624107142722e-20
5471626580107773e-20
0.0006098680854261905
0.00039550472154229767
0.0001440469337428338
0.0004370899804236327
0.00016662162406878042
56213732042738045e-21
0.0006555778678994526
0.0008853767426495129
0.0004923171658902556
0.0004507054297995077
413923750170298e-19
0.00010674148452423452
0.0004597933739134603
0.00027405892528870447
0.0007700612938196685
0.0004998705919786611
0.0005842993600884475
8595049642954268e-20
0.0006643202211547247
0.0007859053235148239
0.0010409855640348834
5892254202547435e-20
0.0004975158788599754
0.00043136919136338637
0.00014187340261085653
16579754124907132e-21
0.00010307999824109992
0.0005869073554378631
0.0003842659994260562
0.0006691599807234341
0.0001373539392687031
0.0001743105641480997
0.0033005805547715278
0.00369181289386201
0.0009603649077295878
18858000107981785e-22
0.0001276789911056272
0.0014371281839377478
0.0011249787915864735
0.0034417059217596367
0.00013806542185399728
0.0003310354457078115
0.0002115173639511314
0.000223034467602242
0.00035469733904851204
0.0004689889593916229
0.00030893065599826256
0.0005628902761650263
0.00017287044402417145
0.00361736267981614
699306644045509e-19
0.0003743370443620115
0.0009193812709951576
0.0038166786146982897
0.0002529897170967397
0.0019540487279525068
0.0023992746419365476
0.0016041032691983335
0.0012174779281030948
0.00044733424837356436
0.0003186005650206252
1762333137247821e-20
0.002587429691607677
0.0003954741066852536
0.00020421441410283162
890386108644319e-19
0.00010679221538839014
3847011762887191e-20
0.0010921297791220864
0.0012934248622690932
0.00955379380419356
0.0004030102597096723
0.00039823089747685435
0.0019804769934730366
0.001200981965829705
0.0003954795110054481
0.0007688786121352666
0.0005046702046569283
0.0002749190538734434
0.010555859771714134
0.00011195632042789625
0.0008231690185427115
0.0008255153013816408
0.0004201865437566169
0.0001995939053290227
0.00010498349687762065
0.00017827698669440177
3959358427446266e-21
9116968090762626e-20
0.00020638069926044006
35038048807091194e-21
0.00022982449141957276
607714648755248e-19
0.00016965829331234955
3929985404666949e-20
37046762486186695e-21
4014647012892903e-20
0.0009071565776385542
617714254387549e-19
0.0007898532293357056
725907917169771e-19
0.0009007827189364449
26671006877982842e-21
9889682735385328e-20
0.00046623463171357397
0.000214816198656638
0.00043082129906866286
6568571684461972e-21
0.00011039129683312993
0.00044335580866399117
7360189154157332e-20
0.000197274328620186
858426172300249e-19
0.0007541072433369367
37156235718455166e-21
0.00020937435446526204
0.00023034953843488405
0.0003606998105204937
0.0008054093906076255
0.00040052386667645154
0.0012723784240976006
25755813705211328e-21
0.00023359716660557666
1520982974973293e-20
5687878062050186e-21
0.00026544304168797244
0.0004769133285049664
0.004968211383002253
27924193014530873e-23
2372290976595772e-20
19881456731090822e-21
1634078828319697e-20
3775243507623332e-20
0.0003067960634279063
0.00017228567950340612
0.000165876463756557
0.00031634215657313917
0.00029993007628423615
12775266109131394e-21
2541056647379822e-20
37055613382761904e-21
0.0012725295640186585
52822578486463196e-21
0.00014380248682454783
0.00231636179813429
0.001745726009855311
0.00018504550799385003
0.003962356455001712
0.0014063899207511091
0.0010118107974205095
0.00016245489944903733
0.00012119426229238895
0.0010444087505723065
0.0008901124960241275
0.005112644207959404
0.0006104905248243098
5665189586153582e-20
0.0038634823282336994
0.0007747244892298163
7697802832760004e-20
0.0011099257128601816
0.001314707911235532
0.005748409594643436
0.0013238072759144785
0.002139533546877817
0.001276025062772131
0.0003758986044392623
0.0002578674927817866
0.0004000028636906366
0.0005793699124740594
0.00022986216559494808
0.00010834011542360253
0.008058917965526935
0.0006944554813336282
2514532583900182e-21
0.0012665445219690768
0.0017530192081489234
3307499094127649e-20
0.0029931603335597344
0.00043671033621742715
4598736086171125e-20
0.001045961598000795
0.0007640431292614557
0.0018164835321347024
0.002979494001060009
0.00448512881965742
0.0007931645243545142
0.000161646358970537
13458406308058581e-21
3357582222140768e-20
0.00016515211801435762
0.00029154350288030506
0.0005066380427971966
0.00018398987581756584
0.0007632094555394581
0.000996989788294765
5116086244623968e-20
57302751986735733e-21
9014838494961378e-21
0.00015986828513796477
4996069244523633e-22
0.0005464235882969572
0.00010351523251479723
0.00019657778187929425
7871494597029233e-20
0.0009010177023630969
0.0010510991447494652
862713439935005e-19
2366797589583747e-20
0.00021790523989121205
4774703381174378e-20
0.005333942786933483
0.0013907942741221628
3267437340058149e-20
0.004515812284880316
0.001518355917699169
9755552336523656e-20
0.00039921321454908324
0.0001387660110639243
21292478830041153e-22
0.0004973995031996525
6901905406794897e-20
0.00014798526132024382
0.0002966055889716089
0.00013056207245214316
0.00013485121333974256
0.0010629000798682913
0.0010308854456702085
0.00028395420063281185
0.0022802621535602165
0.0004255527702672775
8543071964443802e-20
0.00019674215296529263
9289255682569618e-21
0.0005457114476184354
0.0003224458880053781
0.00027363069816810804
0.0003149337513327105
0.0008494159504733062
0.00071455364113205
0.0005167814053535057
0.0006781860763748621
0.0008924659858016179
0.0007733304295738045
0.000544002907918752
0.0001172986294395573
0.0014887076200633658
0.0014550163415782812
0.0005484551609927695
0.0012378750430571295
0.00026498441509137654
0.001071196178367964
0.0008747605688003655
0.0006690640917448622
0.00109541812911156
0.00012530132472261265
4362680871472189e-21
0.00032305209345642196
0.00016276228370360046
0.0007050023174202413
0.00019149510646352533
0.0004378789153755181
2758104279052854e-21
0.0009487265752396419
0.0006564320117504847
0.00014390490468951106
0.0003409815704767028
59801991975058524e-21
782884148517163e-19
0.0008703484851414386
0.00021835134917178153
0.003012587901324526
9596724893431306e-21
6663999556132673e-20
0.0005653604219370977
0.0007526485258440843
15570700951687666e-21
0.0007940350015711322
0.00035273823680863597
0.0007795474480255285
0.0053687814771598945
0.0005392751438451861
0.00021298293784941435
0.00035048124957685753
5494730360838002e-21
0.0002902731014861203
25619081421815287e-21
8720177268517436e-20
6670670670059357e-22
0.0020727736367305676
0.0012011579271145802
0.0005141042131599023
0.0010520953635557346
0.00048679890829455365
0.0015713011242204692
0.001117627121732893
3249107368669376e-20
0.000983594993114902
0.0006924965472714751
0.0029263082996217817
0.0010066774861075356
0.014543825147237528
0.0002830101250533908
0.0005046295942979612
0.0009014281469787056
0.0010000394005653835
0.001038890923726961
0.0038773828332828897
0.0011349335560650996
0.001457341706776176
0.0005822293598543297
12461036562217654e-21
0.0008014297710673819
0.0006707943172679359
0.0017303666773231963
0.00025015572669596426
0.0006981417802687356
0.0008241331387568001
0.00022413547862826702
0.00013792199413499343
0.001381862713444216
14399285955747786e-21
0.0002867453233243736
0.001476827521370125
0.00438088765020901
0.0027308205276608717
0.0004780208196664369
0.0016446676495734506
891019127583863e-20
0.0011447239509447215
0.001984619747731172
0.00010049189408319132
0.002841320914908653
0.002162013822193627
0.0005772382055199177
0.00024010502031607972
0.002042501195640511
0.00016342107368860412
0.004430642291828781
0.0003777226615212253
7325539327036026e-20
0.00021970976199202162
0.0024574799803827293
0.00028054247629204904
0.00014135698402100946
0.0005411565845933978
12265237878771292e-21
0.00012715578938439373
0.0011489268719610743
0.0010979899369505234
21791601209896183e-21
0.0004131771898455494
0.0009610182708598468
0.00035082990142477135
0.00015308629898239408
6530300720966049e-20
2564765575528988e-20
0.00010997753736794611
2791237467835693e-20
4141816727555331e-20
13962923661070178e-21
0.0002447392626101185
961472304270162e-19
37063109452176686e-21
8257342151768702e-22
3327611888724489e-20
0.00017276969165760326
0.00047028928660422937
0.0001953818062640136
0.00027363606506263313
0.0007318134711687594
0.0028598505664377077
0.000173858129793491
3813469026381049e-21
0.0008655400999582394
0.00012086978709606484
53101262361514857e-21
7512673368090971e-21
4450712593142367e-20
8185828637379465e-20
0.0006272287904818995
0.00017273832352293817
0.00017407012182437933
0.0003553449374622619
0.0009911233320493125
0.0006458241786192269
0.0009371422289521016
0.0005086825402428305
0.00021804552116888145
0.0011051456603165604
0.00030288211852541613
7055912642601304e-20
0.0003591165633828349
4036342819370353e-20
0.0017249085540563204
8425426936509697e-20
0.0058811255853951794
0.0004818050327034988
0.0003803019242014953
0.0006940890709353539
0.00012213504134327252
0.00042660179910678636
0.00017603739018218312
0.001645699695772895
0.0006221220400313259
0.0011919530157898514
0.003523255007326495
0.0007875437716779723
0.0034299316026406316
0.0006217066127092118
28177841795593428e-21
0.0031354245499940524
0.00012501883579475314
43994766131265815e-21
0.0013379896146217384
0.001462410585954401
5191410437057044e-20
0.0007974440066781817
0.0010410140429044368
43401168838184414e-21
0.0005159353274712266
0.0004608114867708311
0.0011093679670109776
16987235297787522e-21
3876636771932176e-21
0.00023718913496612138
0.00011528366857053524
0.0010221601512615897
0.0011232555094778565
0.00023967212274048246
0.002347628785394517
0.00036578504678399935
0.00014949762426287252
39429233218088516e-21
0.00012727741067517046
0.00030172554825759875
0.0014122501059566177
0.0002261388863835658
0.00012350130716668294
0.00019368775122643626
0.00019693160953751312
0.0009333624941962527
1636124731767708e-20
0.000661383511748674
8222905508925326e-20
1849675044100096e-20
0.0015234938371390045
0.00015327270412097887
0.0006309334540756706
0.0003523396177517145
8702585730784244e-21
6378372302231558e-20
0.00011253461108344906
0.00011121889858771837
24077692793044e-18
20795860419044166e-21
0.0021481236906608662
0.0003521677919317102
2853298593079052e-20
0.000871186608065947
413519322072472e-19
0.000357153723084679
0.00010480711959495792
0.0003448076037341178
4172101152053332e-20
0.0016234549475433687
0.00032949232010892816
0.00019403395752027634
0.001255907590360177
0.00015278032582712557
0.000861235775801812
0.0006679198856915339
0.0006382999631278481
0.001238521180592565
23663025447782804e-21
0.000534822260312431
6029876879980386e-20
0.0008883427917312566
4607712649642503e-20
0.0005670756430473599
0.003408618337190646
0.0011892820832973565
0.0004213189145887352
0.00036569028961631737
0.0005479908134728725
0.0001217514965966696
10639525846835367e-21
0.00044532988145434393
0.0034075888606538486
0.004239758673966615
5925470092932926e-20
0.002100959083652278
0.0013910683864921003
0.0001570790070623258
0.0008535552556889346
0.006350106644047942
0.0036726561770843357
1756405889107588e-20
0.00012145260489083838
0.0003189857797330513
0.0008919478876477191
0.001171905992110427
0.00108124808452131
0.00028235678207484124
0.00011901774262973131
0.00016994116201828708
0.0005361820142545541
238191477459033e-19
0.002679031671548306
0.0018974585551375794
0.00013365234241192696
0.00031338840530027
0.0008613379865180774
54155860749985896e-22
8116620386964148e-20
9116164216070955e-20
0.00026062176884972835
0.00014637169521324633
0.00020147810048967165
0.000854636439964232
4438756201739558e-20
30379114008443414e-21
52100386649006126e-21
0.000318808244871739
0.0007617694772387621
0.00010763568447950906
4960127100348119e-20
0.0007614000317058309
0.0002894663280044428
0.0006004701273913341
0.00015964619106951462
0.0010332394109165391
0.0004685150706744077
0.00020928880685662003
0.00016011361911729257
2711671427422514e-20
51173448905823795e-21
11176044218873171e-21
25813557408411947e-21
0.0001748218789962016
2269724258690782e-20
20930804827927015e-23
0.00011050134221203253
473490694780244e-21
2618057801250802e-21
58063198501243366e-21
4759899220878912e-20
0.00011704956223672918
0.0029592815170192332
0.000243307509474496
98211367637698e-18
56286635430673936e-21
7932767682626072e-20
0.00042873968563689386
0.0005422945496259763
3843208485290438e-20
4874511029485387e-20
0.00036547078959081874
0.0011393867615038455
8790204365889337e-20
5748113551722775e-20
0.000703081957128326
0.00015527708855402533
0.0010072524135814759
20443162034270686e-21
0.0006967666933893913
0.0009832929325665418
5165096401917382e-20
6299805252093444e-20
0.0013367731181109068
0.0006797609351958956
0.00039570511651247224
0.0003924863591109254
5276183356069488e-20
0.0005233038828549388
0.00010408466437502472
0.00041839060278544253
10703987196961748e-21
0.0019205821852278206
0.000620418760234369
0.00022291017469613773
0.0016660395269500077
0.00011301665381195087
0.000852508446674413
0.0023238892867392014
0.0004794412357032188
0.0009294857265950327
0.00048518229013057345
0.0004111087760286514
8800287662846687e-20
15919794291856674e-21
3192805247509321e-20
0.0002764437023862976
0.001674124517530131
11618988584689886e-21
0.0008839361086884807
0.002148305588325424
0.0001582153224227471
0.0016364278900293052
0.0017417476575306958
0.002058572114020922
0.0016742826034285313
0.0005469352423904577
0.0005219646592480355
0.00028809336394645577
0.00020522062510040413
30353576293574743e-21
0.00012885255562000806
0.0009095325777704834
20621282884169294e-21
0.00020134348385684385
0.00039884895039065386
5272522214243914e-20
1943689321739245e-20
0.0003289868681854066
0.00027504254695312935
0.0014017904279930227
0.0006196491105579553
0.00042546604035222904
42051768185938425e-21
23596473717149365e-21
8692474886529652e-21
0.0007057007498461847
13959067832307908e-22
0.002265754452669864
0.00017553594931206807
0.0011688824680170483
0.00015108777648802205
28064259637312924e-22
18841693601089064e-21
28985809481713462e-21
7040051046153225e-21
0.0008939596965033141
0.0034993821075723266
0.0002518572204237039
0.0024245279248476877
0.0009650738740157477
8611714655566481e-20
0.00042778900227381073
7849454616844174e-20
7056631887672326e-20
0.004404379438174169
0.0001858211936308049
0.0009724821821740264
0.004952615411311762
0.002862511682458878
0.00043642594038623486
0.0009992448871306815
0.0006224653740229544
0.00012369617586476447
33009250082175124e-21
2157719096877095e-21
6966338746111925e-20
0.0002046318542494642
762782004796078e-19
0.00012490780437483966
12927242868511452e-21
0.0020694136165685054
0.000872480331250507
0.00036583235853879096
36442797309055205e-21
0.00016055059767464518
0.0009439031659766699
0.00020141655186775052
0.0019384513424881712
0.0001616136885720167
0.00025099436979679555
0.0018085186258261084
0.0007545980850482405
4324202335409141e-20
0.0009340655072466999
0.0011528142617917379
0.0006276960684710169
0.0005208564476940739
0.00019152779995464285
0.002694375282596186
0.00015804352239248953
23638343403953376e-22
0.00017057957346631658
0.0002684754365632175
8450242563793563e-20
0.004373087043717944
0.0026071159281284774
0.00027798988901361855
0.00017929870027680854
0.002219614734656803
23895891286730383e-22
0.0006082922616160337
0.0002808830032026946
0.0029279758853563206
0.00011741348595873908
0.00515073504272258
8780735545192722e-20
0.0002722780293896308
9321933039206481e-20
0.0015929123936320852
7659747112424305e-20
0.0027621787567028108
1799559535154449e-20
0.00014028579247053397
39659255050862735e-21
0.0009125856716628127
6446913462837401e-20
0.0010387059936079867
0.001532769052952562
0.0011001156832050043
0.0002056061168077969
0.00011188676986098221
0.0001666679106683514
0.0008307788686841966
0.000600950763053079
0.0016773952080964152
0.0008129295538495174
0.001061634588457537
0.0012515375932226575
0.0002771178308717661
704480940751037e-19
0.00030268216715870444
0.0023621526571189896
0.0008438569656340245
0.0017677246162698613
0.0016845810933090286
8118888483799145e-20
0.0010616097701058968
0.0001634641865532415
12603796036742997e-21
0.00013306206805811292
0.00014347545200885385
0.0019740688999629647
0.0006714576877111624
0.0001172805199329716
2496935248364268e-22
7183315141110012e-20
6679875358772813e-21
0.00018983202821358476
0.0004432531521151379
0.0019717162614137683
905445143860884e-20
4355411645110584e-20
503611807648142e-19
0.001049295391555601
0.0001872849474388226
0.0001375833913202269
0.0013307142939838939
8827805566119418e-20
68574620644444e-19
11764091666722815e-21
0.0008269932367693799
5080405209998891e-20
0.0002751659331956103
0.000761698033582918
0.0002684664698403878
0.00011860040308988119
4678921062769983e-20
12686514147172911e-21
0.00026130359709876393
0.00024088611975015922
0.0003322068008983478
24456581771650115e-21
0.0004586677311869922
0.0004066213998695094
4042248175000546e-21
0.0012848766537509433
0.000651568475044298
0.00014228721903018697
0.0005576189782473774
0.000767685760161548
0.00023742837210783603
21428868841291206e-22
361308883948416e-19
18054825157220303e-21
0.0007167699009781229
0.00022311545169008778
0.00037146970671231863
5406538362395597e-20
11819586954222362e-22
34058071116075845e-22
0.0001682434141207895
4667001518273483e-21
0.0004330118226647023
0.00042710336839570925
5532204987957424e-20
0.00024847669905993166
-3499990472311598e-23
954809671314765e-20
0.0004455497969514501
960657737856765e-19
-5485118524381951e-23
5042276585221657e-21
945653693445042e-20
0.0001067941856103982
0.00018084302404745338
4041533277800042e-21
