0.0001503144908899796
26656126188472866e-21
0.0006543148393909295
0.0005120474455006392
0.0009467193639275595
0.0011201108591809377
0.02158150755122594
0.007984993423520005
0.0164673192484409
0.08049239675402105
0.07259254383805343
0.025260784117418736
0.022252049862230887
0.016325367714721265
0.004233797597375857
0.006911850413795776
0.19842822633888368
0.1605093475974034
0.1498193403687207
0.0009169765109147466
0.010257420318792464
0.12087616017710508
0.011589891286806257
0.011454754833532862
0.021958799198572194
0.005844279463474974
0.005441804423096963
0.00016326725171420605
0.02125802756877208
0.002815274628286949
0.0011536563880411082
