0.0003263297564306397
0.0803781740042988
0.003660699527379593
26326967770514573e-21
0.042129025332238536
0.020338474572031348
0.007268872206929317
0.0008694480478413139
0.07384355646884859
0.00796983229019369
0.17126164106904015
0.004740485264964596
0.0029479800740586
0.2268760199303558
0.0016225105517602562
0.001871901729322294
0.01598487021497444
0.00024127006396370337
0.008272008027390185
0.02995177889806448
0.16333673391052084
0.0064484495456898815
0.0012607031478246236
0.0027777858082012217
0.006151818704237734
0.011880928039325
0.0005959203666092924
0.0029943690928783896
0.008679386280446642
0.014832277223092348
0.035882847381711595
0.033253193440258566
0.011324382061345334
