0.0016817751460255121
0.00030240997966984477
0.0024429925696861396
0.0021516345412359414
0.0016028181042399144
0.004847230024823969
0.0003501119248221437
0.0001265630522078601
0.00637179839550389
0.0018708476722732643
0.0006715738031028009
0.0006907762639075495
0.0017644622408482908
0.007609505351919686
0.007473713092565541
0.002916314466081599
0.0002744953957824487
0.0006564472261668439
0.004077347813452784
0.002665471537837028
0.001581444565709809
0.004514964600456895
0.00048303113974468255
0.0014490156848713195
0.00499774968227605
0.002316798023505807
0.002138225980927002
0.00044100943941721325
0.004362895563843685
0.0017955167251826408
0.0004988204424601309
0.00015773943849449798
0.001714121929088173
0.0013699559787075004
0.0009191680613443091
0.004562671451377149
0.002175777244400829
0.0034951974212925688
0.00013937550391129118
0.0019370660421870085
0.002306443244382553
0.0014068285562697863
0.005256261124193344
0.0005301894813660264
0.011595003159963837
0.003953030387772916
0.006250167175659966
0.004720204462854803
0.0021824826602653414
0.006972401334982593
0.0014982643939142105
0.0018575150777856526
0.00016798331011722695
0.0002747818449180571
0.0006339824319795536
0.0037836825605519096
0.004619584581023261
0.001698827607409513
0.007438021894979402
0.0010532343580158927
0.0025581507725217396
0.0017153747887819824
0.003118761752819497
0.005712251743196515
0.00691169203100633
0.0047589716438392275
0.000152463551149596
0.003239881118006481
0.0035910950989385885
0.0017209259316340415
0.0009652568600002745
0.001990697352515373
0.0032713005667346054
0.0018733535037468681
0.0024547265572638414
0.005274459057492051
0.0021396588536527934
0.0008000202162079681
0.0005575706128180584
0.0013216474742887927
0.003241646179960657
0.0023676502572298535
0.012450841087807897
0.004673598568745641
0.003219570028499225
0.0007899264735804768
0.005270991359585911
0.0019309326321001762
0.0020847165893130046
0.00043649263543112023
0.005883596913983175
0.0008748914697830776
0.0016200083859731539
0.007346944606668777
0.004133111148750302
0.000740099330704635
0.0049719027276461936
0.00044647165215002836
0.0008836537089525431
0.0021849093773470174
0.0012782556393856662
0.0017467482955264369
0.00254560794199273
0.0003184655854498696
0.000784277969920451
0.0004785495287873361
0.003214648372071307
0.002134118972704307
0.0041255883132281365
0.0017839363377375906
0.000871920117382685
0.0013174135670899342
0.001717866002469661
0.008010561027567248
0.0024341095301946996
0.0035272505340828426
0.0007630907326577762
0.00011027715613117034
0.004311931392424477
0.0006223099539318477
0.0013499411470406625
0.002242354497876509
0.0015305491072149715
0.0030258782547440254
0.0014041578873809136
0.0004806662732303207
0.0015228526734546819
0.0025346645377832757
0.007901966727612536
0.0011348852547736574
0.002725493435888969
0.02139549740706143
0.0047478635498827935
0.004417636761011942
0.004100680021784349
0.003287059352482478
0.00165100734269819
0.002898046200098249
0.00196947011279481
0.0007157856126330997
0.0011262899042872273
0.0009019260453390169
0.0010273252999773049
0.0036496182258268874
0.003119007733618217
0.0020223449974849914
0.0015636460173054057
0.00082801433076464
0.00313011203475359
0.0012231214207699818
0.0006664693807424215
0.005717341390251146
0.001133453613007647
0.003475929843253883
0.003614948736050575
0.00039251530846317527
0.0015868461371662081
0.0011582307753931068
0.0012618222031917667
0.011214046546070514
0.0042712354361449925
0.0004957504168863274
0.001485240514800359
0.0025200855966558407
0.002712164621820186
0.0031479079385243955
9330606625056006e-20
0.00695139927554673
0.003429735013647563
0.0013020306624447102
0.001464409475612211
0.009507155578917672
0.0018418476970062283
0.002636958503966576
0.003477685483223978
0.0008129628420099189
0.0006236365148774362
0.0015846188954667072
0.0021594977927658385
0.0035972782336831507
0.00122066340052601
0.004863745936280773
0.0019635298229079734
0.0011839097341755837
0.006702659407194928
0.0032570467553301656
0.003143755821553771
0.0022365363510027042
0.00506989940881768
0.0013251038048127778
0.0003521413450537764
0.0012184234428221886
0.003859451053114218
0.002738145867562086
0.001227172359314382
0.0015104917784966147
0.001589027774387764
0.00228859538335546
0.0043212455231618
0.005107333120225537
0.000851131255059088
0.001324775027809391
0.0026356498557493346
0.0015773874325129345
0.0025872807243396295
0.0007137773810243579
0.0012186260269584702
0.002777405837497069
0.002358829467931361
0.0025603263584626688
0.0004419217310481756
0.0017090780671655235
0.00028241745728980284
0.0003756005689069707
0.00250858122623016
0.0008830066060966158
0.0004796146519008146
0.0011237000262278613
0.0009561437606364126
0.001141020539894253
0.001419112935509812
0.004607988447603009
0.0016588760392864984
0.003503935676929865
0.001148936197976448
0.0009057233003974812
0.0011927397733215617
0.0019119653143259783
0.004439162067152935
0.0008292224668125214
0.0017597606872736616
0.005013082111726095
0.002873561871337896
0.0010002184777968793
0.000794351341403337
0.0027752127039819803
0.0015923120278618275
0.0016044361844317796
0.001560269533210515
0.009713402553712005
0.0015401806439705194
0.002086216526295851
0.00023537387257713827
0.0010809742018682842
0.0027453906227439882
0.0018945217464943539
0.01401973159883346
0.002265083150140982
0.004322121913077088
0.0002631454780474181
0.001721588454563754
0.0041230632678962474
0.0036196601683867397
0.00151518804187637
0.0015292863949236983
0.001975844921483228
0.002306526743894103
0.0011797606465725166
0.004254946246229466
0.0023336999426888886
0.006426696192957181
0.004949050789665354
0.0018026524694521417
0.003170549508294384
0.0019567638746548766
0.00064587068005488
0.002828337019859954
0.0018789475394003236
0.0024324632551198998
0.001416501689718721
0.0009680136696433989
0.001284383421033378
0.002659533115891855
0.0007905053996230539
0.000893734429588802
0.0005233098323392355
0.001651598150885762
0.0018920270495873406
0.0008853958668404692
0.004031240098518831
0.0018303820849135816
0.0010700113984013699
0.0010939105027251378
0.0016855471658266871
0.005787773062951458
0.0012914297857465522
0.0013076877252484681
0.0013868372010827931
0.0020310772243905353
0.0006547762309941816
0.0032946750594152457
0.0020922156596806414
0.0036298476241643286
0.00279284184305069
0.002062675820554831
0.007673746784268505
0.009708102849923593
0.0021941584244759534
0.00038286789221643675
0.0026803670654590257
0.0012554688230681649
0.002481849742846879
0.0021912043908547418
0.0007851514509929102
0.008161663990430225
0.0010098930692730719
0.0011958914387496917
0.002257802586958233
0.005500685138503452
0.009240126425013422
0.0032492968113385424
0.0013547410374191507
0.00036260795584844015
0.0006474744302318051
0.00556049623926622
0.0012106363178515296
0.00211839116354219
0.0025577201377091647
0.004071965194037159
0.0008751432203624503
0.00024570741715691905
0.004003525439372643
0.003898447948611132
0.00045528569444531954
0.0015938960429844602
0.00023663090416191379
0.0031712084687569734
0.0061280430029569954
0.0020479092006397254
0.0034117952364940197
0.0012464218658224922
0.0008224968977721412
0.010268875602749507
0.00039673528817506265
0.002735555684324287
0.0014980190118575668
0.004257485761597286
0.0005154838205204883
0.0006732960013354256
0.0015524916698092766
0.00590880696116471
0.002369112322235869
0.0003271079735248565
0.00394982954590276
0.0032443816719104446
0.0010989870151691527
0.0042408383513314095
0.0025038260882201233
0.002312363198015131
0.002224029892632996
0.0055660087704498635
0.005575814185243285
0.0016393620143734214
0.001435622690907377
0.0008963296912051185
0.0025803114976423545
0.0014912959956887818
0.001087255522316905
0.0004537034647586005
0.0014528430710503896
0.0006817048643749614
0.0010277742269462213
0.0050131868115095455
0.00031846614222457456
0.0006272917351731631
0.0009550838802741664
0.0006441831781051482
0.0010469324555187167
0.0026980688493660706
0.002882456641400429
0.0007580941931986904
0.002681803356724558
0.0009961262914520218
0.002580178099974737
0.001132176583655372
0.0007951068324074721
0.0017658833159820157
0.0023504031348654843
0.0012858357995094185
4650651719357135e-20
6340630680138933e-20
0.0013622541628111242
0.0005308623948389451
0.0003969376078097612
0.0031533286601303323
0.00038263245980343674
0.0010592116771917235
0.004279293103341414
0.00394669708966517
0.001322139115102894
0.0032474710868801372
0.006286732683153223
0.00015104469306863322
0.001345858911186905
0.0005485451214865111
0.0013307038093295282
0.0004519995963061113
0.0012803997159332534
0.0006883991789064246
