13705516749486971e-21
0.0006844565084459563
0.0009735023971493718
1833262342808772e-20
0.00015540481612047834
0.005959970207637026
0.001766169737684044
0.0002561932094040163
6907863010335695e-21
0.0018397858643674646
0.0022104955016495494
0.11483032983556864
0.00019671363840914017
0.008476810533364755
0.0071838467191229815
0.032277543413425175
4750664815348976e-20
0.0037577604271055135
0.0040864045973877695
0.00268727674482336
0.007881714418306787
0.001692516545645498
0.006522353193869542
0.0186491840873415
0.005544571354176277
0.0017294402538696667
0.025419183277896853
0.025409126128796033
0.021199602317502775
0.009672361447721427
0.007385619210142526
0.021553101435074513
10749502892299846e-21
0.011767666862227667
0.008520325592100626
0.0014153979819103003
0.0015037205891893569
0.0035211506894696587
0.0019794581989466633
0.005279599219193794
0.02968084113409778
0.01321281513816201
0.003970748699639745
0.022133298615249482
0.030389899211778086
0.008151812712659327
8341729539926083e-20
0.015036020339950785
0.0029340808945875446
0.006497077413678924
0.009594370881961543
0.026745328290973418
0.04437441154339671
0.011626652839576354
0.0034281873922785266
0.0022628615880749626
0.018108589193600255
0.0011767405505632032
0.0009369179399605438
0.00780893758791142
0.04021633647224286
0.004890427328819186
0.04339116625024334
0.004614691535559242
0.00038181319949816874
0.04116236022592813
0.004216151790159334
0.036498680725732896
0.015502530677737382
0.05063670384231363
0.02744492256935317
0.015574931233984662
0.00046732064551904617
0.009023270880915356
0.014202649560892967
0.014288691787222835
0.0066450869203253035
524420713477565e-20
6355138365420547e-20
0.0006281535786029777
7895111540227886e-20
0.029431462392497564
0.0002167268015184088
0.004072557841298549
0.002122461932726786
0.00020312309631400935
0.0011725536782365245
7676880115618858e-21
0.00027169511990514605
0.00032913795336540747
