7063213855680563e-22
0.00018518341180583244
0.0005347082359292776
0.0002872478927919846
0.003303466634462849
0.0006253919586943356
0.001749431610413779
0.000419496948561754
0.004436004322348876
0.0002583958152871973
0.025519013531467037
664260607066318e-19
0.0004555749983439962
8818821883589785e-21
0.009308077760701708
0.0267587355899301
0.016882181460439447
0.008264354315822111
0.04837207406948043
0.0018630008015894865
0.00013887559662600438
0.018449766574535603
0.004871443524662183
4197313745646644e-20
0.00826387213217865
0.03436965195727003
0.0015749234446644673
0.027014003880525123
0.0011988037650185685
0.005355466005721309
0.015118196937496697
0.03958718755507478
10799794025424197e-21
0.1472121468891117
0.0011912178485481966
0.014570086028008012
0.046239104108347404
0.002408340136302588
0.04721623283258597
0.006448585601497231
0.010952680283961545
0.0027619365656539685
0.0005036549806695765
0.2299513329863307
0.04513574299761908
0.0113541467777902
0.032463579384978965
0.00021107271315335272
0.0010583323692744352
0.00016382269987710166
0.000538825974818878
0.00015491470666336604
0.0014491871546678005
0.001843004420597328
0.004186998415642685
0.0018434877316484259
0.0035921909128656514
0.0003308567591287089
0.0007349316615306536
0.005296069870710689
0.0005432036964469646
0.012728606904536038
0.0011125163000119962
0.0021925991206922586
0.019771899681345968
0.014416816923814767
0.00017164079869963283
0.02071968623727112
0.0015720290150279478
0.00026820008811079607
0.0013970635547569308
