12834088464272636e-21
0.0010292245751768988
11262767645800275e-21
18866658909312853e-21
0.010387491150947456
0.0015356418333108649
0.007263684641396738
0.003422013465760982
0.031527738855108456
0.011249388517776505
0.004936013150679659
0.008098654296621988
0.01778592052503697
0.007418245261571687
0.031775376079571045
0.0008655225762710297
0.004299211572719638
0.06716140417579347
0.008853262207687711
0.10628490405784458
0.027196073644924726
0.030210101602186748
0.03853806224247614
0.00033715922571427704
0.019467408883257674
0.07088895210275332
0.03407760978816078
0.0026616727843779384
0.07957303385455014
0.07379851326091952
0.03347758528028616
0.046947387192602205
0.013865529469188677
0.007595899191049845
0.0012231877912480225
0.004772294401249913
0.0019527269514474858
0.0063917308984093365
0.018330356949941895
0.00015113310011423883
0.013627654041397057
0.008036800027170627
0.007039750527000555
0.05981630703566107
0.016569188348343068
0.042002766432866455
0.008164914556403753
0.002903354505907393
7144809336781313e-20
0.00029825971204222227
0.006076477646685903
