0.000905887960532209
0.0005197797142237792
0.00038392640550369755
0.00023102850232871003
0.012773480559750628
0.00033243417703521987
0.021203774618345682
0.21661501527717103
0.001789779521804288
0.036909049556614226
0.011996389339000598
0.24000626962745958
0.30573124170936566
0.021992667438155207
0.05787000320639806
0.005140820379086255
0.006549771618658615
0.001019250715024001
0.004901509298231412
0.00022779091311773045
8882958693598652e-20
0.007987527106976392
0.022847423076956894
0.000989499566283194
0.010343504170513308
0.010421151457367715
0.00022297398806537164
-978783818966458e-21
1119654590593173e-21
-9203616771070342e-22
