-9394333603141178e-22
0.00039219246184509296
27557035767150872e-21
0.000926691272824496
19132159987349547e-23
0.00037555424291853436
0.0002978680778151335
-14558982969131148e-24
0.0009550064633760035
0.0007609702916468587
2613174956155151e-20
0.015719750389518047
0.055796381627607444
0.060356908180903585
0.15552864467396352
25757682871874323e-21
0.19021120917010195
0.1785359591201334
0.09651456494033028
0.01399428703856761
0.0914572881920454
0.06995768306554674
0.05845265602007907
0.009461753350008333
477209912859155e-19
10377369201222809e-21
-9984130804430576e-22
11185484716202625e-21
0.00010593421219865342
15336656335051663e-21
3639132265469654e-20
