-32513443699321474e-23
38561651939142806e-21
0.0004255453703501734
10338623951920643e-22
3916513538792828e-20
0.00252229249474948
7426079190264885e-20
5006853371890178e-20
0.009021994929063465
0.00024276564925446067
0.0011798380305979895
2059505499615619e-21
0.04727107609332318
0.0015473606913185426
0.0030047455763448725
0.12843037970458474
0.0009378853933927878
0.20390614200953566
0.30375154406259636
0.2518966138980206
0.008312842689695791
0.002463586073245387
0.024499432024875627
0.00016547333102319786
0.003326961203860906
0.003020652415954406
-9648675248668186e-22
0.0011773637964025716
0.0026907721540210114
9756866941815505e-22
-10275778685210214e-23
