-9996747284547844e-22
45972534511615596e-23
5912406712795461e-21
14386568990123785e-22
48316372097356944e-21
14039561802334125e-22
34402393429965635e-21
44962885481993435e-21
0.00237421646925624
0.00010923304290414557
0.00024056296261349674
0.0007167805782629203
0.007189221532342949
0.40715322272178733
0.0014307269093711676
0.009569187106315845
0.0008098510392405254
0.01162352521847112
2505769490411745e-21
0.00015176965916394744
0.051035612433068867
0.010479632686209156
0.1634144266239549
0.28976891226695045
6935297108270638e-21
0.03861308406274954
2356639131018844e-21
0.0035672958534173683
0.0006367721125769794
-997671983891021e-21
0.0009692699661791374
