-9886863232212499e-22
-9929305057644837e-22
0.00032610251087945955
6662057162766694e-20
12111044859685158e-21
0.004611824649439628
0.0035530545076744875
0.011018086114195092
0.00044894981313617696
4851049872178052e-21
0.014783505094174606
2514029706501433e-21
0.08717998841338148
0.018351754568753535
0.0008984025576648965
0.4420572607124526
3785612201712954e-20
0.1523348905030534
0.009455407428215436
0.010361456623235612
0.20325637388755557
1977224614859456e-20
0.02335338938494282
0.004877899968903629
0.009239320071348556
0.00352004804891333
1890688580929889e-21
0.00021437972744178463
21023162465143472e-22
-9873485766879738e-22
13156310984284808e-21
