-6225205108732765e-23
2085921203328187e-21
0.0008007087754127308
29341260719310764e-21
0.002229635417312248
32399454899811325e-23
4869868567747576e-20
0.001467134958154884
0.0051416937275944475
0.0004202698873285369
0.04127233488680874
0.09588329220891008
0.0257963944795723
0.04386931689687139
0.0001604600281640114
0.32944392852946847
-4647425513673697e-22
0.016645413757002122
0.16656224182697887
0.08315229974257302
0.03055528148117877
0.0245909820088345
0.004252009133007999
0.030752828922958792
0.07077987986279266
0.01956735612615493
0.004970238229272082
0.001296183282156868
-560097183311648e-21
0.00031062920482519954
12385630292558433e-23
