-7561648271880348e-22
0.00014203944370420825
0.00016017803697198103
0.00024386995979036212
6301738129868768e-20
0.0011713516799273884
0.0002113372062129192
0.0030579430788741186
0.07912552369124731
0.006652431628339133
0.009696370895713655
0.005503559114300489
0.01697824108036403
0.0008980034508366808
0.24480816050638857
0.03388289720769417
0.000985347399291824
0.46399532363467566
0.005929980069909176
0.014006470783084134
0.0003509230627730305
0.007889114974054909
0.04658319994858983
0.012303940180269946
-9752783405250304e-22
0.0009094686389066657
0.011962973417543661
0.032395586049562865
4727612372751808e-21
8930369630263145e-20
44761416685730226e-23
