0.00034364419913901224
0.007794646757406147
0.0010930512974758684
0.018308991528940822
0.010738132018595251
0.002349243377256725
0.012932250381133433
0.00017688246589452433
0.0013112823280011772
0.030723928428166077
0.023997624921906963
0.03835410210600355
0.02917517032578555
0.05174050983170805
0.1267770280849485
0.02631795092072591
0.0030586487846022033
0.15156292312699038
0.013964341215156757
0.05500287016710718
0.021090349358953632
0.025268578546104026
0.00010039281256698296
0.008390703020130032
0.18161951429826
0.05466987071638067
0.00197864353113195
778874895011008e-19
2106985136949496e-20
0.0014438140048199754
0.014365879191374909
0.043796809189421436
0.03494703818883846
0.002272846828583822
0.0033197738962618953
0.000913606809357574
