0.020955454919021902
0.0016504815057502842
0.10266174330556277
0.005371102353286778
0.016783236708301685
0.026721894235756473
0.004187525153882846
0.0026828071134957594
0.015716463986653696
0.011615613812013882
0.002924976159719442
0.1708961882808051
0.10799898121358249
0.07062499333180323
0.014785965358955204
0.03061627210981452
0.0026631547834516994
0.005022198878419708
0.008281829928681456
0.01302224273201199
0.07431447113597024
0.009624268629904136
0.11427231864158158
0.008299296130052326
0.018393908962251605
0.033666594021999285
0.043463823679248614
0.06099952409205047
0.0005111763154736976
0.0011432665684883373
5959828645391638e-20
6728679544132509e-20
13408701131126406e-22
