46649421885065496e-22
0.00025405597150961716
0.0010396517220823572
0.0034743845739307086
0.005774250438781298
0.0012921805772102676
0.03074115979482832
0.00042434630321092515
0.01653815948423108
0.0014971976194333545
0.0028795785121698814
0.0006187947319934902
0.0010943902270308676
0.010788087570175055
0.07323203953893315
0.010540998127976224
0.012926223187912776
0.01683967904478
0.0051294451087115596
0.02300330714942356
0.005175568747718771
0.18661111254952994
0.023088026439029546
0.0015284666032374834
0.03816118365131514
0.008840285643254208
0.04978319619832862
0.0029549479806321114
0.00023280851989490223
0.028622900527671472
0.003981080283406319
0.06225299097157007
0.03205262054814694
0.004516685397506871
0.07601235409838762
8927800391587994e-20
0.007326237968174792
0.0015468350098964737
0.0007656534701707347
0.00029229594919357257
0.016508354321883616
0.0007084985547600918
0.030755908743770127
0.025187369844196988
0.006689167071520365
0.07921947960820493
0.0006887327843178156
0.009106770852123823
0.0011453865410601966
0.006607173588599383
0.026586519506561088
3759454225719841e-20
0.008363499968226442
0.00025596226961927226
0.0029694817949443377
0.0003950430426503548
0.02381871137742632
0.0007176488840385742
0.008310896710729846
6768056148047644e-22
