7185757330396984e-21
51125871941984716e-22
3939894315392922e-21
59853462013290064e-21
3738800270390354e-20
0.00011085005925680875
7783504704637304e-20
0.00024118721253047344
12917256352528235e-21
17945373503832638e-21
13433347315808453e-21
5145017699475219e-20
0.0002984723899597581
77053288750542e-19
0.00010122247543815933
10590843480321018e-21
3446607379766225e-20
6793271488063577e-22
20899471786581598e-21
12740846022655605e-21
10240257309762214e-21
793748780081005e-19
0.0003369384250603062
534568921341351e-19
7880671694227844e-20
0.001319768681390616
0.00593261425714913
646248767901071e-19
0.003961270559083716
0.008443272482331139
8350098647020008e-20
0.0002438360561226797
0.00037339691552132115
6135462127965811e-20
0.00011934921466701887
69707568360844e-18
807834343347247e-19
0.002162315331269498
1436526346276066e-21
5039703055981584e-21
1346928042633452e-20
7296750645806144e-20
1063703136711026e-20
0.00023116334620420744
0.0007376152844963492
8080511670070178e-22
14011460827714447e-21
47737825005011275e-21
0.00017873433365577876
0.00040504141346812115
0.00026470177606537933
0.001681739000297591
6041813666721569e-20
0.0033913199605328194
0.00013709921731870956
29709614797331106e-21
0.00013131903286977645
0.003963518718962738
0.005349272000365533
9969203311840844e-21
0.004981342446404864
0.005853323622518925
0.0016679999782152272
0.0021823511268108295
0.0005378477466043504
0.0006502524528189773
0.0025874423928431665
0.0006635442525285109
0.007793089967273514
0.0011091637158618841
0.007011945845638867
521521551896562e-19
0.00014815891910025834
4175761200158102e-20
0.00015923065667195667
30412004444004836e-21
0.0004263637229656865
0.0001189690273343619
0.0018540649820110132
0.003467942905681495
0.0008634433863091115
0.007301448454628493
0.007143290088823628
0.0014899100059480772
0.00021368184873684167
0.019507014825391474
0.001110204887586234
6735658315940993e-20
0.0001971714875147535
0.004407408994324414
4785634068899913e-21
0.003858347317223766
0.00010464414306284916
7569865105140102e-20
0.00042628240926997755
0.004415851875477461
4981963860708301e-20
38204896784277645e-21
0.0006518518331241351
0.0014010227334199563
0.004235579689662115
0.00016598654046109303
0.0001829211874364854
8004637930053087e-20
0.0020405014195792803
0.0011410372180428298
0.0014948812321926345
0.0034539460000038587
0.001385044695939877
0.00042970882521957003
0.0005498221035737985
0.0035607159516589494
0.032056616740443626
0.004291922962308093
0.002463932983882081
0.0023898269403027366
902619506497387e-19
8296069075393503e-20
0.000338706865126568
25223381150716534e-21
0.005253946798856067
0.00409122005171269
0.003829684861466458
0.0016193547264029067
0.00013343206112823898
7289676168110683e-21
0.0003459844803988441
0.005442504356388588
0.0012717670318580833
0.0008703938798748196
0.0010456590354877976
0.0020759545026833213
0.0026458353734487893
0.0009560506289543153
0.01649314182350103
0.00015041271460544813
29349793711039675e-21
0.002989346580198259
5726321406274373e-20
0.00038153171259103306
0.002509199762691295
0.0035020831789250506
0.00036429159378083265
0.009071699283066082
0.002775628037137821
0.0007038864638459544
8454862271447643e-21
0.0013829758757224599
0.004076873964535608
0.00010114811891378273
0.0009904188494351018
0.01039983052405546
0.00046688985192620445
0.0018975794568621177
0.005513817852838212
0.0018250584880792266
0.001114586396361307
0.010758621694209465
0.0020635642353647996
0.0044786327478024465
0.002872207068425025
17194196974868337e-21
0.011599767644072652
0.0030351917100150576
0.009245358330510564
0.0009962214506278083
26098887399170928e-24
0.0006363508475556503
1299147513817328e-20
0.004468178673945107
0.00012083433829872038
0.0004592392847395538
0.0006382698182755309
0.00032410494607862817
0.002238335174248954
0.005485257113769146
0.004082418636657583
0.005734783535330282
0.0002008395988306855
0.00023370922267718644
0.0006560679043885428
0.00024355964947150348
0.00016772753126417325
5518009799911502e-20
0.0023509977340093937
0.005424842347079933
0.011315774732981017
0.0012637893234980473
3425929182211507e-20
7886575333063797e-20
0.0052684411380867725
5217518751521878e-20
3937161489219271e-20
0.00014693503874467338
0.0001334237216120009
9809058117527586e-20
0.0007183953831217439
0.00010453811156115453
0.0013267975461425368
3793448147222805e-20
0.0004408042756744112
2229712454368226e-20
0.0012190453185407304
0.00012478929294009274
0.0001335479162311079
0.00014128811687152146
0.00041702515674570914
0.0006654564818505545
0.0016340057638221661
0.004577061324832117
0.006438462071722026
0.0013927538595059953
0.009254063222017283
0.00043142196640968045
0.00021568302568911472
0.002284059829708406
0.0016547048234260104
0.00010431064600146629
0.00010587352541794011
9929681636038533e-20
0.00029961120536465505
0.000187980469150286
0.002322088052570217
0.00043445430885273947
0.007120066406741866
0.00036996273430925413
0.0003351688603122068
0.0035062942529608867
40274642697488024e-21
0.0006491843274821401
0.0008935144948030043
0.017883276491900406
0.0037430541881299582
0.00011742016179882363
0.011070972625741426
0.0015487129076170911
0.015057297787586256
0.000720889379059419
0.00016158745996683834
6002138473660572e-20
0.001521058420335269
0.0007961968504205701
7704462988196469e-20
0.0026750577520736805
0.002791971627776172
0.0056586535188817835
0.005172824603367405
0.008044371867259087
0.006178846328886396
0.002788178385127944
0.0034741608523234245
0.006767940716900016
0.00022906438136290094
9545076182319883e-20
0.00875081329273199
0.0010369269091473302
0.002288328985934706
0.0004558943470894803
0.0005387571470893497
0.002621596020417126
0.0018832106090136127
0.00029232865668053483
7147897339065707e-20
0.00022842466066505833
0.0033725177270982755
0.003223605632542291
0.000850898563361154
40354393850794595e-21
0.002543874590843022
0.005241548208839083
0.01714283339538452
0.00010059597655125446
0.004580688586766612
0.002236214063588734
3046892593505156e-20
0.0021824736085666744
16946592713274555e-21
69192589712443515e-22
0.0017634246495460413
0.002454026256961079
17497813254667695e-21
0.002460768669731772
0.003131670453337298
0.004549751445343153
0.001959957917277918
0.0012172535446243523
8770273018239058e-20
0.0013760011564930767
0.0024627844639178594
0.003332512712768491
0.0035589532767426827
17102008547410795e-21
0.0014368359077232972
0.0017214580848808258
0.019097481483845
0.0020599078002794024
0.002405026764194555
0.0019317516838041572
0.00437390018409057
8158662533229589e-20
0.007233904427662437
0.003081163196908714
0.022992895721836906
0.008156866253151472
0.008644888302926137
0.0029133745617849977
0.00955404028091966
0.00010440372541801661
0.002095750605446901
0.0022294452948147946
7206774734787811e-20
0.0011214043762649759
0.012484127132122604
0.003366151867940505
0.0001614501566538789
0.00954370990964892
4576138332197128e-21
0.00023437304287869312
0.0003381689591719639
0.0007472554389608809
0.00021544036379391696
0.0033960181063608682
4604265936004813e-20
13186294418983517e-21
7251165406727697e-20
0.00011365080488263473
0.003651002600240357
0.0031924614684976506
0.00043336907634805664
4314756553400703e-20
0.0007012930986597059
0.0009802962458405615
18408760521258668e-21
0.0004511989989416898
7373276423327236e-20
0.00011311631778962542
0.0006602299113310807
0.000300690422187407
0.015681822554205655
0.0008323560623176917
0.003561753077536868
0.0036271215194408927
0.003703722177498623
0.0018178929955541333
174759066880835e-19
0.00037411012264229886
0.004367552495412973
0.0076628017653126235
0.002257546580659923
4245075058289168e-21
0.03700100614902915
0.00817902432392958
0.01262162561118306
0.00856236375839299
0.024231196358449326
0.0010636847322667798
0.0006703801453216428
29513385930001278e-21
9836647929852178e-21
0.00015526359452846104
0.00018141529548436637
28037531903756777e-22
8819696587548973e-20
0.0002827939324242494
0.0014684742030183625
0.0003988936106668022
3886739531188596e-20
17601154940718303e-22
0.0013377734964421318
0.0020060874511934937
0.00013320487786421385
0.007509671655438758
0.002454701866735819
38099647877242105e-21
0.00022900560701313258
3737940683362822e-21
0.0005056816118938921
0.004744534392962215
0.0021592262464833127
0.0025201577369828804
0.001751790908728305
0.0027405791281147345
3830465038071674e-20
6529734285032203e-21
27122285819675316e-21
8684539184198781e-20
69810218267779616e-22
2118344155041777e-20
6336586119957854e-21
4511347312845339e-21
14091420702093548e-21
60400628681098036e-21
0.00027336924811124084
0.00045355841105950274
0.00014370172069919272
45469537760966794e-21
6335704895044969e-20
0.0002610436484660248
0.0004290074020580564
1764916644039181e-20
8245698062803866e-20
0.0013554501797447746
0.001934226249495989
0.00013391412308065976
0.00237089285945059
0.0003842943739964143
0.00024454108421626106
0.0016850023918840084
0.00017935964747382589
0.0001313182167157276
0.004666365415081734
0.00037274706681323565
0.0004965647345138183
0.0005323188786436284
0.00012067372689941824
0.00340773752102252
0.00042989100443115456
0.0022310152816586155
0.0012074716230814722
2324504183861069e-20
0.00023249290960719815
9159351994343697e-20
0.001591591519083015
0.00011481559849829986
0.0007243056359604515
8529792511646398e-21
0.0006544505616904677
0.0008924528251713555
0.0007448032451229255
0.0008418566605055407
0.00036144388860189246
0.0015659363127753397
0.000324974793426005
0.0036478319287957185
0.0018620830753220993
0.0005464630155574076
0.0007923867607199195
0.00011137709221524457
0.0001391793746319278
5197556491753162e-21
21646519381818026e-21
0.004406262057445192
0.0014117845922397138
0.00018342314532526318
0.0008313877428939728
0.013601203148247325
0.0005345792843861587
0.003101903624372366
0.0002744053439972227
0.00014684540361240285
0.000336530082560604
6349020485057347e-21
624072171546665e-19
0.00015513978042292062
3996589847708649e-20
45223457318472644e-23
0.000254316762856949
0.0011253413809368417
0.00013388961593101918
9342701879300232e-22
6517288693873742e-21
4460534185062441e-21
2011467591430312e-21
0.00010110986856217833
8727894551117549e-21
