23313483375797842e-23
7330084228241119e-23
0.008777451825295466
0.01037990233170289
15652352059601045e-21
0.0023807632268456488
7925289146326226e-20
0.0001547103110070879
0.0023962073267824254
0.007232518099651681
0.004559463210673207
0.003178167807941226
0.053517218420819676
0.010819005058891273
0.004770333391214121
0.0009610854242612185
0.002563958426771531
0.00260023741648539
0.0002624127534653826
0.06353337782261972
0.009754979698695777
0.022074596462988257
0.0004700456547406805
0.004426623418012958
0.003920921415230032
0.004512007244534856
0.00891050326842739
0.0014014008421098952
0.058209625713521576
0.002146606686741521
0.0065561223664153245
0.001179807992645752
0.07117177569185792
0.0011381038760146557
0.04066431110761699
0.0018144456941417122
0.00013381152842485626
0.0006253157714242306
0.0009809269492811606
0.012376987334710663
0.022688987377629387
1462512540384806e-21
0.06800796582879759
8770436608709198e-20
0.029396307943820234
0.0022038206726932726
0.007505323169464818
0.02166656648485717
0.006928949521063134
0.004480824766071828
13260231446976153e-21
0.0032797988336491796
6739284593550632e-20
0.002505406270317853
0.0022043334474525452
0.01282680538167057
0.0008554906352776292
0.0019452813790495514
0.08063347744307069
0.0014050917814373484
0.03532993521018364
0.0021647499473024033
0.007980093427735048
0.03373183030215697
0.03458388651272212
0.02007152039322891
0.0038239358443077614
0.025932736603673574
0.010923151006054559
0.03829695277583877
0.009332677657029088
0.0004383028271134156
0.0046464509239921336
0.02454376798396486
6670029030582943e-20
0.016405559977234366
0.0007034100134335987
0.002203984227146911
0.00020984650570756916
0.004656789406906384
0.011812610583010487
0.0007014765955393694
0.002129052932441498
5374350114892881e-20
0.0006691314573614318
0.0060205679809306675
0.00013917006654861534
0.0002955332616922533
0.0027262856873324377
5095195446040406e-20
