5036031334749757e-22
0.0012270076640542018
0.0016875389639261864
0.0019383464354477702
0.0014836207339046722
0.002518182826437668
0.01152547239980416
0.024322907123175915
0.00032180445301973194
0.001877361031576029
0.006506975420359638
0.015411692474154788
0.00733986738762701
0.012735677891271694
0.11725555961161094
0.34606587987065607
0.0009216649259921767
0.02000470955864277
0.0027535680707251823
0.0418491247297662
0.025286270128214997
0.15829116022843878
0.05938802718481755
0.030474266932056664
0.028386731737985463
0.008455037507688307
0.014206467086023852
0.04749088602111243
0.004576268808854206
0.0005690275365734941
0.00512839165294806
