17729060654433227e-23
3488551284469049e-20
9653659483299054e-21
39863922029184876e-21
9049283935290506e-21
0.00017471120592561605
15233520723549452e-21
3886615212668933e-21
4122188467409399e-21
36924356912051774e-21
28203962324834515e-21
7206165140139822e-20
3756328701310739e-20
20707099716232172e-21
6970704020446529e-20
6871057931527099e-20
22488281324898763e-21
7653340495222954e-21
45213520949857954e-21
3507585955659004e-20
0.00014568210391811197
8467407776347813e-20
0.00017071798300479356
0.00014178317381004904
9306104156808048e-20
0.0006296225302121532
0.00031249987623092743
0.00021509471449419453
0.00030241584889285623
0.0005869743922696072
8509544942768499e-20
0.00020486118794425516
0.00020973812315569582
6484645152041975e-22
2117080944372731e-21
3071616579157151e-20
12634097546732307e-22
6404497709542342e-20
11034664023884318e-21
690181113661495e-19
0.00032204358930927764
23330677636516845e-22
8766718424973905e-20
4614204402420096e-20
9178015780415748e-20
8720232969646742e-20
5520917331980483e-20
4191603915224389e-20
0.00030760444998396985
5018443476063709e-20
12534830850985172e-21
5681119449030848e-20
4308212655468382e-20
0.000335059537816608
38137749287704314e-22
10374602064562665e-22
0.00019034989899218007
0.0007268955896934663
0.0011558469652353594
15480184124428338e-21
0.00012763133509118615
0.000678079937454009
0.00021561344930166328
0.0002788179745754402
15866386330591138e-22
31886613504355824e-21
0.0002314250194430028
0.00035411436552962593
0.00034537760192703383
0.00043968150029156803
2887094504603961e-21
13324025992630467e-21
3593493017213347e-20
0.0023966711200245462
0.0007749649952323423
0.0002752272981738142
5842438560703323e-20
23908119007663527e-22
8131495413614213e-20
0.0002671298344448451
0.002724114367144207
0.0002572592926991797
0.0002740879177210915
6956874458146214e-20
0.000487028871821773
5790387929537947e-20
0.0002454757255086907
0.00040219074761197886
0.0004853110401565756
0.00015335479700401102
13204595245126458e-22
0.00010913160842976494
10324907319370817e-21
0.00025110455517916543
0.00030752726709620885
0.0005440887205151526
0.0005720545089607934
0.0005926320184778323
1186304330801867e-20
0.00019315228530966756
0.00018558621597253714
0.0001480151741526674
6014305596199159e-20
0.0008253253713741584
0.00045515758930169493
47455533195322345e-21
0.00010732217243770249
0.00027491442881579864
0.00024077726877307938
1082469900898506e-20
0.0002967063830388638
3779291095723063e-21
0.00014287500124553302
9326101635023565e-21
4726076977955541e-20
2227383711494033e-20
0.0002662970806828524
0.0015578448204885905
5584139874849717e-20
9032140861108822e-20
0.000587405955769876
7078299502842924e-20
22507832825800754e-21
8450425545760002e-20
20637138454876004e-22
0.0004752223392733643
0.0005120873743347768
0.00018322023481134495
0.00021657065723870757
5863943455281446e-20
0.0007091514149910977
4051300689754254e-21
17062665085693045e-21
5685510232170735e-21
617068904356011e-20
13476887398443207e-22
59580285126097194e-21
4494567809044496e-21
0.0010014743824890743
3126830321929613e-20
3750548041985336e-20
0.00012803343697859073
0.00039187879119554877
6689250920271702e-20
0.0003785856508735916
0.00028538839812451076
0.0010101685755568666
0.00021050174364031714
0.00033166124954835265
1851719779491191e-20
8933960944896901e-20
45462260562095364e-21
0.00026080887242662477
0.0006264043642697814
6940499768728683e-20
28768822687599535e-21
0.002400483931738513
0.0009683310608033935
8084730658160608e-21
0.00023896566872880811
10791363271049412e-21
0.0004516703290321301
0.0002727946359049051
0.0014301433216139658
0.0005329193311060562
0.000388898226093263
0.00032352889088501903
6850616120331494e-20
0.00018378267363545252
0.001212761730316933
26794596768945906e-22
0.0001396212926824671
0.00011500693103491394
0.0004678090468328474
0.00033393912061223
0.0005482195526844134
0.0002620915154076279
19389614169465634e-21
0.0009158944901527452
0.0012913041360382961
0.00011154077457701874
0.0008034092162285623
0.00013991229671658737
0.00020679182443344846
28240043852980526e-21
0.000201490947761522
3220839504495711e-20
0.0006846017428798536
0.0022219267002508624
0.0005030487689969931
0.0012139709092597209
0.0003616379379644946
0.0009339250090074201
0.00015754446487709406
33921026299776175e-21
6311826912141414e-21
0.00015224467540556413
0.0005203043147082437
0.0015946353147289645
0.0007061551387601209
0.00019184653998831745
0.00010798870985725364
4460803926687324e-20
0.00014034204977463445
0.0024883936083769866
0.0002442308869245384
0.0012762849509729895
11470681180943314e-21
0.0009420064945086632
0.0010538849213699122
0.0006097453930031242
0.0006531731931161216
625915688722215e-19
0.0002664897405676761
0.00018753004612194466
0.0001329182593694339
0.0005947126684220411
0.0002294929433880323
0.00018982216987259402
0.00013387790304525318
0.000363057309686637
0.0007850475619912492
114485854462299e-19
0.0018546554036539722
0.00021577271578070834
0.001132338035068983
0.0014993857346144183
0.0003979686830235943
0.001956355552064422
4558134858959209e-20
0.0008453842297218478
0.003400535610617369
0.003957789722572578
0.00042557920025687183
0.000597240018328539
0.00045660755127223325
0.0005638157441686476
0.0011705739293317397
166311414514393e-19
0.00032647671472790725
7906755572553972e-20
40850461259751196e-21
0.0006669345381941316
0.0012885862502283628
0.0004174233541800701
0.0023545164847190722
0.0006369878253269427
0.0007680593171076476
0.001094493132766832
7744412060382848e-20
0.0005017424151220306
0.0009229154946019109
45187129728237544e-21
26597945512644175e-21
0.00033159581599150924
0.0018608489056627503
277090159307759e-19
4273442942953681e-20
9951724280892369e-21
3410526506977745e-20
0.0006422274566202811
5248003198660938e-20
48838527672807984e-21
38411691950817596e-21
0.0007565587319666593
0.001194544663961823
0.00010187376401429678
0.0005705181223353414
0.0001932178305435459
0.004151630266695153
23640789437114184e-21
0.00019614524763995704
0.0010103973264311485
0.0006963868140523108
15421445438500863e-21
0.0002217225685807749
0.00010448924359256259
0.0008213691812074481
0.00038135737078666155
0.0004719335156472681
9722581870987503e-20
0.0005022769960832616
0.00024174443656835382
0.0007504768944102341
0.001199554450812387
0.003528567408393847
0.000768926131734604
0.0005588817154785857
0.0009553087890536432
35599721782243067e-21
8368932444983327e-20
0.0004850508045993487
0.0003362053012916566
0.0005618585356847348
0.0009121073001897751
0.001602736895731291
0.001023039055699662
0.0005485548568674584
0.0001380185803385142
0.0004518139794040936
0.00025794681126428237
0.0005818059606384256
0.0008387041934149009
0.00025238865550962605
0.00030885459379483894
16973848164744492e-22
0.0018423352910530348
1114111679512508e-20
0.0008945822615963188
8312494686353696e-20
0.0007118631924918341
0.00019546987420041687
315707776363784e-19
0.0027481611611136405
0.0010105633381236887
0.00010230116986925097
0.00029032790680126277
0.0001727325222569904
0.0006055865241775019
0.00019530899877139943
0.0002451268175122882
0.00017480231486977478
0.001093462220823287
0.0016188032805959966
5697459877967289e-20
2128706962315886e-20
6625665857952803e-20
3846823287838333e-20
0.0002714029287395769
9800270439690591e-22
8205637080042737e-20
0.0005300198342212829
0.00020503097130642576
0.0011360422649804686
0.0016605617649994315
916602398731676e-20
0.0004216170917559021
0.0011760757545607797
36492506393147395e-21
14333594563553554e-21
0.00039266026603524475
0.007413823876048505
0.00014654431080166123
0.00011050711964213137
0.00011465236618735422
10142936277445011e-22
0.0002685621585570149
4195551251053552e-21
0.00047334834365990377
0.000809634600327024
0.0012789687357367616
0.0005796985025207672
0.0009632676276040833
0.003816679012614736
4081327384282262e-20
0.0001674612821254458
0.00011967080107220481
0.0003719006894987972
0.00014229476747290926
0.0001803094189271939
0.000547288251143128
0.0005218481643910273
0.0011571623870940701
0.0007134187272654719
8194831092318384e-20
3244424462358407e-20
0.000200648919049432
0.00027341864529463716
0.0008408555047515474
0.0025495162999045243
0.0003607873505251444
2004504899979973e-20
0.00045457759420488095
0.00023706498339139085
0.00040024991800799057
0.0001632942554717515
0.001101046595606264
0.0009389770513079604
7305909603467715e-20
0.0006117004858306971
2052144660645575e-20
4848683781902461e-20
0.0005615553031468048
3883171555303526e-20
0.0003693492476914526
0.0012497051303119256
0.00016910460275404185
0.00032659644021871246
0.00016935255024066897
0.0002929230866528302
0.0001327469457343588
10051101746766962e-21
0.00010869733021326821
0.0002609586685967705
0.000655939884660813
0.0006644926944534236
0.0024876944081723413
0.0008331161007765876
0.001242854516795846
0.005701097088164858
0.0003786677349094621
0.000588478985205609
21496987873996983e-21
5018817318791565e-22
0.001808422022890007
6919122771128106e-20
415039229775753e-19
0.0004829864801558837
0.0009028527869706115
0.003213401184891733
0.0012986717441699853
0.0012374465953248798
0.00011423099882878443
0.00018210799746402987
0.002294135694393629
5687552986693751e-21
0.0005943881233317384
0.0018015887556653003
0.0014812428701731694
0.0015772852582903096
0.0007506294591849332
0.00019464023962959063
16181411855396873e-21
0.0001330239164619225
0.0003870579546231198
0.0011207144161554227
0.0002186779428763276
0.0015623215457294976
0.00119837237937048
0.0014067443464652004
0.0005963006954058357
0.0007271374772115821
0.0015677163401287386
0.00010919238278503253
0.0007205741311643639
7538409820832721e-21
35949331271713454e-21
4010219170883349e-20
38314213808904954e-21
3400325201705004e-20
163652171207051e-19
22958589403764652e-21
34747243619077315e-22
0.00014000364755037368
9819432783740646e-20
9639416870781834e-20
0.00010454881402599447
0.00041022280500228447
3593769020641623e-20
0.0002286071091631551
0.000546050435946797
4360406981514134e-20
6752114927568163e-20
18156024098588044e-22
9442486695630831e-20
7701297381397384e-20
0.00012749997907575989
0.0003777445355494539
8204156645537458e-21
5417108444854621e-21
8247145219177207e-20
0.00012965503965445873
0.0017890144709491072
6962844259736302e-21
0.0009916796849707555
0.0031237800713688688
0.0004142871063826484
42789419288700615e-22
0.00031923271584019964
0.0010813900293448254
0.00038001251967734553
0.0004691091944532241
0.0018954596804681664
0.00021333497691606172
517637471586585e-20
6357339878806809e-20
0.0009151954513913994
0.00025092787110871865
0.0005574862310036432
0.00026684054026067535
8994584098169534e-20
0.0013569136708425013
0.0005554320191180367
0.00010502909549077516
0.0005160385391881347
6041554263510792e-21
864063483964858e-19
0.0002579813025517758
0.0010990669608286433
7067776694923181e-20
0.0011621637668616223
2513388607963638e-20
4959395916288131e-21
0.00017981852298556403
5264097921023341e-20
0.0003893624377719643
0.00044230309768553534
0.0009088900785543832
0.00043784956265809544
45349896188455974e-21
3925368693769356e-20
6199957020137428e-20
0.00040077458902938246
0.0002920593648685572
2053378210892345e-20
0.0007720258135566593
0.0005950879722497105
0.00058622380387227
0.0017050858898918547
0.0001667797543271051
0.0019299465613782374
5630079322043902e-20
0.0016174661233986087
0.0006885839202552064
0.0001704496503899377
0.0012231557549117237
0.0002987597096436116
0.0050155831244280144
0.0001383237142999646
0.0009618896620396805
0.0021777716212480415
-3749898600926557e-22
0.00014379851077681204
0.0001355508666474948
28717532513298453e-22
0.0002556795700811517
0.00027980856187343774
0.0006935250133951415
0.00012332212522147095
0.00035511008799988045
4057803886549126e-20
0.00014122356497545054
7054246926359338e-23
30004143055767007e-21
0.00015706511017704057
0.0001497196615470932
0.0005110857982559718
0.0036990478203771204
5177404843357925e-20
8694416497770519e-20
3857833235249735e-21
749267914844252e-19
0.0012204391220320136
8477008176290702e-20
0.0002096788909523572
0.0010133543956247363
0.0004426359315299523
0.0004798050889161804
9688133159109427e-21
31628923162992444e-21
0.0002531724171376951
0.00032083518666736787
0.0003310891046401672
0.00034300216195850197
8298129168719734e-20
0.00029441936533919854
0.001277232165764785
0.0007916419360206035
4109530956849042e-20
0.0005773964136649434
0.000815218270684313
0.002796541815605676
0.00039797410869484804
0.0016676733578028227
0.00013893081314082784
0.0008758951957953576
248808193311233e-19
9082728961823582e-20
0.000428359783755427
0.0012133845491695693
0.000997689179161289
0.0013185382555797834
0.0005102424467952877
0.0002185284280237011
0.007292136245865953
40974922895859355e-21
0.005348351939581321
0.000632617867141512
0.00017883013770226378
0.0001072734241427372
0.0010694153944401136
0.00034720559621435047
0.00010309261538400926
44080675640832064e-21
477786569692761e-19
0.00017579439723160303
0.0009937754011656841
0.0009302128590977877
36950156961578457e-21
0.0005303313049492698
3251256161493295e-20
7348593144058426e-21
0.0009073632669460947
9231944110628344e-20
0.0010697296976909317
7743566966774741e-20
0.00013110868779925538
10547434109232711e-21
2567991555954343e-20
0.0003811377959180024
0.0002644015365451594
0.0003858931895082318
0.0007385921956131488
0.0008400422106689119
8267808268582505e-21
0.00011617538030235423
7556735468559627e-22
28535378028455515e-22
2855059388267709e-21
0.0008158140375687682
0.00010986623113069047
2540812782299563e-20
0.00573600813421457
0.0006816669526080205
0.0017659584073791636
3494367774767079e-20
0.00041728861872579036
0.0001376184424384574
0.0007275161413499038
5656105261921019e-20
0.0004131091811814377
794599593462864e-19
0.0001947012244349172
0.00020180328858979314
0.00017103538069079198
0.0009860513728501676
0.0007974177307668412
14793669101963779e-21
0.0017333254359141578
0.0006423722026740665
0.0004884628162680758
8205779365227755e-21
0.002667449273001852
0.0010838821095254987
0.0015441647458901775
8913097936311736e-20
3167623851166307e-20
0.0001527481619790992
56372504446765604e-21
0.00015065337611962985
37301421204039096e-21
7086235128415063e-20
0.00024042830907549303
0.001934658957840523
0.0007707749676831027
0.00015733677377912405
3050968947550508e-21
0.000100742906910606
0.0006784832463045588
0.00018223136264037225
0.0008417725398917735
0.0005350908991913032
3024089304372112e-20
0.0007360575620233957
0.00022579986631764864
0.0027383152989512564
0.0010481696442171083
0.0002955978149815098
0.003427377516861243
4866331972856955e-21
0.0008916102624366769
0.0003810541795244647
0.0007038036425411036
7054753795223093e-20
6476490092390758e-20
3557249173192728e-20
0.001283831155277866
23956893466895872e-21
0.0013918630998977486
0.000841004238608286
0.000451777443113214
11863547450482838e-21
0.0004214242911975577
0.0008381123133400638
0.0004097725186695442
0.00021536248878753573
8570462877334588e-20
2820338557463719e-20
0.0006552533251613094
0.0028789224817543455
0.00045096523144013437
3924342626486686e-20
0.0005179874171697323
0.0004011214305832365
4394207561655547e-20
7034712341596127e-20
0.00044353034514403854
30408963153788978e-21
0.00013871957025798735
1163302254394443e-20
0.0003187309952813704
0.00899035205806875
0.004595238425469715
0.001826165058944599
0.0009139994717297915
0.00025525135482422866
0.001044110038571648
0.0008768202507512988
0.002912733122198411
0.00013469145058041306
0.0032773260372096122
0.001177970620338652
0.0006780594047632965
0.010428583697034519
0.0017098840333704072
0.0005243778354601569
692523784143432e-19
0.00016554030918974604
0.0008484595481883272
5959070451007788e-20
0.0007686199605576822
0.00019483734770565418
0.0005048431990947093
2370479452847334e-21
0.00021326051967782326
0.00014621424925125734
0.0009795423366832177
0.0009910365344136776
5415513818579834e-20
4956781550475208e-21
12908396526645046e-21
0.00013219798429586342
0.000623573786128117
4237936112028292e-21
0.0011243233763399015
0.0005342211518909874
0.000547464238084569
0.00023973364757404284
0.0003486887319560882
5697378793661576e-20
0.0010024265875813994
0.0009916707597739814
0.0032346501377603634
0.0009862981931365582
0.0005191119472334738
0.0013728444197457226
47747179803466585e-21
0.0005645668534159996
0.00028903643272247477
0.004342143492125784
0.001667139867125759
2643155220525129e-20
0.0010175856252799622
0.00046282952614797794
0.008479210329252983
0.0006797520007035127
0.00017939384547334451
0.00032589011879929566
0.0015791274322576718
0.000983149355444575
0.00016195760703255693
0.0008384058361667939
0.0007076583965150938
17956863424684152e-21
0.00011991407896595443
0.0001639379703339724
0.00046674643033304945
0.0016158563337914163
37545436858619545e-22
0.0008502937553086582
0.004116384597127182
0.00045359158471094957
0.004811862994430661
5962138557847231e-20
0.0006978721778805733
0.0013477012881166572
0.00127606105192338
0.0006636199927948971
0.0013721573752170698
0.0004000740421851716
0.00039471632064266734
0.0009156357087485617
49366407716899204e-21
0.0026401229694077927
6968613260338432e-20
0.0002972588455603866
0.00354624283343671
4759030462441928e-21
8122380820801801e-20
2933254793807031e-20
0.0009341482659051486
0.0001086554373705224
8121072539109173e-20
0.000557124807248495
6932066780861079e-20
3441884711927501e-20
0.0002932053799809908
3812322918962648e-20
0.0011578001287863972
3919513749103894e-20
0.0035645062859126246
-16572730047332356e-23
10470691698735904e-21
0.0006898155274424057
0.0023715202866803876
0.002069182237454867
0.00028053949963468004
0.0005410687809707386
0.00011829131511919294
0.0001447238221649795
8574004644604501e-20
0.00058019193613519
0.000966418896988827
3452288881392156e-21
0.0003589893952843329
0.0015881046038421554
0.0001345419487367946
53724942243708936e-21
4309545723239902e-20
1587626029127295e-20
0.00014437484478382382
0.00019574050182077636
0.00017886240108188096
0.00023083274243247118
0.00033951261128955525
55929961047197436e-21
0.00033870090286150083
0.0005419397447862757
5825501750619005e-20
0.0007930986950083254
0.0002858187723862801
0.0003419628193372347
0.00011494796139860476
40950487029420034e-21
0.0003626971303744217
0.00017366850721344906
8112609041646691e-20
0.0008959162991157315
0.00019549322933635485
0.0010624936424582945
0.0015192383067455827
0.0014163795559077046
0.003875167669304444
0.00016938616429051868
2154177927152515e-20
0.00013040002150133362
0.00025007356451618983
0.003350436368105959
49382648195322154e-21
0.00026604044490121677
0.00068915635161798
0.002072847589898771
4268183583013841e-20
9734820182345482e-21
0.0007198921509132892
0.00048124053269954275
0.0010468535954765558
0.00016140759934805648
34977478563503374e-21
0.0029541426058630068
0.00012295519230668298
0.0005223413964025532
0.0003459409779612778
0.00027198431396728036
0.001123833158148449
0.0015045521947561157
0.0001969869661945698
0.00012171016622614827
47959839761130784e-21
0.000897665433594684
0.000257833471035306
0.0012074261737424832
0.00018451511373275176
0.0020198046488132913
0.001342391144247772
0.00023131412012783876
0.0013222224313197127
0.0013822377362441001
4311376897763759e-20
0.0002316774342858082
0.0007701037926154084
0.0003916792912990151
0.00013147281276275273
0.00014188762968686154
0.0001032566916240158
7713206513831603e-20
0.0015647076725633436
3023558335360622e-20
30744542837764826e-21
0.00011004195249869713
0.0002769717919005675
0.00027190805642341
0.0014034878765220385
55443317765688414e-21
0.00012974242039715724
41126978630573344e-23
0.00016662515704964144
35029994886349607e-23
27353401524736756e-21
6338700635051291e-20
8938872904770738e-20
2313656473481014e-20
0.00039618312934796445
0.0003796186604437183
0.00038748827259023686
0.0006560873050206656
0.00026860412678836673
7518761405636016e-20
0.00010188335057410279
0.0006523519097833428
12232091790499732e-21
3410940673483847e-20
0.0005693985428275665
3816921592040955e-20
0.00036565716282749403
0.0006770564725539018
14118046974929398e-21
0.0007917414242265341
0.00032452533891146865
0.0015750444606493475
0.0016831436193786955
0.0003033487207893058
19414919059811925e-21
0.0012954771634328946
8125777891113923e-20
0.00020774338845933217
0.0009184818119729166
0.0006681990122568765
0.001628819057908721
0.001036978072339854
0.00021383470892230377
0.0006558156890946122
0.00025477780458081205
0.0004933001143435848
0.00025980459306231034
0.0006509110262226389
0.00040780950662872354
1305853913797853e-20
0.0007173061481782845
0.002176572874516723
27161941268637387e-21
3697301893073493e-20
0.0002424709330977799
0.00011627138268358855
0.0008943576849441448
0.0013609754300338418
0.0005918654657712964
0.00019597304681279122
0.000456700633279729
0.00040103910994372893
0.00014398052505336736
65229988976992195e-22
0.0021312586027536396
0.0003992976991763358
0.0022041886008006824
0.0012343649913465087
0.00035712000336760063
0.0008385212267485276
0.0022357830652400845
0.0013873199960186423
0.00013070439823424228
0.0019457203981725767
0.0001374391929324168
0.0013513010263231625
0.0010240391027522009
19402043996862324e-21
0.0001993664701582403
0.00010152922142658401
0.0005289970370749594
13414025363094772e-21
0.0001812483082578542
0.00024152522620357928
0.00030200349341525035
7973117544459872e-20
0.0001880817213323045
0.001349698082951851
0.00013383149026807643
0.00017851283838636457
0.00019991848340485168
0.0003712822314228162
0.0013581125884304295
0.00040028012135660866
5557077686151897e-20
0.0011290388122797744
0.0005948007224202423
0.0007946113938392563
0.00019910091211031936
0.001347037535589594
0.002984748744766619
242366311959198e-19
0.0033539289553095922
0.00043423532996033075
0.0010241919976685294
0.0001965680576946123
0.0001227582986101257
0.0005980912264348557
4327379640227402e-21
0.0009214691479216621
0.0010046312441946694
0.0004844796423087988
0.0003403515220421844
0.00021820407194524552
0.0006389467973609378
0.00158513530166465
12473616663413515e-21
0.0030059525758856496
0.00010500774867646336
0.00011083153182391364
4114542583739511e-20
5813442056644785e-21
0.0014571671667750906
8407252873173296e-21
20521898182984394e-21
10203935379472346e-22
8897755041108117e-20
0.00017630453031142944
0.002922568086255619
0.0004202835617574344
0.0005003611204516944
0.00011717043476695176
0.0021807164465942074
0.0008339538702238518
0.00017233512869693199
0.003023237907632848
0.0009035381577947281
0.0018161458527003495
11876759999255433e-21
10177057778932578e-21
7354866296041105e-20
0.00011004202587823352
0.0006437191722103826
0.00014334049116906827
0.00024306338804278135
3108354950490229e-22
3972333620411804e-20
0.0017774636952584807
0.0002074581346305847
11551136198831107e-21
7283359239580731e-20
1246061014106552e-20
0.00011499414524504581
0.0006600141160284555
0.00014741625940162227
0.0002984235118803918
0.0004344949912631061
35101644216656184e-21
9470531638668644e-21
3103471283609043e-21
0.00012697879959667764
0.00019917376934574819
0.0006216167649874829
0.0034266966803641248
0.0006021609376488516
0.0021066666997824023
0.001909668887997641
0.0019090865781968172
0.0003496339979872693
0.00046273285734256466
0.005664929681181149
0.0020077500983829736
0.00019265785979938593
0.0013228185366528286
0.0005680422772653056
0.0010041819135758819
0.00018154590551171948
0.00014762110548190608
28307099873426273e-21
27167324274429394e-21
0.0025436494459751017
1600554522741725e-20
0.0008011269464372143
0.001633150236954301
0.0010861843788569886
0.0016617248493666756
6042526418479086e-20
0.00021799047495689997
1906696317315534e-20
0.0008288688885295595
0.004434897884896356
0.0002241199125139815
0.00018159886128318973
0.00017782193381795936
0.0007887612352127219
19446100484045756e-21
0.00043505168103302305
0.0004817852148123722
0.00019212137197017898
0.00014387086847168437
879546028563491e-19
28778644128519496e-21
4603637652935759e-22
0.00016762796361292762
0.00041297519611707494
0.0004594987394310426
926515046759633e-19
0.00011794254918200242
6353981905386778e-20
3541862252008015e-20
2651548219370671e-20
0.0024377852802166438
0.0018970455361125224
0.0012667958968479364
0.00024035910243461843
0.0006422424437126022
0.00030978184133362166
0.006586245631185644
0.00031693415331790546
0.00043095339517636784
7851119621070802e-21
0.000301352548005745
4886924231436857e-21
0.00043216366167635835
0.001422369608250682
0.0011044080054026543
3443466794113191e-20
41352770022875815e-22
0.00048100202185509365
0.00033376097105662937
2647847393211309e-21
424962538074126e-19
0.0015126649249341578
0.0007766156493536794
0.0007901517427515965
16582832487037206e-21
0.00034738805414109966
0.0007799256902188958
0.0006839657106066507
3720401791207298e-20
0.00044697916425477625
0.00015951356968898505
0.000333485355852977
0.0012637667133744126
8543233882739079e-21
0.0007498254682398262
0.00020556802073169622
6558093184940552e-20
0.0009962739526071561
0.0005412755187330501
0.0010967501529670382
0.0015069076531006279
0.003421773192545024
0.0015213815919105597
0.0006336430832558023
0.00985470878341182
0.001135528274811107
0.0007329884862886222
0.000519240929670342
0.005976160514392319
0.0009738698912362885
2421035690439577e-20
17332747956318348e-22
0.0013330959415259933
0.00016448315197189483
0.002078646585901305
8512112489202444e-20
0.0003240704279829728
0.002348902364798095
0.00063465572316576
0.0023435181765343715
0.0022066953823192373
0.00044387607591281163
0.0008146461644632757
0.0013567024205651743
0.00131933882053365
9789721384378436e-20
0.0027588520421922467
0.0016294884457266927
0.00048131899064345735
0.003556391353649689
0.0011876517139848648
20004977167672787e-21
0.0058013000167427406
0.00020544432763714348
6488275899679755e-20
0.002502400436461843
0.0014795814841538325
0.00014386731803217224
6600930842691305e-21
0.0003416129112666998
0.0003238587287077806
0.0009554122399384832
0.000104484997794079
0.00014534529135085215
3768402270799407e-20
40229841045394276e-21
4014608252929373e-20
7970116276141459e-21
0.0016489992883325357
0.0019701316889725955
0.00065899917971853
5621509937976208e-20
0.00024547111425616994
61151075369141064e-22
42863951869309766e-21
3788963078275113e-20
0.0002585475984313406
2830394020990841e-20
22287231118632287e-21
0.00015519967658418325
0.0001193178060310182
5929369183140594e-20
0.0008889412573114175
0.0006823613208313365
45759718583801254e-21
0.0002998238834861655
0.0013824025493986548
59890714598872674e-21
0.00035932807900794815
0.0003104664962440319
14534794735080401e-21
10749013914157305e-21
8581103104286391e-21
2251400520927516e-20
0.00019663602575785964
27534812126742725e-21
37703092161832055e-21
0.0039016235609266405
0.00020885220541510245
6896448428818354e-20
0.0008007275080873378
0.0004027510684294449
0.000827804795950323
0.001309495082639124
21406327555431873e-21
0.00012516624133484817
0.004577724422616653
4332125439484573e-20
0.0015003576676782598
0.0007550878514405947
0.0008096764599244492
0.0015887590410955657
4085581772588155e-20
0.00017708311269736918
0.00010153268365797098
0.0013315539709699245
0.002882961287541975
7756688055481738e-20
0.001527710958451654
2245670059930073e-21
0.0009975959811456257
15797166076617896e-21
0.0002960390638275618
0.00024404108089282333
0.00025804429412293784
0.0013655802313375625
0.0032952662480273923
0.0006685036589203812
0.00017690935004419529
24184043856492396e-21
0.002939757603801186
0.000807667777463721
7648440978758179e-22
78170736811062e-19
10446035741636697e-21
8330598984632317e-21
0.0002264261266681387
0.0002444425689105816
5295716579264545e-20
0.0010303591913427164
810664847799754e-19
18980330218725436e-21
9381489138801927e-20
0.00031832745758995435
0.0017659137536181633
0.00015242909607490423
0.0008994775186183567
0.0024140795081914507
0.0010132690902670545
0.0013396662239544615
0.00032440343953955164
5032481894636529e-21
0.0002636065682754543
0.0003795826524701181
0.00021071018511765186
0.0003639994876433229
0.0003577942223125966
3780355596599052e-20
5026043516008581e-21
25726918654332357e-22
13856095204452936e-21
34107943851419565e-21
0.0009480941840251089
0.0017997648122508943
0.00044063968736540054
0.001384644501256142
0.0010071508606883384
0.0010080163055290337
0.0002769203903789929
5659599557214648e-20
3706517541039111e-20
0.0004063568314966818
0.0007663120208178221
0.0004553973325059026
572705373661023e-19
0.0006956228787244232
0.001942655200376531
3270763062965712e-20
0.002886323761844732
0.003131402722070222
0.0002619319748138199
4072852471451908e-20
0.0003472433120097042
0.0013730746171336562
0.0012433448302006183
3354985433498775e-20
0.002341898817141921
0.004629872989386027
0.0014046263983366158
0.0002104583687624439
0.00010970434405222675
0.005349926640830434
0.00041037506040054523
0.00018562379481728612
0.00105278054509857
0.0007644323854805312
0.0005350188878121262
0.0013269116464075922
0.00021345352806507575
0.00023736202975378464
4400954903824385e-20
0.0008889409953525393
7052721647879313e-20
8407277977278766e-20
0.000687995595544221
0.00011564204037785723
0.00027026031272028
7579127643817447e-20
0.0003351861339501534
0.0009471243912716679
0.0003174607281248002
7967830095279997e-20
0.0007428366221760657
0.0003796321380072613
0.0021261385361121487
0.0007502374270398254
0.0004959737092574554
0.0006653131332456003
44319785335438486e-21
0.0007066265525986574
0.000570113732030354
0.0001248151497365737
3817612194062207e-20
0.00010477566460387593
3840272497266475e-20
0.0003100345042362576
0.00017367805413504836
0.0013468360573809421
6243860001514595e-21
0.00041491629843843183
60519953077155955e-21
0.0007622438078687588
4076974253379401e-20
0.00011841718978415472
39334718605006426e-21
7285800736113091e-20
9912538922700376e-20
9911956043372457e-21
6079299071310228e-21
11277485934644319e-21
6089040817704629e-20
0.0002625328185611009
0.00010188059795993201
0.00043345628202469123
97117895401575e-18
0.0001516446785934491
0.00042598274338853713
0.0005150722722407041
0.0013786388123255351
0.0003627490740455292
5004040851471953e-20
0.0006377274249506845
0.0001907121033131054
0.00034309712186350453
0.0004334520600393935
18473862361051618e-21
46485105284278264e-21
0.0005109790996897801
0.0010883346885141008
0.001026314912556212
4598879355160225e-20
0.00024392989383472728
0.004588780618798209
0.0005411745629756964
0.00017952424694014427
0.00012648931126484143
0.0004886823362510334
0.00010418324988808736
0.000641594167435248
20107043722470176e-21
7637631156619697e-20
24516499836519305e-21
0.00032144559493706886
30058899769675636e-21
4271844252122628e-20
30887608754459884e-21
8813714914731033e-20
0.0034914582758805825
0.0013359050257714408
0.007257157374450796
0.00012955735734857083
0.0006721064097494343
0.00018340232450024188
0.005308356632068477
4425790602568785e-20
0.002610818901711269
631008432001432e-19
0.0014726973251154474
0.00011744380936142007
0.0003511669744740532
0.0001286864403455152
0.00016214900981091865
0.00039306489342358066
5303697235099846e-20
0.0002682201612576924
0.0001076787452452107
8204804116627771e-20
67686445644977125e-22
8058590317157364e-20
8135583782437046e-20
32989451047378394e-21
0.0012443995649162938
0.00034642272086728653
0.0015826664369047994
0.00013252857529151338
0.0015132576906821643
7656479629542528e-20
6722946814874738e-20
21820579906191146e-21
7944658333442637e-20
0.0020705331089224963
0.0005384606393835597
0.00011442403358946301
7035329851395716e-21
0.0036204820810386657
0.00030850596175604865
0.0003568500621186614
0.0030825139217945177
0.00038875312122141315
0.00010270164384002318
0.00013870875673299327
4387287255489631e-21
0.0003964679678031727
19568429709999276e-21
0.00011328575179682499
14876881312981765e-21
0.00012866955384885316
0.0003484783440822095
9029078741142861e-22
0.000969587613331135
0.0007491462630952827
0.0029425138171548953
0.0009641933033337353
0.0009073601172901459
0.00019278122088744006
0.0010652804901465796
0.00022132580664350777
0.0006282014667652935
0.00044145095177110526
0.0005586891607034875
0.004609659913966317
0.0004098983673140372
0.0004775776568410235
0.0005517436960514356
0.0004960241374785734
28011016021438655e-21
0.00025915877836206767
0.0015416333959123495
0.00041315761159913325
0.0025045238058556962
0.00019672010534848945
0.001350554780862226
0.0009115533475705991
0.0009278991149098007
0.0007316407427276458
3086662622843028e-20
0.0015735761789977753
0.0010101980373100287
5262661832475308e-20
4227648372888267e-20
5860611415010812e-20
0.0003845491969953789
0.00010146432070664144
0.0015042203246989343
0.0014844424050298529
0.00046896493479669295
9991231087897431e-20
0.0011360398791345914
0.0006279883156551519
0.003827887716740782
0.00043321102619503537
0.0010594164720259393
2715458759969711e-20
0.00026321926048511484
0.00031032215198060505
0.0015543731920265767
0.0005157694263096556
0.00198961091278151
0.0016257527600586103
0.00021555152789727835
6864623607782212e-20
0.0007725412447500427
0.0014853214847341647
0.00035533432530979176
0.00025730406145766467
0.005361849306009015
0.001274630353444546
5863298142713778e-21
4015520025681348e-20
0.00017504206748342692
0.0005532040473738607
0.0006832274040869291
0.0022715193299240313
0.0013825112123171505
0.00195405414261402
0.00069965860679654
0.00027849553751618897
9331496144582201e-20
10728527419288293e-21
0.0011736674713604654
-42757159688341897e-23
0.0008124100569709484
0.0008981019499053668
0.0003915832648620459
0.0009209358779470328
0.00044999636460333524
0.00022061787579774847
55287575874351976e-21
0.0008575125087617951
18740100822818285e-21
0.0004905894366772659
4689740000098601e-20
0.0002932424665880172
0.00016477940215897546
0.0006639220961187438
0.0005795732905473082
0.00014050987476195743
0.0010371021091953067
0.00024346651429994211
0.00027505401773124133
5070626354571969e-20
44670711826723085e-21
0.002000982747514461
0.0016834990617872322
0.0005069178645105095
10588023262903267e-21
0.0021141903404485614
0.00020274010721900947
971359399692676e-19
0.00013187762560716454
6622738750198104e-20
0.0007197271260230477
0.0011772578406244816
0.0002042898300264523
21536530600445087e-21
7185461077702371e-21
0.00020039094596863266
0.0002884959407246183
4414700966646169e-20
0.0015101019975140456
23349797124803654e-21
0.0004753316701947884
0.0007030968576668306
55356732784418e-18
21123512547114898e-22
0.0001404082458994178
0.00010520222800611732
867180234680839e-20
21131127607660827e-22
0.00037509231306683726
0.0001195220202395183
26323200207310927e-21
7611021381725221e-20
5036925451285252e-21
0.00016377498396769283
6040092504568878e-21
