-12988417705839067e-23
23157430940099026e-22
0.0004009609736051612
0.00034612048042717336
0.0011742004638087059
0.0001618260064121332
7996854059963106e-20
0.001756718708044295
0.14164650903199072
0.02954274029703867
0.011924226547321694
0.0029293140909891296
0.0012286800596890324
0.0015267134701415193
0.042660694442950085
0.18303066651420066
0.0020254229131962944
0.3010150138642389
0.13536691413523058
0.008534819804033636
0.009170345092826401
0.001205852352502445
0.11216258157184766
-17481548241242852e-23
0.0016280708964885628
9669317620497396e-21
0.0025888317494798733
0.0006501528983722303
0.0003303812058040458
0.003914202836544485
0.0029863906911611485
