0.00022068898899710402
9462829091175029e-23
0.00035952705657635954
0.0005575299280480418
0.0011448650817091957
0.0016335331704522406
0.018867857249213693
0.12219235253720635
0.001382115589214257
0.06355122570142084
0.02660275518647004
0.028709644758685173
0.05762026627883958
0.017245873042307288
0.0035129786978331324
0.056621800723800075
0.2547116460301327
0.030578998274049037
0.0004162099115610614
0.153250441550025
0.11018570551370617
0.013248498176980438
0.0002836317808299319
0.00025014151463365254
0.014889565925649996
0.0071640824701966
0.00841712083970871
0.0006964645490242098
0.0056846645724255305
14303455558085172e-23
-42276254301224447e-23
