350787856753858e-19
0.00024933649508352925
0.0006059949187317019
0.0040921487358403265
0.0006396020017710375
5979192527536843e-22
8635893036287932e-20
0.0001689197391801829
22805851660136296e-22
0.005499731684233961
0.15846652947427822
0.005913935974481304
0.11405810544990787
0.055403209303279743
0.0006007024754116224
0.004742973030846665
0.32451315669356934
0.21128390794784951
0.0010032025426766971
0.010075453468214398
0.021008031283135813
13352542881770139e-21
0.01652753544404954
0.050838337680898994
0.0009016901838001184
0.0004643073944325754
0.010850394672672257
-8232692007931706e-22
0.0019551573260509496
4847756909015392e-22
3058097747012914e-22
