-5705510901142488e-22
8915743127179513e-20
0.0029342590530601334
0.000657993319444987
0.004699789986261032
0.000510027395761551
0.0028417310687847076
0.00799303385903164
0.043973045767947125
0.012333511883409795
0.4300581227838461
0.0001480849172591021
0.025724340208299175
0.0036581247312849293
0.1998860839241102
0.1684980324919211
0.006706256100388927
3740775513928329e-20
0.03956319150179247
0.0005429912879776304
0.0033195991113139163
59440505434884965e-21
0.006748667729883865
-9458310176677101e-22
0.02721258917171676
0.0010170896099586386
0.009655291738933711
0.0003720775679432419
0.0007611184572921372
45702263883111247e-23
