209096038687947e-21
-4179844195357156e-22
0.00010919713197642762
0.0011165414663679458
0.0016188265145752826
0.00037935793179324226
0.0005965296178548218
989179297546125e-19
0.001978623729070612
0.007456739200807203
0.002880728675106869
0.06600483038085761
0.07935587880358169
0.0020507586190482508
0.0475713592991253
0.38721644995191085
0.03202855435425852
0.13393147581791556
0.005354616467171241
0.007316139530038422
0.03015458033498088
0.09685806947893241
0.008884150232803914
0.0030137740529651274
0.0024206229360431417
0.06374372147428789
0.014599022201739894
-6999873507662048e-22
909341710732731e-19
2379362954889066e-22
0.0031702706353952223
