-16244750002873502e-23
0.07064795768217118
0.001274630091266535
0.05252293701357949
0.0009967554832875506
0.030052810356490583
0.0026011290548652835
0.023282364357437902
0.022774052174632433
0.09080568522926284
0.06166502261067828
0.0031324893631724557
0.08290790729367015
0.038217881989188435
0.00019640229293983445
0.056454151884985794
0.3622298689003298
0.0117463752752093
0.014942863749717752
7564853277476792e-22
0.06341519943507345
0.009763883943835495
0.00036929664298150015
6606168890864136e-22
-9194794930890294e-22
