-8333989667757131e-22
2425457770095407e-20
0.0007144008275041908
0.0011973503657332083
0.0017525387624413565
0.000199225303782395
0.00013106718983796226
0.019201536261312244
0.0009329036259917048
0.002759203254880007
0.009500571550074196
0.0009902931599479474
0.10748911589332152
-9982070610131677e-22
0.20608165784267485
0.03036345656520382
0.000862958840035853
0.0012316897280151276
0.0048395137035920945
0.10431182583216878
0.022935617875332256
0.445370328256002
0.0006129058101903699
0.009783562068387932
0.0014072005984137655
0.017049069969356862
10343338698379873e-21
0.008595580390898153
29014092310706307e-21
0.0005921734484245246
0.0010324724737945238
