-24950365442162253e-23
8593752388094166e-23
-9674083899967309e-22
0.00026209834384716856
0.0012386408912381799
0.0012033102731091058
6482000866875851e-20
0.0002282376419864222
0.0005190964234714885
8043071514105907e-20
35513541258312174e-21
5558839588768602e-21
0.206956530437606
0.04281276160722542
0.03212966590000664
0.2147472401005105
0.1851601180390594
0.1983633996172698
0.00014337823262012292
0.08250559282959054
0.003013936943538158
0.004707165785862837
0.004626980446546012
0.003958247316759462
0.0007423480335543073
-7290612858453409e-22
0.0009461385547043205
0.013625504520993217
-39726110512386765e-23
0.00036278467032923255
0.0015627575824264653
