-7698769179564001e-22
34321499927792704e-21
9270936091217764e-20
0.0006344720208745351
0.0010276121552272722
0.01800764712297735
0.0012732663613709443
0.14869080509089497
0.011321484977526886
0.03759381066258324
0.116952167606157
0.07106206925111733
0.0034171049811893037
438680579853916e-19
0.22172420451048797
0.17114989088303637
0.09651029608410744
0.00660029375452447
0.00040972954846918446
0.029099976412797813
0.0012100115233444257
0.004864737476187576
0.028196066908124488
0.01226975279979788
0.009077388634237519
0.005025932396867877
0.000667787790389903
0.000740523799668728
0.0015090018499601628
0.0001504594162554331
0.0006433769399165376
