11405265421615318e-21
0.0009785930795832994
0.0003819283750434583
0.003372821947166546
0.002057379952547861
0.0016476621679108391
0.007767377828818554
0.0016202781353682443
0.02991788146759585
0.003767572261523626
0.0036646865312983195
0.12103197570726701
0.1357092117856033
0.08934611924068538
0.0008689243875791329
0.02332437808317501
0.08840702185413864
0.04728874036415347
0.07656928920200064
0.24935436042984355
0.0002777195640072744
0.00044202528764723434
0.006574911898220977
0.00028202869651366893
0.06227244315357568
0.0013275317884953932
0.0001509698010182476
0.008971629626215775
0.017260591344933757
0.009357341057361645
0.0059951997152859786
