0.0029682152429685647
0.017122045574267036
0.0025725447074912773
0.002971984863170656
0.0017306634384334132
0.005210287539865266
0.0002998110611125451
0.07551180874579902
0.0032262139623083492
0.011137703942046124
0.0032254362061357148
0.015541743360303109
0.00035398356036666327
0.006867048265064009
0.012206017684988761
0.035840429602712484
0.013512694493536473
0.0006058289604593437
0.0009543624182104467
0.039926024037791566
0.04628118368833341
0.05460959402431211
0.03708862526716701
0.13045628482466093
0.009544946557010728
0.03020804810013715
0.004044711456681678
0.000745227315985429
0.007234300673271372
0.04791283746836445
0.017124429540399163
0.004628337982602119
0.01764915168012794
0.0007485857403323155
0.0012663375809308475
0.006944898868758634
0.006123853441110172
0.010026136356480348
0.12768977829495176
0.012203500982332336
0.017540175467604495
0.012772114961743622
0.029208019884830263
0.017706515912575604
0.030028737711895574
0.0010890559660144635
0.007934711509059403
0.04249787841000712
0.006297527353553953
0.002423658434211447
0.007619418591351399
0.000566477138054478
9114811753768107e-23
