13189371583859316e-22
9276246407367073e-20
0.00698009041481931
0.0019015391544265204
4721952916048678e-21
0.0038651920349064475
0.037614923253979415
0.0046122164528615015
0.0036929939679655145
0.012091013885470759
0.0014474777215940737
0.03844852399785547
0.02832169283661901
0.0014119813313747036
0.002551129261365048
9485061177543513e-21
0.0005145332381307266
0.005600415612606438
0.0004167295756007945
0.008611942831725991
0.0009471752786654513
0.017983861808676015
0.004653606954808004
0.0002459143575518975
0.03177312623122281
0.008741052142423838
0.0005521494927170951
0.004673367909448291
0.009107264446030997
0.008451521643526813
0.0024187381141656523
0.00042635885480668876
0.01732674416204527
0.002000612593678035
0.006104310000081362
0.007278478109777208
0.008461214332626777
0.005506328584223318
0.03620272395445016
0.003212831626936563
0.0045188391737417495
0.0031470273358727213
0.023936158716830944
0.00016045639750081507
0.0616891207302823
0.00447538235305934
0.044589024696313075
0.0004571925754962323
0.02039794576851031
0.0026044599568649175
0.012418277098780375
0.0003773733501577635
0.012443310843000469
0.02779232797359429
0.019635222381270762
2739580408526551e-20
0.0021384697713192394
0.004913132087734264
0.083529929678412
0.0036688780283684113
0.0161646552113052
0.009098436930091814
0.017323695562005702
0.03592932514072814
0.014601474452168233
0.040671614894807744
3346029177626137e-20
0.029053331308173662
0.007839421715616865
0.08448663328393978
0.0038001954364180503
0.004829726167630127
0.019415757403027978
0.005292067635329018
0.022640286174970506
0.0006232287912920865
0.0005238885526913034
0.0006764520956893969
0.0013382355889051333
0.00028210644056197873
0.0008379677699679146
0.008716742385077322
0.0002903996490493868
0.0012039194464939997
0.002134254336388788
0.0015174228885033183
2199225149856159e-20
0.00048455563785170473
0.0029858286331605256
4934619194708345e-21
