0.00010440658208582869
24359520119737405e-21
3764622276467204e-20
15920637092275223e-21
1379007040489797e-20
27706434929501385e-21
0.00011554296027866701
9363668040539573e-20
0.0002366967647722071
41760697452737504e-21
0.0002466756379488378
4398197782578447e-21
0.0001268813877895369
6098076994705894e-20
0.00014538180777047882
0.00031629027106015945
3285410786044201e-21
22902766231247378e-21
5543342966449792e-20
7789244188582233e-21
0.00014228247477308137
3767599789087114e-20
9991078245942525e-21
0.00013200687264135473
0.0025041617859196327
36840785364315546e-21
0.0001943544107790509
0.00023813009325776026
0.0004633196903352577
0.0003944162448031866
0.0004152540691633689
0.002462578440186712
0.001743439979695693
0.003569187715499611
0.000923124515032065
0.0010232080167445188
5358826517128843e-20
436621074756982e-19
4969509319501054e-21
0.00928106155809579
0.00037530874662948716
0.0002855890382444078
0.0015002934491876606
48673686068695845e-21
0.0003386108086760106
7089154423491165e-20
0.00010574394554102173
20105477383801757e-22
0.0006015452493607744
0.00023987802924637492
0.005897864735526973
0.00021498170437310953
7863325974311098e-20
0.0009905727921263473
0.00017515651731448616
0.002102656355908211
10940609523542455e-21
0.008585673053209814
29218036683329863e-21
0.000552785496925917
0.0003606561671220273
0.0029233705352607327
0.006984799738356269
0.002909889299683365
0.0017024924436376593
0.00020194394756299695
0.000213876534757875
0.013205801612884635
0.000377154366172071
0.0062704147109207435
0.00014618766579472533
4295040784069159e-20
0.0019498931989859435
1448902758943541e-20
0.00022159930260124037
0.001244232841559281
0.00012614014176111872
0.004198336606445353
0.003517086639917096
7979758845575428e-20
0.00018283789619021705
0.013409617753949813
0.0047803079295180954
0.0010390292830151132
0.007876041188583694
0.0009739588755311928
0.0033204513081848248
0.00047203973558099016
0.006085508102936522
0.003035749044711158
0.0005637219056497833
0.00010160576757295374
1471058703683986e-21
0.0008704728096696007
8509337014104963e-20
0.0003718594828822916
0.0001724657502129418
0.0001614425349872037
4382455721611722e-20
2613584881746757e-20
53962330193506646e-22
0.002567485485364548
0.00015592585441151719
0.0025924916194070224
0.002853325203904813
0.0013764002139244596
0.008411834412177317
0.0001777827479447093
0.0027236272410589915
0.0036720693075881945
0.005673336660385341
0.0005850117207303081
23357462377875876e-22
0.0013936539961625744
0.0006437322708020811
0.0003432422909765438
0.0014566251538020113
0.00036150728797858006
0.0025782176900740863
0.0010481782200916947
0.005142331691642004
7949384419184907e-20
0.0040518469988798924
0.00665919428393211
0.0003989860742129004
0.013370835818943187
0.0026872280616549314
0.00036027506107137443
0.01006302498958247
7076311261588482e-20
0.00034558424117200144
717487373526966e-19
0.0003156682922406907
0.01147262785083221
0.0027699767398369104
0.0058669311854562005
0.001176091977905086
2058881340955376e-21
0.00017349415022548567
0.0036638440747046633
0.0005427658665272567
0.004195011453835741
27864803782606106e-21
0.00012802512670602055
0.00022335547051345814
0.00048083581091159936
0.0029709532515415247
5983117414505923e-20
0.0003568884232790165
0.003631498890645915
0.00022787943704668818
9841636670493482e-20
0.013626304367054108
0.009084916086213467
6290156511476679e-20
0.0002304386600145539
0.0039053583160151427
0.002162467296671294
0.010022500070861804
0.0006960475135256871
23952647098586057e-21
0.0011744583934105836
0.0021114090220130622
0.005170233781103221
0.001993848588967267
0.0007579028271563363
0.009196467974796362
0.005494232960674545
0.0009724944436714178
0.0038735394019576313
0.006513781277258719
0.002462228690445412
0.0027349829331720457
0.00214271782756298
0.006079621505237429
0.0004959671804409504
0.0007746886586950825
0.0004610506412202901
0.004637372458850671
16159219114404567e-21
0.0007531524720977953
18628954623598817e-21
0.0014787873956826599
0.002561017190456843
0.000664050253931442
6912961121224818e-20
0.00012093704544937832
0.00012092883043588455
0.016269503774720903
0.0014201170229979317
0.0003505953618835498
7771437690998218e-20
0.0035285628291654883
0.0016609719738581103
32719231461452906e-21
0.015032152226138067
0.00020254058433616132
0.00018866005095563148
0.0018890294644141176
0.0007973453621253277
0.0016523875704383098
0.0008904171399506784
0.0008622970839850408
0.00031845784028358584
54152288953024254e-21
0.0008114388528958319
703025817959438e-19
654696734236801e-19
0.00031426610920088125
0.007369042632370365
2916277641693551e-20
0.000135450282934704
0.0007409038371730847
7963466628931494e-20
0.0008265057946838379
0.0002923771061435378
9249529620359665e-20
5330695797113639e-20
0.019271719565155068
0.00041533371190648487
0.00011100237582255936
0.0031584845581246767
0.0035120147737313207
0.00025926423289340854
0.0006716028501885
0.001653666504743891
41824667067327724e-21
0.0001279178167746464
0.0038199865716546186
12285643027861144e-21
0.002695425464125868
13946611382831143e-21
0.003584087714242331
0.01060745946447422
0.0002407423328409971
0.0006865057479027953
0.009281718448444644
834698197117362e-19
0.001599837499999773
0.0012717561280081837
1672917382743345e-20
0.00012986088465584734
0.0007420344989390587
4924246837578506e-20
0.0013905884254599165
0.0004459991292802437
0.0006088832929952562
10330454859160863e-22
0.003669477008095263
0.000586210925070638
0.0023049993647818266
4390504774795477e-20
0.00043346832232088743
0.0001314388398673636
0.011956577286139846
0.013377169528914585
0.008572751183167885
0.00016879608791844637
0.0031806215378238035
3471178548466718e-20
0.0008064967966890324
0.00678799706571613
0.00022247666209195628
0.010084113185228626
0.0003729874035472372
0.00779081932670859
0.012678985142795961
0.003547690206647009
0.00010409352430307739
0.0008864727983050256
0.006794598265692952
0.015155244038620253
22557206394598367e-21
0.0007428491362392267
5199596601992164e-21
27952768185365002e-21
0.0016746563454060725
3714204335895755e-20
0.0006277209273419317
9132530477123064e-20
0.00039744918310537507
0.0006644499866953247
0.0010619440133214462
0.00041649828696829067
0.013519488861857373
0.025194214072777027
3153571667538836e-20
0.0004916557524030331
0.0010014349350490077
0.00024442606398613525
0.011246699197680244
0.0042371302662476355
0.004713637787631516
0.0009513530741155996
0.0070325446831722965
0.0005067651842131618
980693636996105e-20
0.00012643588999848858
0.0005891481172008415
0.005228130011672893
0.0035916228711536727
0.0021047911443416553
5853948850438523e-20
0.0014700748843113215
0.00044176344698918185
0.0031375934079553272
0.0028585862762788425
0.009717963864037628
0.0016943101856003477
0.000192707964508309
0.0007614148536281494
0.0028643195555211718
0.0034663933074028934
0.03020640977790856
0.001960416907997776
2464716705609255e-20
4353673112720202e-21
3513827548781503e-20
476975058415606e-19
0.0008662409927446039
0.012089648838883261
0.010040555079688443
0.000654228893683526
0.0004173805411756286
0.006726076344249153
0.0010432352517835044
0.0016129534305486168
0.00012329185419570018
0.0013576519533470852
0.0012266607951618412
0.00019097973845078007
0.0013559704845374724
0.0003839720316432682
0.006728797726900328
14003361981352503e-21
0.0029289629847565413
0.0067074017503452625
0.0028825103670958867
0.00018559681899132292
0.00018604816853691716
0.006972300373822
8055619096525562e-20
0.003380741506272676
0.000521323411077489
0.00010865923189338049
0.0004278019047942102
0.0007022918047438051
0.00015974555677511186
643452493654683e-20
9496691740534498e-20
3828520854902577e-21
3200291989579966e-21
59126658924500215e-22
0.0003140827771726169
0.0022570031999839505
32393182943057695e-21
0.0004658012486786753
0.02232976875766819
0.00043921335452536163
0.0004058423933033739
23370024963331896e-21
0.0002531930536297745
13988726411123551e-22
0.0017041205151603635
0.002339782364856619
0.003137197171115035
0.00040054868514892585
0.0027868718628415493
0.004603630027182724
0.00012429910744220736
0.0003212293315815061
5388665700905648e-20
6243701100948694e-20
0.00019198395772590578
0.0004400826003090476
0.002666114172946916
0.00733124304789259
0.00020955300892114436
0.00016250179165602942
0.0014075808015128716
1061047129314569e-20
49107978333302604e-21
-9206478730797593e-22
0.0011695741587783577
2195594155468988e-20
0.0032371672446090912
0.0034032543943184053
3137213123260724e-21
0.00043255903729642496
0.00099971931864345
0.00019741574044563622
0.0008111673594430737
0.0009176167194755585
0.0007561793034834952
0.013772202887857594
4925371271549713e-20
0.0009932526016686017
0.00014385406453197247
0.00043461395330244445
12515294164952706e-21
12795402696507544e-21
0.00020779247676893338
0.01567503294562219
0.0077981186105124745
0.012619524327599684
0.0014841262512494287
0.010535638369657756
0.0003118817871749655
0.006427117211220888
0.0008939225658413577
0.004376302558216678
0.004721756394880033
0.0010376784178172576
0.00018618830066899936
0.00019188761129931226
36144693076211427e-23
4306978495660798e-20
11062224148556209e-21
0.0005887705174456518
7680327044243173e-20
3930175652245972e-20
7776784817020816e-20
0.00017234522058946235
0.0005040214131175207
8894071359180992e-21
0.00023501712811820153
0.001137744222998015
0.0001064462528444492
0.0005229113895863014
0.00011478403888157535
0.0005649166811647437
0.000569650132023934
0.000543012283384166
0.01083034772621208
7125439824590826e-20
0.01367897308468986
0.0011708246331353837
0.00015589867885331714
2888836423751708e-20
7931031529142592e-21
32290896347335986e-21
24587748343147663e-21
0.00021757064361159614
0.00026797550335150907
0.0004928029694180936
1844611959618371e-20
0.00024457286102390346
14128146551182725e-21
6492825212435643e-20
22975423230048436e-21
0.0003352567129727805
0.0007796874170336343
0.0026545785484671253
0.00245703426780865
661760211560601e-19
0.0007079941452493833
1566055242686692e-20
0.00014200110253206316
0.00029346706700091876
0.00037893584847006456
0.001775205975000138
7329850901268369e-21
0.00012839577238629954
0.0003893096172772473
25290045363120514e-22
