0.004851155292632456
0.0008780463404261029
0.0004151564625949333
0.005466273054363156
0.006231662381880198
0.0064822408689120745
0.10824682045293135
0.07350523131269755
0.004299381146315682
0.06860815820616976
0.005803397756962208
0.002530849174298334
0.042670792285518615
9333507375907896e-20
0.008801162084280044
0.004182577218419495
0.04788741065225511
0.012151644346880049
0.011083943573931011
0.001925640093754983
0.04834073595135078
0.02789234315558994
0.08803947043997022
0.00025356687167787066
0.20610144166756167
0.009442604139808308
0.12625935512088568
0.020483760225473508
0.005039361123157723
0.025352364273950465
0.008776318224652975
0.0033120886597705437
0.00895649937671292
2454547835965886e-20
0.0021419518361172818
0.002814938130864306
3597877782940475e-20
0.0006174823892471489
31637803727009584e-23
