0.00169389030090698
0.02734388039292842
0.023500484370502076
0.0015463849825333596
0.0006972998889421711
0.009149329857992243
0.00011941610903099644
0.16441184021988153
0.03410589458412968
4426369544141754e-20
0.004017309278411527
0.00018038665874126506
0.006523860747338006
0.0006744417541854559
0.015242587143143114
0.1356776819758888
0.0003565532920447568
0.02588140016409098
0.026417116704901183
0.09345839964469267
0.0259105021542316
0.16822673382372103
0.005998275475036393
0.0034083699714099257
0.1590984589653971
0.0025994865144439985
0.012340685785871766
0.02238043165857897
0.0007630430606627013
0.023183072887864555
0.0004672182368798565
0.0012829076636394923
0.0032983920365359655
