46377525962321004e-23
-8513175500594148e-22
-4799273360264627e-22
8305080180748797e-20
0.01510793415416184
0.010226483190744939
0.00013539183380318706
0.18280173431823504
9551301867213681e-20
0.00015730554025846294
0.13212277025204003
0.08687629663268286
0.02303013890660934
0.08963677616935666
0.0005083738479258863
0.0032769320799910314
0.046971784316568906
0.02475699400831508
0.09042317500266013
0.07616409905110151
0.010208692838528328
0.08213068134858591
0.06038850887658651
0.011527024029093539
9553560070976944e-20
0.002276795185668639
0.04834590518995959
0.0004941851258875527
0.0007436198923157234
0.0005351474137373646
0.0008800188436188518
