-7761267986332612e-22
6291508573872218e-21
9775550865990967e-20
4124487169414471e-21
0.00045859830450500124
0.004797800062422827
0.002567639854646841
0.050289440592423795
0.00015197529177867703
0.0002492494395885974
0.01888135062967331
0.00010022325206842491
0.000338889231427645
0.17639652624931287
7736946283394716e-20
0.00011642199946846334
0.27067114300200174
0.00018522973341132478
0.24511510372631662
0.0006457605016412073
0.0014835604937899608
10835064745391539e-21
0.09710170041918181
0.02099397765004256
-9807531892899785e-22
0.024207381563390206
0.002199329045732324
0.06970118383147879
0.012741894700008792
0.0002442580432359172
0.00016674323045775567
