3435310009089129e-22
-9743561469905554e-22
0.00014785306110470735
0.0006632754751222126
9274815697710352e-20
7597609874965156e-22
0.00016155707643032694
0.0004699137916774652
0.00033015046041714574
15202893216293735e-21
0.0012467728663867503
0.002658751228063683
4084327007312597e-21
0.00036011057438827817
0.02505282416364944
56525323450594506e-21
0.2204435483142754
0.09850349299431616
0.45867299868272743
0.041194503841110834
0.004056797324709718
0.013740097748681707
0.07311420914594896
0.05102561357062693
0.000330340843035972
36980465931024095e-25
0.0014209040904685014
0.0009054333195648831
0.0007482752618167216
20630087432319587e-21
0.004563252743505268
