6127127353112821e-20
0.00032482314288940833
12267797209726617e-22
0.0011210567937739696
0.0007250618837279771
8147112543284996e-20
0.00011091671400962469
0.0006142065411131155
0.0013177899449028526
0.16597725824589363
0.07202205450816226
0.025958353868493548
0.0002019503503320831
0.0018655298278157464
0.11466521850324814
0.3230862772522199
0.0020672565468254447
0.14286403938269
0.08034224043099693
0.0010341660124515344
0.004160332556159044
0.00016558565096973983
76392526192694e-18
0.028818741331193793
0.00228579251127457
0.000657809699090257
0.024096275695894637
0.0052979833017623166
-39188688376960447e-23
2468455852426966e-22
-937359469582409e-21
