17441113171783338e-23
-35557666626778967e-23
3728993489213058e-22
-6246515967265584e-22
7648692065542859e-20
0.00015770514735390952
0.00046724074759714153
0.0030024447630628906
0.003943335805253041
0.004623085957231688
0.16732941279798888
35414049334131896e-21
0.09261863942468705
0.07846626664636308
0.010259150704945751
0.026930156368140803
0.46986527554721524
0.00025206257116582086
0.02594000080593783
0.0192716050891697
1198196985054478e-21
5162206658497563e-20
0.017966284545076313
0.05946693950074599
25284536322573506e-22
0.014653148796562779
-503441283066759e-22
-733073322857319e-22
31147684010690806e-21
0.0031501844632658427
0.001439219516276656
