26107015781194607e-23
-39968100583303275e-23
4132879630950371e-20
0.0005943524704023715
0.008147130417366132
0.03608956960783866
0.016356348138776046
0.0010803363543921
0.11063956566963888
0.2345142290081594
0.06763486632087054
0.00010681031795656201
0.05124864219847399
4828323474043406e-22
0.0004222777703492026
0.164232184868659
0.01594827983230388
0.18404080996652905
0.037961737917297775
0.02859176771746881
0.00041144113972001336
0.007048726100950142
0.03228282744252089
0.001319493586271951
0.000814383263810125
0.0004154061058816656
-7461881419475767e-22
5278630870575477e-22
-9697627606535749e-22
5719101225766878e-20
11378421119164582e-22
