-8927474981633605e-22
14294104836153494e-22
0.003823538450287708
0.0065717698621047425
0.015429674802996679
0.000347907268886352
0.031638772919300416
0.014662661960719879
0.011662168548552641
0.06434744061238037
0.0004083832930498766
0.14836126505757605
0.17132055388763767
0.30856607182213525
3275410838285068e-21
0.0032288084598549546
0.08801724762504894
0.07937228925501481
0.03666299976596676
0.0049066330074748555
9104018151689348e-20
2460659352137168e-20
0.0031332944734887088
0.0012371650954028778
0.002329880282764501
0.0015209312521730933
0.0012469883523157335
0.00044762825170346655
0.0006359075710793763
14448165274948032e-22
-8855433051904659e-22
