-7097209123251332e-22
8144576372528035e-22
19268974355952318e-21
0.0029391717944204257
0.008824863945244062
0.0009927583015658437
0.0015573960476127947
0.00042934844434047503
0.002045651532649398
0.021056121508899253
0.00010413811469950068
0.010113355524880019
0.02390088365124179
0.20567195106230735
0.006664839741097623
0.35458079809078424
0.0005025931470325628
7304207102018212e-21
0.030089689609817668
0.03145222023006583
7521206006131036e-20
0.041140743656267055
0.2484209416988745
0.0017984496952223698
0.00011601500604908198
6630054708600403e-20
0.0002067732525493187
0.006932094610147023
0.00029198841053986504
-9865786228484686e-22
8976984597390904e-24
