0.0006326684282637608
0.0003794518039723176
0.00016303248625733786
0.00015574597024855012
0.0005921137985826733
0.000189313103991631
0.0004946826300855648
0.0014617995449710476
0.0009093292157444636
0.0012284927642577535
0.00015307172827061472
0.0007174842796227707
0.000503245048172769
0.0016915403799633414
0.0007271371004644757
0.0019048316237209248
226947078207242e-19
0.0003465876571509701
0.0007376473238580822
3560235139972035e-22
0.0003180157906434387
0.000648542041969257
0.0006855365516131051
12720841355647433e-21
0.0002700709003640571
56050289015049505e-22
0.0011867923231939034
0.0002865316159980802
0.00012086638052882723
0.0036305008434264416
0.0008053714497231479
0.0009134168250142744
0.0016671159757727328
0.0016296346657623069
0.003821992078436764
0.0017517773924767862
0.0010517141926050962
0.0011269546630646866
0.001591823199993416
0.002787591984320652
0.0015486681677051293
0.003198077213998613
0.0003893559812329918
0.0006463878524228513
0.0015706586226029299
0.002515429901066218
0.0010367353496222736
0.003270190105759425
0.0004750676217891027
0.0029472398777912784
0.0007126768992116694
0.0009431103739774205
0.0025590510284973695
0.0036741822524794946
0.0010257566991612164
0.0001140055024064484
0.005242894291432649
0.0019532722942867554
0.002859238652899594
0.0011241433324963499
0.0013362984439999534
0.00328663543211388
0.00033144226375541707
0.0014035907424995578
0.0002212593279014743
0.001660607673667273
0.0006133870586313112
0.0005635518310833182
0.00020718667346341442
0.00015812162989787488
0.0008985525476134035
524301684194501e-19
0.001563716657006419
0.003486776557521474
0.002744495724305289
0.003507130980600782
0.0026528157202785154
0.0005461074474968783
0.0007418792807344956
0.0005727681065125492
0.004120467560451931
0.0035934377254782336
0.000648805681289132
0.0007098142262912178
0.0013456286181286296
0.0048698879878615485
0.0003837129394964908
0.00149276205814665
0.0013910805594315268
0.0005204924537099774
0.0006860177858287541
0.0008275158778590105
0.0017285364341610026
0.0025277386616610734
0.0006896827422424491
0.0028591870532239418
0.00291988703189211
0.002509798598138764
0.0015557788702361731
0.00027028024074985296
0.0034612806131881784
0.0006109063775575022
0.0006798048632107324
0.0014765502513238683
0.0016824119941454844
0.002931304697861478
0.0002931377651866402
0.00010733258673996561
0.0020793223390007626
0.0010527886694997408
0.00034126516067463635
0.0007510543842541181
0.0006070910793938974
0.000625075867173594
0.000623985811258319
0.0006858517377388179
36067511067963305e-21
0.0018203765139493332
0.00022915779066494269
0.002807890704133562
0.0006522667930390526
0.0010177756575120778
0.00030311872891843885
0.00022831668091015988
0.000295990962900458
0.00022946024014711632
0.0004810161288954565
0.0002688328949479345
0.0002778273935508135
0.0010306616699394247
0.00332485243587097
0.0009230726148673511
0.00033524170140890953
0.0008756239694000066
0.005922240143008752
0.002332542910642426
0.00023156853737690326
0.0010031933720327196
0.00016467992664904698
0.00012068003313526194
0.0003061113752273737
0.0029180312356353604
0.0019309855854807143
0.0035482401450768223
0.0012231882736483558
0.0004345455317655061
0.00016117292491073728
0.0005481460460392235
0.0005006588076628296
0.00111761274717262
0.00468522807615626
0.002430105821799443
0.007767537881373062
0.0001156400637703126
0.005363139882033635
0.003578313958184061
0.012726846011444606
0.002612112885096352
0.002280689793608344
0.0022418713324957244
0.0008850460243008363
0.004299041627895365
0.0007579753951936112
0.0020005622585954905
0.002828312000544409
0.0007636741083556339
0.00012948291781447862
0.0007300217531099661
0.004127455784360427
0.0004583173701454284
0.0023021075829012987
0.0003064175540001761
0.008209754815860523
0.004199292513380723
0.008065121919234445
0.003393524359380874
0.0020858089088862746
0.003617217545620498
0.0038973930205588817
0.0019073096621104325
0.0014111887151178986
0.0025942705228847117
0.0013752028164862977
0.006900909680063994
0.005773706372255474
0.0005054805389281642
0.002530451522146605
0.0038307595103955123
0.0007310825602975004
0.0076579289753783975
0.0008257819076277319
6561754766855828e-20
0.0011442235631303175
0.010272537885306523
0.00028037400377306737
0.006541911196928121
0.0009214659460261487
0.001101773211374602
0.006405305324109752
0.008714574853612989
0.005095680317212148
0.00811001750039728
0.000816118351752553
0.003997502042080141
0.0008839514499867871
0.00013032943479772687
0.002322235795704792
0.003201684163776939
0.0007756166988983019
54105116416699385e-21
0.0018144992960798351
0.0017680133816610842
0.0006469074495550724
0.004622941793809818
0.005600216715686181
0.002332433736232718
0.00619824835134221
0.004306493667803483
0.005818196917019237
0.001881238641465676
0.006466217331382636
0.0018987235779464877
0.0013930533069731424
0.0012937753322808468
0.0009679167352901683
0.002316342758342173
0.0007945532310143391
59729286728340825e-22
0.0017931056945128922
0.0009735842131629644
0.005408144127477821
0.0036261835671207525
0.0008152626536170864
0.0014359393575706979
0.0010899884654675407
0.0011718358167229397
0.0009868658404014595
0.0023395610962853646
0.002395536408070771
0.0009864365203883837
0.001482348964417164
0.0002636702152914864
0.002215877962001064
0.0052533056436706365
0.0006680559325000964
0.0009904748148608811
0.0038973199151977308
0.002515420544912884
0.001466857511243875
0.005871763538784013
0.00040533725718617755
0.0010745107951464982
0.000554883406286484
0.001188524316103071
0.0008060091491713847
0.0010801574369957284
0.001433388876177399
0.0008718376541569353
0.00039325573165630386
0.007215106041366575
0.004544648248977061
0.0005629809486510833
0.010835516492141234
0.0005360456148026029
0.003193691338883508
0.0026126648293568508
0.007305703871441417
0.001205338618885023
0.005876795471615036
0.001768455265472617
0.0006274696534596767
0.0028142972246250047
0.0016832239767420973
0.002624056523515574
0.0009550358363277552
0.01456675169134757
0.0020094620272367823
0.0014218499381606058
0.000431258607175678
0.012085585213738417
0.004929231264467559
0.003687594613594118
0.005007270217074664
0.01482717148228858
0.0050299554196350646
0.0023333043466341034
0.0016282800024347858
0.001146670432084383
0.0022170957001588338
0.010040519492163003
0.004869898208609081
0.005756761527180527
0.006211367207149274
0.005285454075561678
0.0001532404458499345
0.001473665386092243
0.006709051111869018
0.003243074223534861
0.005422982590534617
0.0069909576264195455
0.0005599038440972934
0.00418398314842223
0.0036902663359207823
0.0004413559084495711
0.00336310987172816
0.0026132960304811855
0.006442862091528976
0.005323379747046109
0.005173698799062932
0.007785783295871594
0.0011508323344365627
0.002065367310873871
0.0017031498949352357
0.0033007401331820083
0.001112382306816883
0.0029992137612628307
0.00126223294481941
0.0005682538715622043
0.0047193282540944825
0.006906155170180445
0.00029422001716763123
0.00171870071363814
0.0021498567161238012
0.0006799533729157607
0.002513236880031265
0.0003556612102499735
0.00015395998183338958
0.0010838716357694839
0.00038950498172478175
0.00030038953797273464
0.0008980462190019281
0.0009378597146820673
0.0005630442637606702
0.0012814922780188048
0.000696511447052881
0.0008801492852414471
0.005168946846585821
0.002446362729475929
0.001510969995648284
0.0006356712768442011
0.00244675815676972
0.00035169071129205687
0.0005290428567920199
0.004185436594446641
0.0063212477241868644
0.005216229916446631
0.002692682061935419
0.0007093626889317824
0.004239971498959052
0.00709811250711502
0.0014673193243399671
0.0008881536585439608
0.0031273751176377922
0.0007718760529211814
0.004746684427585506
0.0059858720135292165
0.006511110733244416
0.002990777091087913
0.0031170495250326096
0.007643416923922637
0.003167164860579582
0.006729651169490474
0.005017974965082429
0.0011880489194349346
0.0008547206739378422
0.005501571628962
0.002127294012827339
0.0038818483415201392
0.003125400527253161
0.0022482797296805974
0.0007314939371940684
0.0033082680530136153
0.005285632673843463
0.0002908592734359754
0.004985068866116224
0.003341205441994436
0.005880859111283826
0.007425036652284934
0.007326546829433492
0.005395670977066491
0.00048270945872248757
0.003082060002008923
0.0016399437580327696
0.0009097222838446091
0.0018990597362752992
0.0012184829892185403
0.0026599328781092553
0.0002864308493698197
0.000831346114891617
0.001978792911944524
0.0007428310521590649
0.0005160186417156246
0.0006093847512634112
0.0003909517195403042
0.000999769480196939
0.0007626395076711572
0.00017868814135451512
0.0011312061707432824
0.0014232806213268336
0.0022892452283015453
0.0006352808320345971
0.003849348457292146
0.0009829210389319953
0.0013868731377683124
0.0014343967307549309
0.004183399341844997
0.00120642292005352
0.0005597887588844892
0.006892318053303486
0.003577740629101686
0.00029317459898985766
0.0035015920993723497
0.006149976015833074
0.0011882510398382692
0.0027772884750788575
0.0007801671414179135
0.0021101811153453423
0.0012403002610438022
0.002984206767599524
8556403666521776e-21
0.0006916853014636749
0.0013379650451434003
0.002243686811947775
0.0025326979340547155
0.00016224051752801745
0.0010180161178238746
0.00034860841872129926
0.0011134331025194582
0.00046519214310495233
5015097730262603e-20
0.0009442912297959443
6969332583604787e-20
0.0005655902775419188
0.0005340421612471661
0.0006488644974304748
0.0003753800067521161
0.0024659141009020138
0.0001473137105681195
0.0008718430364755063
0.0006500435807018256
14893516989041542e-21
