0.0019584513833368197
0.004207111139829381
0.00920964262450341
0.010479298214632317
0.007209827170652662
0.0032759739435268987
0.006193327287726126
0.0016592283833884323
0.008905533519409148
0.005444651592470015
0.0006351175731008922
0.010681808523791941
0.007448925470108805
0.02079021674591029
0.0035936099263479387
0.01556136863975099
0.00020992082490460057
0.03665407893069934
0.0007791129543160224
0.005415629247713851
0.00553118017088813
0.0012827282054484787
0.004015418676094046
0.01815748813925308
0.002855976112111814
0.013473092286662556
0.007843120820463387
0.015283618233133208
0.0018153224643816619
0.010923409978854777
0.013035969287506584
0.007626271454641217
0.0036990112729424207
0.0013039155551339667
0.005396487231101124
0.009905278046924147
0.004511888607383181
0.01199200058551736
0.009078563699711313
0.004570535534958964
0.001341640425256528
0.00015019478142039823
0.0034981511501503172
0.008732225319468143
0.007056418092482211
0.004782152338791061
0.013982694597549123
0.032602097955083446
0.0017004943990420972
0.00489137165031451
0.003338741558047548
0.004053529325309747
0.027465668852293602
0.006863673093040882
0.025026192263969408
0.01655014752318895
0.02614076391449474
0.024315241019977868
0.02596346050358234
0.028157778872744635
0.006312115569091775
0.056705840068824453
0.01458724788568806
0.014520122849667456
0.008274898580652867
0.008153109072185905
0.0030213692586542394
0.014369418251312235
0.0170054823397823
0.007908196662530122
0.0005809610023421376
0.003099104527116324
0.016235385836718828
0.015738955957395624
0.012599238395147714
0.005596247282766825
0.005412816772644188
0.013227491252316814
0.023502369519484194
0.013235816553991302
0.001172806237841027
0.008909957058188055
0.009193127054869483
0.013023848006430994
0.03333435882524432
0.0063855583273272065
0.01664210297293789
0.0007038666067088653
0.01185504400423557
0.006739780263557701
0.017544021184203767
0.003990078187006143
0.0009417672162974967
0.0010143264031914206
0.00468533552605496
0.0029171253570825302
0.009404791216982353
0.0009811722248631472
0.008922317985532658
0.00232567960769235
