0.012485970819304247
0.018424990647208424
0.014590347923686502
0.04077815188925523
0.012158623269740222
0.012345679012343258
0.009726898615791168
0.02132435465768724
0.03376356154134438
0.019453797231570737
0.04190048634492625
0.05050505050505139
0.03105125327347548
0.03647586980920169
0.012485970819303414
0.033482977927427306
0.029180695847362048
0.004863449307895228
0.021324354657689976
0.022072577628130825
0.0033670033669956087
0.10512532734756383
0.029180695847368435
0.021324354657682645
0.017022072577623944
0.06621773288438916
0.06135428357650855
0.05050505050505561
0.022820800598580833
0.03834642723531005
0.02918069584736626
0.0051907968574615646
0.01945379723157691
0.013561541339323174
0.024036662925548458
0.01491769547324996
