0.0019955639272287327
0.0003848523294609703
0.00010500841201994589
0.0010669722653306772
5280887734179331e-20
0.0018329439810350905
0.0033679939690481222
0.0006399614850289431
0.0041923113705744485
0.004238155547332168
0.0007132844277057089
0.000568923443920024
0.0005065457130861951
0.004816990478455754
0.0001821954296206656
0.000511529805758082
0.002246976984797032
0.0006441559834621537
0.0032711770833953454
0.0007850592944509799
4309722119343247e-20
0.0021428825386228456
0.007397906883979952
0.005696747482556644
0.00240085453144243
0.0034536713598909085
0.003689372786009079
0.002393664681831135
0.0024556001444504256
0.0019066300479687916
0.00895161563023848
0.0035771306862215618
0.0011450603504100261
0.0023866130998263352
0.0030073522502910605
0.004412074019451405
0.0010775032493106373
0.008211041800738422
0.0011384960256513867
0.002497542181289596
0.0006805299530184
0.0016089713226989843
0.01429224915228983
0.00571296356462445
0.002694090358193983
0.0016511928578248531
0.005061998595305981
0.000289536898481327
0.006002693007683026
0.000950157672457127
0.0011729258452530518
0.003686301627438637
0.0025962386491937325
0.001020501763509091
0.000487866516570912
0.0033651723986256356
0.005570354254960549
0.00375226323492331
0.002036130934267414
0.008032963284301302
0.005936724699667255
0.0026846795788658985
0.006042305742490355
0.0011483334991670914
0.0019661469161687435
0.0008291834383087563
0.004873874877894149
0.0026308553708467635
0.00046141439243872697
0.00018693756862472419
0.0037850941675351187
0.003669470267286269
0.0005539865382288445
0.005639492143663649
0.0008690757334583726
0.0007631194158875871
0.0052054361548746495
0.0025376914945506677
0.0003044023330353377
0.0016123504066904966
0.0004193534194060212
0.0029934193578347234
0.006084987181953805
0.0031628969945974457
0.000254000572798134
0.00014728740117887326
0.006251764354632198
0.006072549334397726
0.0026614173872585105
0.007411565271972654
0.0005197291089931545
0.003911102802591214
0.00036525529283579493
0.004373942930796304
0.0015899502009157184
0.0010814078168893124
0.006467765606600738
0.004818112429037814
0.0026483552661309066
0.0003612534985017319
0.016650297586125157
0.026162225485549483
0.0017360922889576805
0.004751474793463688
0.000190949151437732
0.01768642214351429
0.0006581465170777006
0.00368571239586782
0.004477517100701122
0.003951532293112227
0.008743131231344197
0.0077143067895392055
0.003088577408175063
0.009799838709552639
0.008230721102399918
0.008040911640943959
0.001167014390480112
0.016853451983837177
0.003953527946806518
0.0031331112917237073
0.010171303749680399
0.00707324313788531
0.01189016464444654
0.00916010426323394
0.01682221067111094
0.006710781875686229
0.009816094140357964
0.0031375622679715074
0.000979088697878102
0.01594047001417429
0.012305404707679032
0.0026601169688637337
0.003831661305160927
0.002384675137025455
0.0021356940176778492
0.00643698321360254
0.002775716348422512
0.009563330851969254
0.0005652076312096484
0.0004223417627773896
0.0039335541802681786
0.004755064035392002
0.0011488686807860221
0.003126530557632257
0.005059421507825036
0.003107178736541706
0.0020940780659388127
0.011247157699522845
0.0058369240861640016
0.002772292444704399
0.008117842425221088
0.0018065342196991515
0.0012771812127068938
0.0014096014547658297
0.0030609105569126428
0.00930417423350399
0.010002414650859265
0.003840112759235938
0.009051083554726587
0.009197689684795216
0.008971166147973754
0.0019407626315165775
0.010141344321303689
0.004476916005035793
0.001813232530586291
0.0022342740871539994
0.019203111261378848
0.010770958758532997
0.0027410354181934718
0.01300966210955594
0.0074657307733203455
0.014075514204986567
0.00041160345987254453
0.0021808541938758475
0.010047174947396108
0.0021743669782897978
0.009750368237475573
0.0033508211022696527
0.009707082861457479
0.009582577409207597
0.008148102337103294
0.0017799888191544111
0.0017490811910259424
0.011491026774826376
0.008060625061155957
0.0020783793078107257
0.0015765953224276394
0.007966924653408425
0.004989262301216931
0.005095541179346586
0.0030448133702966583
39182364860896574e-21
0.0022511885446616802
0.0006178647766179253
0.005452590861988217
0.0032497661578284294
0.0011670066713055241
0.0012307185822740467
0.005431558283410831
0.0012891969793529551
0.0044967013316974105
0.0165464162719882
0.009122742390238085
0.013939477737861389
0.004722880811206502
0.005617201694470544
0.0015748154977130039
0.005320891632636814
0.002299459045756896
0.004526592844807248
0.005412636787692112
0.009506736973529597
0.0017811967119186357
0.0028330163533274283
0.0014345656934093619
0.0032445071780626707
0.003152809799520202
0.0003513857906673958
0.0016850100936960772
0.0032790556397733163
0.0017588292644102428
0.003362567028009876
0.0005071713985767484
0.002607978047873839
0.00048158995602022407
