0.006257276197928759
0.016268776033662814
0.0022302114902250036
0.004210638515918837
0.00798826573327442
0.0037083493903788977
0.005690190542599263
0.0017188901040957698
0.002271384708673628
0.005742002828878084
0.013433752679716464
0.0030103383730269036
0.002128122412952532
0.009916725965591058
0.002707628085506425
0.0007497968436486049
0.0019344483433317652
0.013143285614676349
0.0008669210734748244
0.001566239410313915
0.005917588761105815
0.0003430535372983899
0.001315600083464739
0.0011092780588464939
0.017401911859036657
0.0007380752785611351
0.003382896292487102
0.0009179191818576293
0.0031043581165290973
0.008392469856574084
0.0007555372316777326
0.0015614309300186157
0.008121220352177235
0.0017541277505740051
0.02172429512873368
0.009424625240274858
0.003229539076471697
58760908867690106e-21
0.007022055502235579
0.0018909162599015593
0.011228604848266367
0.018752691657628377
0.013618159648910094
0.014953733976786615
0.0024248088922222506
0.004589421367690147
0.03223357350846044
0.010410189780260001
0.0004981972649077462
0.003282490933976869
0.0008578607536891281
0.0035613523479993223
0.007753205181109062
0.0038334319983943516
0.012930648209107443
0.0019536848273835733
0.0035845680693986606
0.004750826840176116
0.0007565873396190796
0.0008434487839981151
0.006022540993978597
0.0035215798656734543
0.003284113096862509
0.015889265594469983
0.0015767459012420411
0.0005154121442512321
0.0073352901340086535
0.0024246663326378468
0.0038307603982573792
0.0033189434807586434
0.005339442666755975
0.01641609350261187
0.006706509569784397
0.0056589308137747355
0.0013634580366296072
0.0010430837376441955
0.0037023586409912837
0.017149156400633178
0.0014979984282567605
0.002356632786392341
0.0024781866179019248
0.004774925299043345
0.002464348291461496
0.00319822900982083
0.0026706922215541627
0.004716562358926766
0.0017420097092290501
0.0002386165140307203
0.0034141593365483334
0.0057996468613714745
0.0036412778785894157
0.0077253720790672565
0.011170725019482707
0.03845766704344907
0.003831967957348251
0.005847181969684005
0.006034890172807214
0.02200682812703386
0.002433117505117252
0.014869297023598587
0.003582723575899753
0.004249323130444258
0.007637240620729912
0.0006206218773513511
0.006932292780799081
0.010592146140984927
0.03924373485108287
0.0005237964993517481
0.010489250981613503
0.008897708207483819
0.016522260825867184
0.002922868821462741
0.021263996020758753
0.017826438682022532
0.009925398111023458
0.0032012922183450023
0.0026321684166364765
0.009176837010258348
0.009531458174658732
0.004301590705825162
0.005655099484401698
0.01457781493744476
0.00797111858765541
0.0026841225400915025
0.0019081888094017716
0.016364872295844664
0.016509743968899773
0.0016399986116241688
0.008298713196092492
0.0012165708398854229
0.016442124756684
0.0036822896033029853
0.020566688480590227
0.0022539389020885515
0.0023715919471715614
0.004193006451020774
0.0032433993970005254
8701868857708141e-20
0.0029615334336299806
0.012508817757068724
0.004024923351933292
0.0028773775269917987
0.004328582689859113
0.00951737212782294
0.005900388442193891
0.012114764543157335
0.009319939878979505
0.0001515994789691909
0.002233685240954827
0.0005888415420296474
0.0007157210781193418
21930251681029867e-21
