30459475807077536e-21
0.0003106820977033283
0.000926203179397493
0.0005650320701893224
0.00021961916776601874
0.0003260711848432966
0.0013405536876119949
0.00021133116856545024
0.0002726047418602171
0.000516804279215361
0.002114076469397838
0.00023678370686194806
0.0009802801463580253
0.0005261972906054624
0.0002636911630705874
0.00043599653777954373
0.00020022474601605024
0.0006180027896957054
0.0002962074429068525
0.001828772302697405
0.00035533188804307925
0.0008962653791072132
0.0002286693785737152
15429145036087463e-21
0.000933283619702853
0.0011981041406186226
0.0007958294102551115
0.003939290648775881
0.0008888924597085909
0.0011433141040489315
0.0008714253680610894
0.00018084719364710964
0.0005272661631268492
0.001541142105614058
0.003315114744694268
0.00035806232532461987
0.0002042725260896634
0.0004198898979932457
0.0016981096609424299
0.0007409087730657927
0.00151439907525247
0.00077827164058575
0.0018331345851683146
0.00030178060607429955
0.002244209031138643
0.0013738219711488437
0.0015435037535936815
0.00044247955074030966
0.0024146160615572633
0.0022215524572982634
0.00023930249655849332
0.0022298245782855766
0.00035711392889572986
0.0002273465696665636
0.0007130754499718772
0.0003564023071696049
0.0002445240552179835
0.0005679020498481403
0.00010548357320947856
0.003076056945746726
0.0010769528383465482
0.00016151628006343339
19156563537413925e-21
0.0014609213744424354
0.0003440096219811295
0.00040001623692821186
8112607110079044e-20
0.0005577541061709628
0.00029178278000965347
7426552029901819e-21
0.0006102589484483091
0.0007473624115940893
0.0006021854002647427
0.0008876651547635343
0.0014932780736513363
0.00046764261862155973
6060174446570654e-20
0.00098046480809257
0.0012737197393629896
0.0035237739332755194
0.0009028781726218689
0.0010198031728904616
0.0006069985529331669
0.0002337256012996991
0.0033788203159404056
0.0006095519137479411
0.0009831935965991011
5426449151150799e-20
0.00047345910132034336
0.00013044938198868174
0.000511837256691694
0.001036965776957723
10632307413887482e-21
0.0007624614023218313
0.0005344840284957984
0.0024988280516686154
0.0012450897236989105
0.0037370324277524753
0.0003705055899969463
0.006292290039794543
0.00023261283005967016
0.0029365884688467886
0.009582668619054628
0.00025447862402800964
0.0018125651606102227
0.00031358039041531655
0.00150384038958156
0.0022621632773370285
0.0014350813115180025
0.004747394722650341
0.0003759623801297431
0.006860734018415161
0.0014738133251235843
0.001574813109515406
0.00016201243404634586
0.0011884358542608726
0.0028461068757401177
0.00038057658064640594
0.0006922284206542661
0.001507603202630081
0.0008230204416441669
0.004882631849760012
0.0019459968518702204
0.0011524539099517913
0.0002736451782934367
0.0003146971580281781
0.00046985140171127977
0.00019985022262176605
0.0005095724045954117
0.002720110974569255
0.0002926379642993358
0.0008394519044132787
0.001431375077030568
3627697085516366e-20
0.0002917955413097829
0.00811698532412921
0.0006298852369814461
0.0003239511671739875
0.0005082187833168654
0.00017677817430385818
0.00027901640702527317
0.0011811401120144524
0.0007071585141519467
0.0007103096343866709
0.0025569739632718535
0.004396217342467973
0.0017778919500301893
0.0009657098074534261
0.0006611233892368511
0.0011890965734097194
0.0004815013353121538
0.0006857783295025684
0.0015245907289709218
0.0003981225370832013
0.00109732849387339
0.00020076471049109923
0.00131029428628342
0.0018714843239533002
0.00018923864765933786
0.0008385504677287068
0.0012065080980307077
14933969292149878e-21
0.004359529342178813
0.0002586485152706907
0.0032765497230467363
0.006969510824647207
0.0033419125985706573
0.004004841522219359
0.0017929838230679694
0.0004629329270841036
7816657556727918e-20
0.0035306246297495437
0.0010868147523092101
0.00032059665605091355
0.000331446110319238
0.0003378595423553892
0.0019433222033888667
0.002616139929117359
0.002271358809545533
0.003011873957072959
0.0016901809605704143
0.00010441407115353693
0.003214535125631497
0.001353373643508868
0.003777587835462518
0.0014428664455608873
0.0038423758170569957
0.0009711123022897409
0.0012324930657042963
7030595960987403e-21
0.0013795307126803055
0.002244776127550187
0.0006683425108557537
0.002533825887799224
0.0028935841477272114
0.001966388935438851
0.0009505917566972847
0.0007160369003742415
0.0008841302973856522
0.002211062755672604
0.00025074229951693516
0.0004720427534141355
0.00048776431464948573
0.0004580239180771216
0.0014607214544278613
0.00014724552108985597
0.00165695276793417
0.0007248345382487236
0.0010970129627693383
0.0005427685751373676
0.0007054307112636255
8733752943955027e-20
0.00023752673807054669
0.0008317239275098931
8836527322822464e-20
0.001753759722937798
0.00030805255909187686
0.00012666461433701897
0.0006410286950056427
0.00047851179225783956
25433428638689825e-21
0.0003183999713759127
3039173583601729e-20
0.0005280560161179797
0.0011461486841319922
0.0004414778109221125
8759573244420472e-21
0.002412137526794931
0.0031077977380207697
0.0005552361482172671
0.0016186894598276456
0.00221950438547403
0.00011912424505584879
0.000949074111817495
9574699127741565e-20
0.0016540165073313626
0.0001729860970703934
0.0003572711742469652
0.0011061651174681564
0.001405603653603929
0.00018237272253429784
0.006048010200329892
0.0014966318141729743
0.0022605413873634933
0.001087145208964276
0.0004905197883344667
0.0004292053614885235
0.0018345037927021304
0.00032417002331698396
0.0013182001887603225
0.0003883270797332284
0.00019790035567453576
0.00017757480964092335
0.0006855674109807186
0.0012551945788724602
0.00014451358690235444
0.0001728313203104186
0.000707727665213897
0.00023696751369528388
0.0028423056786174273
0.0006006682740057036
0.00020235257891250045
0.00032136019347316595
3899316050525329e-20
0.000376010802375346
0.0008537083532067309
0.000412479748415992
0.0005707529335525744
0.0004944890196765949
0.002105281775613603
0.0008510452213021673
0.0008058441144466596
0.0005427840463749088
0.0018738152981177215
0.0011457423521634375
0.0006290161440954397
0.0015730470047887963
0.0007909286171760434
0.003861407305792481
0.0002455138920535611
0.000376601751525461
0.00039572327070539425
0.0012974530034722126
4592036641979836e-20
0.0030455679218345665
0.0026585629648549353
0.002626879644955287
0.0029615898407078702
0.00041199999613337123
0.0016577282807861962
0.004287650185303319
0.0013912141478756284
0.004574495565654975
0.0025961017989546693
0.0018814941326647646
0.0008699712814799323
0.0006061613399748815
0.0011658933163055719
0.002350453316714382
0.0016284737928626842
0.000277653476817262
0.00750226192643154
0.0008622220252466655
0.003113001113167962
0.001533572709368238
0.0013093643070791034
0.0019012900448996369
0.0017403127992719565
0.0014188492191631258
0.00022629380776924575
3510159935567419e-20
0.0020377651707988312
0.0014662440524901084
0.0009951198512802456
0.004117696482778334
0.0016491851277386066
0.0016799019660874881
0.0003090722014933038
0.0014611523095165394
0.0006847935809652004
0.0012270676421191537
0.00042006299384085853
0.0015208779307933967
0.00020640908349208226
0.004444687272261473
0.0066638735405203245
0.0011093429699308426
0.0013812883665727152
0.00030913005706879567
0.003807782130915192
0.003852707521211344
0.0006998685843224187
0.005558582917999986
0.001582405102103449
0.0014301614743397043
0.000515781034860254
0.0007530323063945169
0.004637934105412486
0.0034405304128854023
0.015238854221516952
0.0014084436960615392
0.0014491099131369116
0.0008032667157565958
0.0025159986932165247
0.0014311722048277545
0.004280286125649038
0.0029262652071040305
0.006468422533795091
0.012745682940226159
0.009591237316365506
0.002694065882142414
0.010444216223019873
0.0015990344608631916
0.0037190841786743137
0.0028795100923386047
0.000403811130114925
0.003281560298933217
0.004988229970551797
0.0038863161286051377
0.0032971650659149223
0.00045440629981346184
0.002454338174237336
0.0058392280172971595
0.0006607591108399624
0.0005212513260431178
0.0043452779173862735
0.0001988514638070247
0.00020685116540698252
4372418504987848e-20
0.0016887211085001392
0.002058250773420719
0.007593168723655824
0.0014815281897473467
0.000906979807563214
0.0035597518126390905
0.00033211318728531566
0.0032024079002267634
0.0035337220134579505
0.00016569611437457595
0.006605805637360077
0.003344342308714566
0.00442599717799721
0.00504587204135189
0.0022653389823914173
0.0012951664908539481
0.0013421282998515563
0.0006451254187385351
0.002635324218649371
0.002411708239986365
0.0020740552748548693
0.0024353995414426012
0.0033363087713848215
0.0009358149209394923
0.0062096985124429835
0.005515499012123186
0.007920726944040288
0.0007301461668341949
0.00019767091542567864
0.0011398416381774097
0.00945228952093225
0.0024017965927572928
0.0018822797056056227
0.0011793320267347465
0.0031947441076625176
0.0019939747704277146
0.004580021389348463
0.010781151486090712
0.0007949865449789822
7149340897366512e-20
0.002490841286219197
0.0004057248008485758
0.0019061994094432997
0.0006552968308100698
0.00012598010181228683
0.0020481170966095974
0.0001482708443974411
0.0013485209138461376
0.00014656894333426302
0.004285567922635649
0.0001479460093879623
0.00022997884267233739
0.0006943763709973148
0.0002758188643244074
0.00010504354436214693
0.0031637224649516734
0.006926015090310507
0.005570728439768878
0.0036976761476684057
24279202589232637e-21
0.0013896205742511241
0.0009182669149311581
0.0006597437383063834
0.005198372811605827
0.0009513078788002452
0.001535836743533533
0.0037130308964473265
0.005850507872162603
0.002672568175624072
0.001115972347448013
0.0007798964370238519
0.00032314110703674436
0.0006555561959383508
615191386172055e-19
0.0008428036976761938
0.0016007398248113222
0.00026631101582080005
0.0011897343343594828
6064878859600895e-20
0.0009034350626447495
11934225547977608e-21
0.0006100297985342737
0.0013426216675527579
0.0014565025903225707
0.00113186525120612
0.0012943553702072076
0.001571340970903288
0.002644577612320853
0.000974656798536147
496542683661192e-19
0.00015683968829067923
2466508068772931e-21
0.0014509089860552961
0.0010286123311939004
0.0006987097898937515
0.0008178467205542905
0.00038791254924034095
7502412127100273e-20
0.0007725287961868324
0.00130944338138114
0.0020824310486465343
0.0014418056582438119
0.0020726651330685445
0.0009157020240254276
0.002596353778312959
24755092278155678e-22
0.0031072737748091667
0.000731699393729141
0.0027988273777631973
0.0008079210526200004
0.004038451383847641
0.0017000496837768335
0.001205491422353156
9895159523525501e-20
0.0006900637112297497
7465442768163415e-20
0.004489000194316844
0.0012776853963009738
0.0006466714414981726
0.00020503307300490426
0.0005330472683351767
0.00021512553206163678
0.000879543145540852
0.001882460477433553
0.00041202787232212787
0.006953059032068572
0.00127248258969497
0.0009594221034005729
0.0002802621939851235
0.002540262379120098
5268497855952648e-20
0.00016318109691463485
0.01358024780838345
0.0027609939798963175
0.0037370673876934474
0.004173225990564026
0.0005855245242989812
0.003335488664839997
0.003095336743175406
0.002211344126055138
0.011413100447306982
0.002966666024125251
0.002224437571029185
0.0008021919514198326
0.0018735556596337593
0.0008830557187046292
0.000560967326151407
0.00016720357467378435
0.0015515251973966446
0.0004558269496146592
0.006377937778520553
0.002443819411740751
0.0022367130130087082
0.0015918782539150978
0.002565165954402568
0.0008339007443921275
0.0017135330489328393
0.00097760820407473
0.003188809718480031
0.0005981047582119557
0.0008042398438081034
0.00010873610054581509
0.0001216852604357505
0.0006385723082110021
0.0019818151141168363
0.01023627708169601
0.004620071603398473
0.0018375964559302336
0.0013362014231758643
0.003176496816234375
0.0036582902651967394
0.002749158576165905
0.0027494562416893937
0.0020015293524331254
0.007867897350017961
0.0010271262470346674
0.003583225688244457
0.0019472172529682486
0.0014602912697995903
0.0018995618869522908
0.000483320009389455
0.0012701830151189667
0.002649012730880809
0.000866943054110974
0.0003413342428270532
5834220011247873e-20
0.0009456223128149157
0.0014060504789050617
0.001696512614318991
0.0021995389149098814
23695460245962272e-21
0.0031264559874962143
0.001453761823861985
0.001972598638770828
0.003240107527640286
0.0008101242956268176
0.0007685618236343938
0.0006332831881890407
0.00038615790757104494
0.001508366998367871
0.0008369581434994963
0.0001377241186078471
0.0005335930897830154
317106334183973e-19
0.00012143951661851765
0.0001814878539375147
0.0005781488662324561
0.0003600798790920971
0.00015009512575340258
4871543566029132e-20
0.00015605326539830912
0.0003540411338807999
0.00041363373623771386
0.00016655244219279924
0.0006315246242043769
0.0005934763503758608
0.0006008077618409705
0.00033349016417077174
0.0005100185276142768
0.0006138106415584665
0.0007683287365667186
0.0001431025644241818
0.000339963164139979
0.0001959021604155845
0.0006521020804821309
0.0004513337116973177
0.0032751811273253077
0.0010372798923399648
0.0017927940247232505
0.0018203889226232246
0.0019378395198543508
0.0009980033159867597
0.0004871507445134784
0.0010131838549547378
0.0007706671837556194
0.0026589401002745836
0.0003329138836477312
0.000332397436943115
0.00044263793105508195
0.00012442535299482565
0.0011298642124838293
0.0012067821582096895
0.0009035197556264774
8388439496760392e-20
7255500067753228e-21
0.0006027140158063954
0.00022578940894385692
