0.00011136706284611002
0.00019840080883744277
9261180513676455e-20
7646293364756784e-21
59709477789885584e-21
27842060138078818e-21
0.0001069819383949194
769055959538992e-19
29140239064912844e-21
0.00010830880131982855
0.00017664953577609173
0.00014088574166297517
0.00012612038650995953
0.00017094505968854662
0.0001258267195857793
5702812397054758e-20
0.00011880669741537708
0.0002084557232618878
0.00017256115692538382
0.000543642806139517
30178807365220135e-21
0.000186891772652665
8468474343675024e-21
3327938695945898e-20
4294680805069679e-20
0.00012403401003398048
0.00010743487937243274
19278860670573304e-21
5755836262789133e-20
9395565236202047e-20
7130838270039691e-20
2253956238614789e-20
17054444868119213e-21
0.00020883165893920253
0.00022674165497657884
9690088799411129e-20
0.0001224587990854861
0.0004710574138774274
0.00044912747748774624
21856166993894704e-21
7584910954333756e-20
7130818469850146e-20
8299168568263555e-20
0.00019381480458363363
0.00036632000193863995
27655503437774116e-21
0.0001332944047464697
0.00025402105571377235
0.0005433956920028493
0.0001906705709268078
0.00017441704831433559
0.0003308497366402373
0.0010289686797091907
0.0009921395705914046
0.00037101884831220225
0.0001809565143896483
10491156121571612e-21
8132130501156466e-21
0.0006206321108565616
0.0002986421622975596
-9840840902275335e-22
0.0008170665068213091
779110380625569e-19
0.0006480574903859077
0.00037787278086134755
0.0004882828715216977
0.0005468714460235134
0.00015755910957602806
0.0002478523332573071
0.0004510862698214818
0.00021472023844371657
0.0002198768245956424
0.0002130984973993494
0.00017465249064855411
0.0003151866998402428
0.00031022967869020573
0.0002222323963855288
0.0005212244885167888
0.0004139417153944108
0.0001377642862092135
0.00016863461120892662
0.0001028564517602661
0.00010581667547611844
0.0001242852862866795
8216089252739078e-20
0.00037715392359029113
0.0002575405578554431
9186904412492566e-20
6272718595673196e-20
6763729964610147e-20
0.00039556746584752423
13091098278024983e-22
99478689152274e-18
0.00018372425925997695
0.0004504096193643141
0.00012130743803684732
0.00013284379253265092
0.0006802931663609259
0.0006411599748958021
0.00025541245917580355
0.0008317644865061268
0.0007670281681810638
0.0003449777585678273
7616829976021206e-20
0.00012649476070495633
36766415915740725e-21
5537562721135159e-20
3737283422237524e-20
16951302554250714e-21
42265362454141796e-21
575430193586862e-19
7061861243262845e-21
5839044468228794e-21
5124962858452626e-20
0.00018734099570564958
0.00017177954080711613
0.0001608783829251727
0.00017451565982463344
0.00042634512876257304
0.00019055224577138675
0.00017464765575220609
4798059290168433e-20
56483517356036546e-21
4979859267620198e-20
6086057386523164e-20
0.0004930104212912975
0.00032258986735497774
5713800722965886e-20
818191791360797e-19
0.00016265191271508725
0.00010408622108862108
29997957783430092e-21
3445244425969792e-20
0.00020228129793348692
2847482071792799e-20
0.00012191110183193833
1487068949621393e-20
10129647010132502e-21
0.00012816471635062465
7204430166461401e-21
7401084293289428e-20
5404058287653744e-21
0.0015329492177257181
0.00016643700750968696
0.000399720147342776
0.00013207669116650217
8796039499655843e-20
0.0008586217404895877
0.0002494996301733527
1760428854081148e-20
0.00012488307412279745
0.00018957031433245074
0.0004205773142999603
0.0005112756300528411
0.0003264715714805908
0.0001490475631147201
0.0004830197123200581
0.00014453067056857723
7777998512518579e-20
6124482635567133e-20
0.00014429523308696774
8335934629356578e-20
1461702083297473e-20
17903042919666886e-21
0.00023103244627872623
0.0003336623447224249
0.0004431237161350485
0.0002698676711501632
0.0002593101478576131
0.0010085264477536653
0.0004010093931809682
0.00011878975915731122
0.0002806256213426051
0.0003369085179969
0.0004292738849437149
0.0007306804122432706
843196331504258e-19
0.0006049043903504912
44099053037866754e-21
0.00013837587590786015
0.0015827976798707428
0.0004409244024106427
0.00025784417786452185
465406960635231e-19
0.0003197835885995053
0.00015452643962347658
0.00010711417190316807
0.0007565167527502798
0.0007105919117432552
0.0001056675091143408
0.0007296016894357719
0.00019912332255453966
9172496181488006e-20
0.0005008601341887154
0.00039369828587469766
0.00013424600618998546
0.0002134533105569321
0.00029059881160888333
0.0001507329386221838
21113028923811906e-21
4960364727348223e-20
0.0002921910877384917
0.00019982098354754714
0.0017438355351699596
0.0006857449115439245
0.0024335868859515423
0.0004881532693863924
0.0004479846220105435
0.000290779519610794
0.0024677670343816985
0.000250733712480703
0.0012044239094397397
0.000625801893747364
0.00018495192052791644
0.0008000223255856753
0.0003613543766116242
0.00010619945644189157
0.00012983024920220466
0.0009210040005443955
4317028844385509e-20
7500767332837691e-20
0.00013720714924328326
0.00014885303678537686
0.0001627226958795198
0.0013913420619320166
0.0003356454861412438
0.00026231098299511085
0.00020236767155301148
7914895075580568e-20
0.00022074275538850108
18996771629992144e-21
0.0006075930021316511
0.0006565072419272251
0.0009755765265505639
0.0006564843124957699
0.0003239577390276464
9042475698243815e-20
272084838015892e-19
3639669091190509e-20
0.0024836848496799205
0.00041974535924229527
0.00014744496170773967
0.001460987286828239
0.00028654391292930377
0.0006990276995900904
0.00032311220103933244
0.0005784066218281563
0.0001303429158225361
0.00024651512586991523
0.0005988066398865051
0.0003215528940802375
0.0007465722869208579
36361514265175e-18
0.0006618717581486138
0.00012599341112095547
0.00011100027807679851
9818078864422363e-20
0.0003714393362513939
9093551722385414e-20
0.00017792421872316278
0.00010673552731014732
0.00016273126738856886
0.00048211434450500765
9368144004604538e-20
9210808478845618e-20
0.00026274883539451906
0.0001453511539796206
4742208420529622e-20
3451625129960243e-20
575452876113475e-19
0.0012994814335322142
0.0005299692227086576
4193834919967727e-20
0.0004604624394420514
0.00020605625253254233
7487675432359637e-21
6169006161729093e-20
0.00016635023454124952
885180028258296e-19
0.00028675611023297915
0.00014984798476336202
0.000411636107717659
0.0001798293479599392
0.00010777338010991273
0.0002481622445690716
27966229231631733e-21
0.00015770207892000816
0.0005408552650919891
0.00012135897478721407
0.00017489643581883787
0.00012241570959736555
0.0001535627265201413
5248062108759211e-20
7018393046686894e-22
5072542384578035e-20
55620577593028174e-21
0.00019107018452578365
0.0012541384503590586
0.0006056311790458571
0.0005729706804234771
0.00029929486940176203
0.00014416474633389536
0.0003943387429861925
0.000530175264809213
0.0002857096246314871
0.00014108984821541973
6319949817637216e-20
9351417500980178e-21
0.00016570203652332833
0.00040916559450772806
5499923902202396e-20
0.0001207053290243164
0.00010144623788975799
230014964721214e-19
0.0008719577910328762
0.0002231544942867181
5839478978064633e-20
4862224419685156e-20
0.0008989016109260072
0.0008002021985528866
0.0010095983251474595
0.0007808506836831177
0.0005078629783516316
0.00018513673093062023
0.00021629994495510647
40227368944721636e-21
0.000731097856153184
0.00021024553601426516
0.002076868598280086
0.0025063736657957745
0.000967943259178599
0.00011688884330132536
4376446132689931e-21
0.0022601633578741686
913496054425474e-19
0.00039747171471147966
0.0006319302672348204
14407801593193843e-21
0.00020322792486571914
0.00019040488818675535
0.0005635929576581916
0.00041978194324821406
0.00013452996142215864
0.00033502300519227906
0.00014580416113044438
0.0006364861081309908
0.0007389101850247329
4822886619685423e-20
0.00010715902614368696
0.0009226514290013223
0.0003393644930757963
0.0005648645063607913
0.0008899112805257349
0.0018062134408508696
0.0007798548978865649
0.00011018192791014394
0.0013998992219539498
0.0010212974764870779
0.0001309588578484022
0.0007514778577212934
0.0012052172028996623
0.0024780586985362063
0.0005405615183047814
10313128989838383e-21
899516691057252e-20
51007748861449794e-21
0.0007907276906944726
0.00021351308847041516
0.0007082746622112164
0.00011563910525602016
0.0002651786891424059
0.0006778403455357966
0.0006456823403025638
0.0012207793755751439
0.0011013029585147942
0.0011550524941001635
0.0008111662743543821
0.0006135681623173047
0.00011318055656730495
0.00040167292331637876
0.0009497192649272797
6415475814757358e-20
5147584694459923e-20
0.00010302151187873971
0.0008104009817127227
0.000719475513217667
0.0013652577236595925
0.0003392617339286507
0.00013229713703942722
0.0009628200924319647
0.0003458693466527715
5401411254250424e-20
0.00020179049404335208
0.00013069448679935627
0.0004824701570910858
4361298811941356e-21
11020720460771472e-21
0.0002567595648493156
38151940228287284e-21
0.0003790833725052709
0.0009834076225671408
0.0005514300435963614
35665132708405935e-21
9677461553906837e-20
0.00010991002327459377
0.0006312492048096483
0.0001489726335112521
23324186041203343e-21
0.00033650585569641126
0.00015706589969121415
0.0004455603029118893
0.0002131753596643528
0.00029830833645272175
0.0011321065616579035
0.0007177519758403939
55787519066436324e-21
49188734638643315e-22
0.00019507438137544248
8222913644908309e-21
0.00033227498414780174
212177219656828e-19
0.00046183735169367764
39077748863429484e-21
55805914870243966e-21
4955980397264506e-20
0.00038884413503946394
0.00042034671337741
5934654107132769e-20
31500615799513656e-21
0.000624467685969702
0.00010896601666127924
0.00018231383656784852
7624597810602862e-20
16656940318430092e-22
0.00071440401244761
0.0010980247871897652
0.00014408534338356183
0.0003749868703059041
18135503828015192e-22
0.0001666019071065002
0.0004107193114675244
0.00015394245204720074
0.00024075347850124244
0.0001443288208642126
0.0003029180725447347
5100544158202278e-20
0.00013620736233083664
0.00023844257903544565
28157066623388204e-21
244110828311577e-20
30094985603357782e-21
0.0002613225750872239
70625619040382e-18
0.0018032462765080587
0.00042993819240491144
0.0005943641742417974
0.000736290454589713
0.000672180876896058
0.00010696208338908398
4031861744114342e-20
0.001875573977713061
0.0004469410324507687
0.00016482086313513423
0.0001428344914236691
7320587753910241e-20
0.0014575043692715704
0.00016310314284981284
0.0016088106241973585
3904828966676607e-21
0.00011196475198094899
0.0003882978204080207
0.00011893939945752979
0.0006812789962183212
0.00043396721162595905
0.00012261380472637407
0.00038411901487975394
6723016385021385e-20
0.0003076420287130468
3359784651636752e-20
0.0006150436271892442
0.00035020588566915626
0.0013987734823049233
0.0005954246984951887
0.00035809840834664366
0.00022484213363369683
0.0006955404175137628
0.0011175372557295708
0.0005965419487914787
0.0007274908813741926
0.00022270119475800113
0.0010095669725850682
0.0009714474283987442
0.0001471340756382628
68612541993724e-18
0.000707755190119352
0.0008411808250137893
0.000522550666627434
0.00017484715739131423
0.00018824007841115127
0.0009802246577018847
6968053604687116e-21
0.0002758729669593929
0.00021861667890438788
0.00018960310481231166
0.0006398281980064703
489715517878256e-19
0.00031442493534997087
0.0007476617229908841
0.00034540266539942504
0.0006739028524867227
0.0002523520048220855
0.00042981166691458784
1279885133774889e-20
0.00018841452678859173
0.00012314135727971493
0.003221418175139042
0.001096063182577049
0.0007950364516196162
0.00039449451515375744
6914909059195875e-20
0.0002803124065277956
0.0001219124571743711
0.0009275657795057521
0.0011718596833734218
0.0002607140669952064
0.00011751279194618231
0.0004173898978668473
0.0001359907389796908
0.00022550093250239326
0.0003718470649679044
8113092119809546e-20
0.0006066427909214064
0.0006641550615869133
0.0001597008245912836
828343681198638e-20
0.00011065107935183438
6438004048037983e-20
9216094528745358e-20
57597233993126806e-21
0.00019687481767162018
8922900812724589e-20
0.0006638243444625813
0.00035080234903739094
0.00014274739154410457
850651041133079e-19
0.00019821657385376645
0.0003241755249983655
0.0005934254746187452
30787183807046584e-21
8148120300104725e-20
0.00010212142534635987
0.0002675772386735305
0.000448487608704994
0.00013101225043471342
0.00029863767287374374
0.00032854854643590137
0.00043529772439068737
11972380023586963e-21
2106113370667145e-20
10282778568028965e-21
23235088700450465e-21
7650317174978496e-20
0.00022456979181767706
31133906576505233e-21
0.0002747320309971631
22432712269510738e-21
0.00020903548187851124
0.00011496605538176235
1038881965493492e-20
21998620557492455e-21
8663269936686243e-20
0.000442953857967295
0.0001595604431230927
8263614975872745e-20
0.00018226105787381397
0.00013491921556131397
0.00021926210028882595
0.0001787319062865306
2460177551936527e-20
0.00014399177267058802
0.0002615431508410898
4844792830910129e-20
0.00019190950635700302
41012077344691944e-21
24099569091474758e-21
54340607099460525e-21
0.00047775953434116535
3918901278816924e-20
0.00011630754503250212
0.0005239240361849966
0.0002578439339418273
0.000285867393863246
0.0006934464846617477
0.0001779337909498092
48563409351588585e-21
0.0003562429912831072
6206223784712365e-21
1857931966449979e-20
0.00012349569122057028
3220056612874025e-20
0.00034324501582198624
0.0009981459574349605
18469908548862112e-23
2961654377382786e-20
0.00013910223874808806
0.0001806339825171016
0.00026569484126044235
9916778897079763e-21
0.00010074299163906561
9309738046412782e-20
595610708113194e-19
0.0001792955612576764
16037801500302145e-21
8996146692875317e-21
5684914674891934e-20
0.00024876076797942506
0.0007325570732413812
0.0009083922957250878
0.00013345021053342846
0.0006554744467027993
4275682928352732e-20
0.0007254063363281184
0.00025326624432307055
0.0007157641385579382
0.0003425845097155728
0.0004206926549695366
1873296343629803e-20
0.0010191533736668486
0.0003653684081271939
8180596636061216e-20
0.00015105605052216593
0.00018092639507003092
4157245433314255e-20
4880638259464535e-20
0.00015488969161406
0.0005290526371013678
0.00019715745383789565
55998321415988675e-21
0.0004830397689154187
0.0003749034952546314
0.00040011525197034133
0.0005651458188260446
4591808289627824e-20
0.00026557816268108354
0.0002757411544860856
0.00018152380462413124
1816237355201367e-20
0.000123609665952204
0.00015166616396543808
0.0006249755308417727
0.0004335899402645556
0.0004761970832408553
8635090776276034e-20
4061907923056729e-20
5943309579571012e-20
0.00020497589528137828
0.00017380911326933022
20309299658386593e-22
0.0003587348900034289
0.00012240737107010126
7892439864442073e-20
0.00029511625448047407
6912286452246607e-21
0.0003170114146464009
10366874916228426e-22
0.00014071370982509542
18190928036777597e-21
5091435620438337e-20
0.00015973365830163134
0.00019829084099117676
7889163318787854e-20
0.0002265292839467902
50860894343812594e-21
15699394767665243e-21
2702614697406841e-20
5254622183979357e-20
9015719389708336e-20
9875799361690646e-20
0.00015899175099074917
7590669600533655e-21
9579415654743194e-20
0.0001447163975416664
15430975626815152e-21
0.000482225358580594
0.00027964485615558627
0.0011922851686074635
0.0002839272094930304
13398348956315324e-22
5739642125049111e-21
0.0005625903652465686
0.0009169182330069416
0.00023607491679165446
2316612603192173e-20
0.00010388223810240659
0.00018792296837359882
0.00015355873070107802
0.0004333570645560499
4634923105911916e-20
0.000322793191071011
5709354018581958e-20
6644796344820838e-20
0.000336637273183273
0.0002482074177929913
9918832295767918e-20
397828750741093e-19
28907296878379103e-22
3837810702675804e-20
0.0007636191447380807
0.000501785017595038
0.000714871425507497
0.0008025266331111154
0.0005089761396823906
0.0002879546453243872
0.0004157985230897939
0.0002916514714066894
0.00018275118813223
0.0001135762134111968
0.0025901520982558796
36243241392110014e-21
0.00043661944882338445
0.00036952255568137017
0.0011476270606218635
0.0007405947858971367
0.00024272807904813812
3337647777701564e-20
0.0009633255405460288
20837210124557078e-21
55530378176693796e-21
6359745630349306e-20
0.0003789171076451529
0.00020296616879849797
0.0002669470677501653
0.0003223806944905778
0.00017284230520488479
0.0008558289463402666
0.00023219321082276477
0.00029179053260462083
0.0004300213132356224
0.000506003031885961
0.00019286130897587568
0.0033277315725435664
0.00085455168765205
0.001242180309575608
5794052065950104e-20
0.00026027341282388916
0.0008428382336333844
14382237019567844e-21
0.001011296392156998
0.0003921775722690461
0.0004149918697096696
0.00011814820776993749
0.00016761543205808343
26659190910354382e-21
0.00018925851155176352
72344306877567915e-22
0.00024183958269447488
0.0008148673161333337
0.0003383708773207243
0.00023480666744081098
0.00047244133549518023
0.0012986841837019667
0.00011400414277352769
0.0013391430831991168
0.0009879097513411103
0.00038489054169928654
0.0017507352199044527
0.00036190141109888397
0.00022020617996737195
0.0003798462134619142
8403630953987255e-20
0.00021510482345005446
5087006046458853e-20
0.0005663287344562386
0.0019217116362780914
0.0002016404618064455
0.00025206534143114756
52378068151040305e-21
234023991865337e-19
0.0001147647018719435
0.000554579442979555
0.0006025911912537219
0.0002454720102337345
6096200934654605e-20
0.00011953706164552465
13959573456295094e-21
0.0007184801483218376
0.00010305976727245292
0.00046223192521570273
51683026063307186e-21
0.0003201001017579318
6262263453385123e-20
0.00048267877021282137
34832292197640495e-21
6507285863915575e-20
0.0004929104939783397
0.0010114297715339354
0.0002549161606220485
0.00011877401898709691
0.0002564205697452925
8379407157654121e-20
0.0003805493680721015
7714359382751497e-21
6008684889871736e-20
3819121074477803e-20
0.00028276510966736577
3917184377337396e-20
320887758831943e-20
9003126788574406e-20
2508773303248728e-20
0.0006274216778598476
8847642747117405e-22
13451656346369487e-21
8318959906915938e-20
26398044052454847e-21
0.00011332594141468486
0.0003531501998657479
0.0004445849536198906
0.0001607198622605472
0.00035933972096553453
0.000273876013620792
0.0003832978047869464
0.000549340734505148
0.001352511852524615
0.0007010781280820038
6291714815267326e-20
0.0011104493035566255
0.0010500159143302507
0.0010427198741156482
45411032127897725e-22
0.0005145666849005057
0.00023889473604492045
3346374354858687e-20
0.00012785345648194852
0.00016506016899482784
3109742682751858e-20
0.0005641151293088403
0.00044097943109259563
0.0005945820592271285
0.0008207523307561122
0.0019218083505584055
0.0009738528211932486
0.0019326511222288124
0.0015537337941319812
0.0015341643913793506
0.0018265938766922557
0.0011510681331296368
0.0039467654079778655
39723796456712945e-21
0.0029275208512675012
0.0012592796410615923
0.00012298401388994678
0.00022246460110150298
0.0003944515630745858
0.00041959437948030457
0.001712121868189465
0.0001878981704728893
0.003468224314442832
0.0035302787497740245
0.0006636545970923312
0.001893058293392388
0.0005666532479882738
0.00020085163778370117
6314828504257533e-20
0.0016969859929626444
0.0009821346027226849
0.0005409297291964857
0.0036288154069215647
0.0034998581368506807
0.0016656352957419415
0.00013269897091617918
0.0005601295971845824
0.0004598314552174047
0.00037674170939495493
0.00039183608970792995
3332523246941584e-20
0.0004527361991547549
0.0006329439741236858
0.0008190283353750204
0.0013230470851652402
0.00029815395139436195
0.00036498837986961873
0.0008701152044384913
0.0017632002653661413
0.0024703896614769044
0.004742768519777714
0.0002754400978727065
0.0004946925200324217
0.0006821734774224067
0.002866451319606392
0.00043056255300802734
0.0004928726512212583
0.0004935066433704742
0.0005495893530751896
0.0013291463901076998
0.0011145413709508496
0.0001572347246759207
0.0008718673253416618
0.0002678901160075192
0.00027519145796714884
0.0010239978532293015
0.0001125453418432063
0.0005695765627262238
0.0005098167298159145
0.0013123183480910762
0.000357587727383542
0.00075490096106607
0.0007139132779348668
3037968542422873e-20
0.00048298024300267233
45611859134490296e-21
0.0022070819274200154
0.00032684306358910935
0.0001472546840948543
0.0004276325110905277
702725897697122e-19
0.0005429382064237219
28526883710912716e-21
0.0017509803959978095
0.0017590840703382738
0.00034426030917560486
2904071096398093e-20
0.00021881051276561241
0.0006138551912832031
24349826900610817e-21
0.00047025564137823507
0.0009474012631156734
0.00010526397665502942
0.0014358890192981285
0.0003223073210918218
0.0001927469086765682
0.0013576951614449482
0.0008372074741760495
0.0004198431977415856
0.002523509557056747
0.0002272405759484256
42625748596166466e-21
0.00033098781930241376
0.00014021198242928514
0.0008964712492694695
0.0017829483209457681
0.0001611902465931065
0.0011598939531494406
0.0010961579035827765
0.000275752384154146
0.0004960851157924414
0.00011680301036094054
0.001904948491442747
0.0011371896015454695
8623919785876908e-20
0.0005405913595733832
0.00019098412468166107
0.00241608546448018
0.002294547889490166
0.0006153033337797856
0.00021613614054815628
0.00024355874564082236
0.000682106249757798
0.0006458059951913204
0.0007952229042467012
0.0004997863876046707
0.0009699210162161283
0.0003149062569564938
0.0018775689827567397
0.0003905608967850629
0.0010573118711147509
0.00020208723503611678
0.0030317498870721816
0.00679101420691266
0.004337325423718271
0.002810928686398509
0.0018784028110800314
0.00047402045520306954
0.0010484187690154394
0.0002443492957402664
0.0015520631246316882
0.0020983838209516327
0.0018197766358207044
0.004126847030434395
0.0002718231100244674
0.0003607672532061854
0.001258426802657637
0.0019092805428275411
0.0006740918054410081
0.000227496588611223
0.002670176755605078
0.0008875683467897198
0.0007204725604029271
0.002227855676436009
0.00020919346912835066
0.0018537578885167174
0.003566489824520122
0.003452341884715736
0.0015893019410341159
0.0011533628000811632
0.0003839015842003574
0.0008774429592420098
0.0013529591078242907
0.00018615061335771856
0.0008041701885693082
4494743893900554e-20
0.002059169855081336
0.002609966185070585
0.00010166845696112863
0.00024950407710960175
0.0005491834056409021
0.000657788294731236
0.001096193166588069
0.00020830893877030047
0.0003875204149430488
0.0004441829754959221
0.00011192874274099767
0.0007225891214885573
0.0002880937099449311
0.00021654369749217006
0.00020230821038105722
9114222669090292e-20
0.0001987393815355115
0.0008030953764289153
56681304902196205e-21
0.00038124014273372396
0.00010169532605252731
0.0004047337830578495
0.0017230303081054831
25524731208749355e-22
0.0003926662721813977
0.00021865451140543537
0.0003686308692125142
46905266160555786e-21
0.0008618990054003588
0.0017685054360057906
0.00042312502243668505
0.0005649878267085169
0.00023424530207907297
42040576768095995e-21
0.0005884448405579579
0.00016643016585857158
48238493952047736e-21
0.00019404741440695117
6920285578616981e-20
0.0002406563318088727
0.0005911929748096986
0.002273257121244021
0.0011772956807000608
0.000665749168801695
0.00049212577341146
0.0001181392685413093
0.002093613057954022
0.003331669295326662
0.002005099645080101
0.0015532346798784388
0.0011869713735790269
0.003032036017675771
0.00011508461376050882
0.00020179103334324192
0.0009996034524925035
0.00040233685283252996
3614339032906154e-20
0.001220959458979938
7358526842617989e-20
0.0029035864061200166
2753926962357347e-20
0.000746252114137329
0.0031329620403906166
0.00035648384076323854
0.0006268037850022466
0.000508062919412969
0.004319370000439681
0.0019362884476578008
0.0007144333902817649
0.003443830386291631
0.0008037092483857558
0.0002404482894696111
0.0002368614849187793
0.00015924487423484013
0.0002155132990873076
0.00015873333037981017
0.001913035115014231
0.0003178399625228926
0.0006993897613226287
0.00018212013668506504
2241936220104668e-20
0.0017656765305493851
0.002656724848978087
0.0013182246164543405
0.0002662089565525361
0.0002574646324043052
0.0008802790152553621
0.000164064581557401
0.00025929146611572136
0.0013009819902449298
0.0012269724557336845
0.0002391758017657635
0.0009750953900703566
0.0003756936232155682
0.0013729572354759102
0.0007001524072591474
0.00033167317744482586
0.00029599323743029524
0.0013703081346400948
0.0008572066543468625
0.0017822017154628124
0.0006311028906746846
0.00022058257441444603
0.00012086272068265659
12169416476758093e-21
0.0009440917669060099
0.0005133824083285502
0.001164164260632938
0.00012397574555767603
0.0005976789538584052
0.00030025059456972923
0.00010674973796082597
0.0001969658675107496
0.0006495568712405383
0.0004154613008202698
0.00022628656949004794
0.0004582867102424343
57054211386798066e-21
26204284600810094e-21
0.000148129112325045
0.00041690809541129157
8812104534602283e-20
0.00034766826724063075
7266833038313586e-21
0.000146763048406695
0.00023813740991169522
0.00035335895241054557
0.00018844876156404427
0.0003427384286326666
0.00027509597536625114
0.00021453288259081665
0.00012057803062917131
17097269932778396e-21
0.000240622402591456
3431656837843404e-20
0.00047649618142830654
8316431037809255e-20
0.00012079731332070826
0.0010764096186079793
0.0021334658829840355
0.0012413427875349536
0.0005850895466070445
0.000924878817596689
0.00029859556351629463
0.00019579737751292546
0.00091838253008823
0.0003622449628960328
0.00035231620653899715
0.00019395190113500083
0.000372911049668059
0.0001314408345619988
0.0001891307126469636
0.000628740667291781
0.0003134734537010144
31492794640406024e-21
5819937707676748e-20
0.00013510842103058878
0.00011587337269147975
0.00028376112366961816
0.00024850155097879854
0.00019961023082896005
0.00021988534967461466
0.0008755718473844051
0.001031372905974295
0.0005982815555133594
0.0007462200492630134
0.00019323403571686558
1956089111842723e-20
0.00038929417371497924
0.00018923213624009267
0.00042687363054948516
0.000625896857694363
0.0014287439622630745
23556104781918056e-22
0.00046030518157057915
4599490624830094e-20
0.0005954566091770945
5736836602464608e-20
0.0001545569744194065
0.0005655807215574784
0.0004896376117693723
0.0014526598632038188
5713386954030591e-21
0.0010032289730554395
0.0005632699491323074
0.0014665282801934007
0.0004975024350975649
0.0007495964455486991
0.0015205346685982905
0.000264364657778858
0.0012562445360000346
7814107419102695e-20
0.0003561024592470831
0.00010904309802087075
7295082225727289e-20
0.00015149981535255653
0.0008988498310506886
0.0003240285327967755
0.00023838144138753147
0.00026171459223554123
9376427261933846e-20
0.0001311536258976552
0.000340124506494155
0.00037120057801620047
0.0007655199935572871
0.00010463116111993447
4848910314236203e-21
0.0006445800191604797
0.00019041604978325545
14000703362930241e-21
0.0002472625400091572
17501406511232083e-21
24481463691244267e-21
45858721149770224e-21
5909459858213399e-20
0.00010542202097565949
0.00010258888656098282
0.0005198828057389694
0.00029276092493746693
0.00018773062033098178
0.0004757310191960503
0.00037331680492905614
390526974346039e-19
0.0003459456875004793
0.00022276702023208396
0.0002767609431255067
8346327751848323e-20
0.0010583465509347684
0.00028199346105266997
0.0010323387923180847
0.00013557721806560044
0.0002854479659937435
1707041560029477e-20
884462001251945e-19
10009213450946393e-21
0.00012221209245271314
0.00016713434581068525
0.0004158039918062959
0.0011438295269941862
0.0002147125307805555
0.00023959310369856484
0.0001325965899261474
0.0012338130035277387
3517050974469666e-20
0.00014412867774490042
0.00020851338767380502
7460233505563909e-20
0.0010040812083994886
0.0013791336217849478
0.00020457202129717632
0.00015823641359923653
0.00030874214182193856
4876904457280985e-20
0.0014553866951088543
0.0012228497690571433
0.0010832849094419277
0.001211635491467312
0.002024929009663169
7407621076671455e-20
0.0015336924350985736
0.0001865678651768846
0.0008709921249481163
0.00022031048790074854
0.0011223146715575694
0.00023594186342065237
0.00040922137986294365
0.00023404572229642834
0.0001285223973480809
0.0008997113944329018
0.002665352096719357
0.0005658845245554865
0.0016847364968904026
0.0002592361915517047
0.0005543064692321276
0.0007764418932386513
0.0008544665846466463
0.0006065043567466921
0.00045308229326532283
0.0005475035247606716
0.00040629551192727096
5510057542549762e-20
0.0006005897213335531
0.00010943239943508198
0.0004722648906135827
0.00021843221800240943
0.00035415546622249793
0.0005241822983153637
55403996249772785e-22
0.0004115407085396141
4195026323463779e-21
0.0005725781378635907
0.0004158113734900642
0.0004159868326795746
0.00015429911073883617
21046074810124443e-21
0.0003752533667397977
0.0001474267365405337
11529909279696446e-21
0.00040188346466065946
0.0002048272513054564
16953859544086318e-22
9308250772093122e-20
0.00017282164288205556
0.0015599049446421817
0.0008572096610125973
0.000140158904026487
0.0014084247805549181
0.0003350174622163007
0.00265502673518793
0.00024376337095724596
3178881940233322e-20
0.0008640452083105083
0.0003594104277081651
0.0002101547696823206
3166840218706889e-20
258964172776283e-19
0.0004968261802248501
20961075553384852e-21
0.002460659313850751
0.0001448530866395121
4615134061948784e-20
0.00320491876294902
0.0026060866246487096
0.000803350455362974
9868210216704365e-20
0.0007184987708527043
0.00039874850838701666
0.001104398041004517
0.000736040595027512
0.0007492701068348735
0.0002674340834838604
0.0006637650410596996
0.001705196845480291
0.001089773781838831
0.002548903552229919
0.0027281997787333484
0.003910056782334237
0.0038289341276985423
0.0006492033434086414
0.0010892199255028146
0.0005100141724121776
0.000695164654229872
0.0014452213013001923
0.0024070178783167314
0.0013206961332030349
0.00016539029480504898
0.0014285188049817548
0.0011456566986158899
0.002534924922943767
0.0007456715585528832
0.00020598531301425652
0.00015747388645784646
0.0018262420945097829
0.0011386892272901127
0.0004366004916299942
0.0001787882043926769
0.0013338771113594924
0.0009986377811893737
0.0029262285150170714
0.0008058124999032693
0.0008451567043039788
0.002204642971201849
0.0004961358438853478
0.0004913580633627362
0.003389487403562913
0.0007489118641264911
4784805679681392e-20
0.0003102383596857788
0.000765599838261973
0.0006278620322756939
0.00029311349593262836
0.002388186863823216
0.000659777994848431
0.0005460888959901455
0.00012604254567579292
0.0005663920546266792
55927044078718826e-21
0.0009125337753736262
0.0008334377539096237
0.0001712634867581459
0.0006515347135108046
0.0006577444427089474
0.0026331844853613165
3769990568494062e-20
0.0006556430573148906
9661944527683024e-21
0.0002719728016673182
0.0002861644479086807
0.000408317224894069
0.00010913763286988482
0.0007060105404486569
0.0001881177145077412
8055013808868563e-20
0.005387378680104094
0.0008994514837376134
0.0011183786572604758
0.0005964359821788272
0.0023910398925782103
0.006106868785287735
0.0015014995296924274
0.0013653024440005387
0.0007588089492515373
0.0020352300680650964
0.00015420318542931722
0.0003717139372107466
0.0005635823992969491
0.00504456863052745
0.0018135361612555245
0.0022118096540898187
7320212727138505e-20
0.000167373439510533
0.0007705935124339272
0.00048048789629006954
0.0014863706753616812
0.001495212596662689
0.0004969851251132205
0.0007518513098510274
0.0009909751614599206
0.003180436475382207
0.0008351459976850986
0.00027290248256425846
0.0026356656636456
0.0018062089760287644
0.0008768483396963515
0.00013478678660438885
0.0008869678296004804
0.0018205926534063234
0.004954641532340334
0.0011030762773846423
0.0013967248577116697
0.001462379313217752
0.00019668661979040206
0.0013224712308775566
0.00032449758750020715
0.0007597262807823007
0.00039393506072850793
0.00042559817975051776
8049309773569043e-21
0.0008272629885309422
0.0008923865731733468
0.0028457211216137983
0.0004189360723507507
2817515749092181e-20
0.0003793875800580871
373711570080191e-19
861087738960248e-19
0.0005454962765863812
0.0007914353303441549
198143963372079e-19
0.0006566034134362989
0.00023625398885054202
0.00011813801124506526
0.0008914558605757872
0.00015717817422662939
0.0007131189750915362
0.00026186438629722305
0.00019478240960169206
0.00047021362004586863
0.0001436907756449212
5473022057513015e-21
0.00028786062707000993
0.0002833004162651185
0.0008465159972716771
9379779897803951e-20
0.0004008034616246037
0.0007169527483424671
0.0008805262997955833
0.00265010583373993
0.0013134366559740351
0.0008867417039355986
0.005720389185620639
0.0006491728477953192
0.0003107433924436005
0.0016341083410853785
0.0007610192965475591
0.001443231055039117
0.0007540275277311517
3241814888790749e-20
0.0038752392296491473
0.0011437173143431917
0.0009425200798727536
0.002346043583272947
0.000159551223739484
0.001148313458463941
0.0015581901563123562
0.001027588544101974
0.0002871759910455407
6356471594895514e-20
0.0008833643490985943
0.0010810365766248003
7055133615740218e-20
0.00028566333580940634
0.002038337653976133
0.0007267811038387936
0.0006319995525925366
0.003386688461459475
0.002022688739802309
0.004580426947072332
0.0011582690303900945
0.0007244850495972736
0.0018987317601595654
0.0003138737305062768
0.0005307333145800172
8865682961789567e-21
0.000460313636943785
0.00044713668243973075
0.00038668339207468627
0.0002743848168603365
0.0002613385061254358
0.0007136561450099033
18429242589516213e-21
0.0014258054203048396
9520543359248087e-21
27351749520447402e-21
0.00021154479907507735
2832416636222995e-20
13736028833936708e-21
0.00028275650081604933
0.00046355143052284755
0.00014555801070206074
2188430170387679e-20
0.0003303195473297871
0.00040585767495782566
9193214775291224e-20
0.00020946740550778208
8967243505751816e-20
0.00012040182986507245
0.00043038882803069574
33629849950087646e-21
778034678037129e-19
0.00020377595184008937
0.00210725762566026
0.0016988716739108468
0.0003633886666863895
0.00022570949319992894
0.00012651450497544768
0.0002164049727290557
0.00012483038970167735
0.00026573563316716086
0.0003025131887140443
0.0007670256388882059
0.00048682365392001297
0.0023386557980351295
0.00056957058824402
0.000736254892151217
0.0003002174915552256
0.00043279869360588716
0.0010151336024956238
0.00041429415253184935
0.00038419792425522663
0.00044697397148381584
0.000847667656160486
0.0002909464363706971
0.000811653025196927
0.0005133571993935221
0.00024170792734928286
5716826638141596e-20
0.00044300229017710946
0.00040466306048225786
0.00022366632932234502
0.00015627082710020838
0.0003100055205645389
0.00015413187869623538
0.0004263871642005568
37900713811133804e-21
7892054303315799e-20
0.00015834086733570665
9553101404677011e-20
0.0001910879982294793
26178953475327588e-21
0.00013190985515987966
0.0013557713885553133
0.0004368066095809149
0.00026160102912080384
0.0005257765243198888
2864710663971397e-20
717361745649138e-19
0.00011614026340543166
0.00011169799935087318
35553109191560284e-21
942983465224184e-19
1678811079166529e-20
0.0001204355398871271
51364032777331134e-21
0.00026201636682486183
6400020859622182e-20
3697766193846891e-20
8906357452626357e-20
0.0001828600549684587
0.00016293967112038612
0.00010092535698258047
0.0002467879676732779
41296322036276476e-21
0.00023135413760327008
0.00020440849095915728
4068813329003384e-20
0.0004119760437185628
0.0012225514702726605
0.0004954540090150504
0.001336660058051424
0.000517001531442423
0.0001950353725124668
0.00103964595629626
0.00029584831721424226
0.00011760360762735364
0.00022123489514264436
5848540581945857e-20
8493028695092322e-20
0.000342068909767811
0.00014033310397909278
0.00032051613049439883
0.001480358486176697
0.00019783998315943055
4828858423532732e-20
0.0005119544679241942
0.00012961252388795483
7255363954748312e-20
0.0003227055911930196
0.0016725814066368087
0.0002486344599171029
0.000287357363079353
0.0004052960449285208
0.0002139690559362862
0.00023206413453638936
0.0003582911521420325
0.0005250346216063548
0.00041598223920094374
0.0003465940014995862
0.00033056766368642855
0.0001072648862635549
0.00013083940417233462
7040796453953482e-20
46607048590597017e-21
0.0001331657235603895
0.00029475603823629593
0.00017087849598354602
0.00012148637632010708
5655183105815005e-20
8382230802381975e-20
9944680019454367e-20
0.0004171767562657924
0.0009648684676166976
0.000397187941884552
0.0005065113813264186
0.0001549874658960462
0.000382281240599272
0.0005275154162909631
0.0006293150987975217
0.0003167318921095833
8282616453093056e-20
0.0019599862786604245
0.0021775024042874893
0.00026805043792302156
3761939663482569e-20
0.0007560520443794299
0.0007039340212103605
8738946189427534e-20
0.00014208407332760015
0.00013012753708788305
0.0008890093653358123
0.0004213923138348248
0.0024289895287677448
60437210027204874e-21
41313349990760395e-21
0.0033452774471401793
0.003866283249091904
0.0019260221587310013
0.0004728322124657518
0.0009226209092352954
516015481100461e-20
3972221652494318e-20
0.0002978020901410858
0.0009127354374916288
0.0032709475981959495
0.000689453208262313
0.0007007289869268077
0.0005900068202435017
0.0002472256640152821
0.0005010970768064624
0.00018971283447055177
0.0005623868596882278
3944229504992502e-20
0.0016630325543272745
0.0006562987761695169
1602347456963042e-20
23646214403840805e-21
0.0009526551041962895
0.0008061492194577823
17902267471834449e-22
18740190497238047e-21
0.0005738353503926752
0.0004040272437345283
0.00010919798636373702
17427256975664348e-21
0.0018732044389309383
0.0007077814263086818
0.00013233826968968144
0.0001180341058316679
0.0008151086502569147
5307641990024039e-20
0.0005123404806378613
8432573798508948e-20
0.0001228242645396065
0.00022236082892673374
0.0019096581470294915
3694535659458701e-20
3429305067644476e-20
0.0001780736679731476
0.0005622376740060871
0.0012141328275513219
6998021378958455e-20
0.0006384405355081745
0.001772665621916339
0.0012901381059660236
0.0009581544053779081
0.0013619575665312902
0.00042298459000700083
0.0010137753913874224
5449324666569181e-20
0.0008306084798002816
0.0009711959385771852
0.0005389926724480547
0.00025856076720520964
4179546379110895e-20
0.00021493027109251728
0.0024098527800194523
0.00012286084511978494
0.0004391689412287606
3286890125619565e-20
0.0005946755410137854
0.0006226139520284948
0.0016935970409006566
0.0006849889694485582
0.0009109144708326795
0.00012157522564806202
0.00014029412979964289
0.0003973028412552198
0.0007930987355643264
0.00014244794067429218
0.0004594427311267696
0.000433892067160209
0.00010237215204381978
4644254500655714e-20
0.00047687925371498895
40806838300292554e-21
0.00014573478216251698
0.0007171429054124406
0.00012211098281268546
0.00028685692200036206
0.00017916290366561843
0.000478247594573742
0.0008566589084969589
0.00012923327779687318
0.0006540524710096021
0.0006777759716936129
0.001070364974084397
0.0011114080554568194
0.0028218313244864524
0.000816519897328057
0.000417855117856822
0.0007094640446378111
0.0026983878343587336
0.0007106003923750542
0.0006044164589864599
0.00015931468253885077
0.0004351004612667145
0.0016907641110070998
0.0008251500466331632
0.0005163662064385651
0.00043787424909405955
0.0009587422174085307
0.0014981858616492
9952158771456705e-21
386704663413454e-19
5609576686057419e-20
4392201683937672e-20
0.00015873550869641213
0.0003600714868127995
0.0003584991524849962
18871175384179537e-21
0.00032758328365615835
826792757547694e-19
0.0005659440810052386
19919909927634705e-21
6882102335753396e-21
0.00011527879195332534
36224736911613325e-21
9908562409034722e-20
0.00021553050998657786
0.00013328870897818051
0.0006920158704883836
0.00014736792133607392
0.0003941851125354355
0.00012033763528045995
8461575651852487e-20
0.0008746603074194195
0.0003734390672228687
5269150611892965e-20
0.00048262047422546197
0.00011851063323441571
5713221113771879e-20
15493865624059125e-21
12787541157350642e-21
0.0005143968015328036
8868147706198684e-20
0.00011688877406526127
58938044084144156e-21
0.00018837495629294324
0.00029717422378335815
2536316458567505e-21
0.00030670206729856234
5779365525798736e-20
3150986516176707e-20
0.00017817277149677729
6568601219298852e-20
4618066826746232e-20
1428146403509826e-20
36730931519478506e-21
4085638076586583e-20
56987019917343025e-22
0.00017893845944091358
0.00010875077118958291
23971418948338113e-21
0.0006061051095321439
0.00018249478311206874
9187566038774637e-20
29195913332802703e-21
3388883813695007e-20
0.00038412625982690336
0.00018512092332602354
59009588387064294e-21
5698083753418529e-20
0.0001239759318879932
35426705397786836e-21
4040506820198997e-20
3765196050687135e-20
0.00016668541141449432
0.00012960773398498066
4358937506271063e-20
18117583003389583e-21
0.00021281283485632336
0.00029820166349943107
0.0005904768280303403
0.0006608663104108774
0.0003924031461519267
0.0004895300546737308
0.0005056649079030562
0.00024295410075450137
6493984413226658e-20
5990435206420941e-20
3211581852986125e-20
0.00014058850545596677
0.0005411724156425425
455582992209334e-19
0.00019216960833269992
658026786710509e-19
0.000270992443802434
3196205803611075e-20
0.0002895239270009252
42804260681158265e-21
0.00046317142965873216
0.00046334220876926316
0.0003724042201889605
0.00017311664670614186
0.00017069196934202816
0.00043317580994882833
0.000979180182659376
3011716877288804e-20
0.00010017896982894011
0.00014404154884762048
53117580385229405e-21
3534142529284053e-20
7238879233442802e-20
9703517288818725e-20
0.00016969781871915924
0.0002775294400667044
0.00030377035571405194
7077307291360997e-20
0.00035796874924642403
0.0001680444999431535
12751516868903347e-22
9706940082648092e-20
2603340167578932e-21
5754338452609336e-21
0.000121988686460271
801237870752818e-19
