0.0019175118549287517
0.00037538510368539333
0.034799259996853835
0.009842815357294362
-8875108744127105e-22
1136222309970475e-21
0.0007647562668954476
3753037864725013e-20
0.005911146738009715
0.00789728753924034
0.005588335078992073
0.0028157445662545565
7019995282836043e-20
0.0031607277563977525
0.001145130000431751
0.002098938690438431
0.0018260999899122417
0.0008584850116464929
0.01995318398454173
0.0026569792130659705
0.0012077598123809896
0.015411893577833657
0.013621156629596351
0.03668072106425629
0.00032407261942948433
8679419692082137e-20
0.003188649723193849
0.005441089858878552
0.001003379118308626
0.047341398345854865
0.006462974449041536
0.13392929796093572
0.17823238181080614
0.011610450879988703
0.025551959557359144
0.0030854657346833874
0.05271034963029182
0.0001963962343977556
0.02673469439651628
0.05120778035249097
0.01854320728116788
0.0003099008079850048
0.001773486333853532
0.007220947543060936
0.028750785053978194
0.0020228755925947675
0.0027286896123308864
0.008851402039433284
0.023060133667632498
0.0004548295713506936
0.006460866564624286
0.0009591962262951588
0.03951253902873892
0.09475910301718579
0.011253673429924076
0.03279563440124785
24558241902096908e-22
0.0037810868033239394
7535247801745433e-20
0.0003541433335921853
28276657539862e-18
0.00018756808272372491
0.0003654145045441711
