-4851973205010687e-22
0.00016501794457202584
0.0010939818396497303
0.00040430935924050013
0.003549479137068041
0.0013323943379928583
0.00302918687080251
0.004327528941016239
0.0017761184025058884
0.00025209008699241176
3947815987003413e-20
0.00013429330956561672
0.0010987791044802634
921031381104043e-19
0.00043697448702611266
0.00034121195495797447
0.0005311325373724066
0.0068917192279011625
0.02512272598695747
0.003706026379389274
0.009750187043393924
0.0011398943826336479
0.11079088644068169
0.00013507577009697438
0.0014251070629872449
0.05057325459450928
0.0458933182746521
0.02936898813926541
0.005915465563443385
0.03156415659536886
0.09622089106066782
0.0015772643564299672
8632511957046481e-20
0.00047704788099314516
26705335852064573e-21
0.00488319321390937
0.0174377200758786
0.03539585212244749
0.04376110885785111
0.11450725103560236
0.026224641609683654
0.06198780146843542
0.01178707176687183
0.002538832088645637
0.00860297299569083
0.0005286248676787208
0.0886193539520931
0.008297963783400348
0.01766870696920557
0.00018010101535922737
5833136848833579e-20
0.006171270487159999
0.0005467553880224854
0.02298101750688653
0.0027759080025461617
0.0002521300971778633
0.0001143324903601874
0.0019080246846893416
0.0010614596382694085
0.055574788488228534
0.005245439315609467
0.012343450284713165
0.0031056901722074774
0.002844609202826037
0.0026591423424272434
0.00018088892174104065
0.00016783181087900217
0.0002746304122441911
19276128535988646e-21
25445204817723343e-21
-2513992796404834e-22
