0.0025103022257917866
0.00037192472693183546
0.15416057452613774
0.03509868219001764
0.0007326169940972595
0.07293456300758287
0.06809631202556077
0.06558378434552574
0.022452410351837572
0.05921203937295988
0.06259067313580086
0.016355023189877728
0.03778208740497578
0.008155267779605615
0.00027832884869241625
0.03848864429908474
0.007188830874962319
0.005372988492069092
0.17256116265064847
0.0005706862222206545
0.04737986894010037
0.030533650457599055
0.005752735471105828
0.00014856564097015773
0.0016337327013513133
0.018200957304118835
0.008260224613774625
0.003131526059070498
0.04320100591687111
0.0008525516984136635
0.0009943161407822145
0.001133427991230358
0.008280534400227723
