18480491135893648e-22
17296503303489453e-21
0.00013749019541055654
16858844819749456e-21
718710266907113e-20
0.00014540347278819732
8385474372445325e-20
0.00036398580929903403
0.0006959870160442391
0.0021557266191629845
0.0001375976711090458
5002469437414421e-20
0.00014681151666063786
1749837914264534e-20
0.00021724020600787574
926859633906013e-19
10708191712544419e-22
9779306953952716e-21
0.00061322962976285
8117175477896578e-20
41087340674973334e-21
0.0009546285360935939
7196386282442996e-20
0.0005046104152024961
5699092476909842e-20
0.0001734505766442517
37871334319529163e-21
0.002812263357209773
0.003955389142492166
0.0018265177948413953
0.004365821987759439
0.0007966911511536417
49837446197089446e-21
0.0004943882161411523
46881391575048015e-21
0.00023708074340708426
6500918042662611e-20
516088749547125e-19
0.000734968332443951
497896645321818e-19
12472315555493046e-22
0.00044280810587434417
0.0004525626012372354
821386597695036e-19
23320061929097515e-21
6419566071573141e-20
0.0002395169590242114
0.004349475702161477
6652501752046116e-20
0.002061312905837014
0.00036941219532028556
0.0023172515090974888
0.0005601891269840348
0.0015648176360559417
0.0003192758987236578
0.00017555078582072537
0.0035110512069198717
0.0020683371784521935
0.0007307907556260981
0.001418810654083928
0.001315341718042273
0.002078080415384127
54455127985103573e-21
0.005538847342261115
0.0018321842285381929
0.00015352724223111002
0.004955107549747449
0.003701231252114907
6451033833207402e-20
0.0038023165536365225
0.001134459574414996
0.0009381707547983258
0.0002266630146431052
0.00011913088977414692
0.00045746632915526686
0.003931382605894309
0.0010627403111807014
22922122029127647e-22
0.0003244427943144258
0.0005985010071169071
0.013214528121709325
4998156083251143e-20
0.00225673953854404
0.0037665697003039325
5257392949040778e-20
0.007047400554290341
1435714575261928e-20
0.001618649221816846
0.0024441951608110595
0.008760289617508202
0.0002506333808947785
0.0014033102648421504
0.0026628458351776615
0.0029002740631901953
0.0001268897975284366
0.00021144828699751485
0.0003403835039022329
-7519539438777466e-22
0.010648654635208093
5609630737613511e-20
0.016591954422368216
0.0036050052547891643
0.011331156820396631
3418339974440164e-20
0.00021230399417229118
0.0004215231907131445
4558504158350803e-20
0.012234298007665585
0.0007276839112971562
0.0022460010853555122
0.00159137976761652
0.00024805870986072034
0.009771373205604533
0.0001568394493594136
0.0027904996181663693
0.00011280095701412977
0.00017569511718747063
0.0007838966840780716
9325994618132267e-21
0.00025726441026939864
0.026768988303157285
0.003562875817349936
0.0005117514272015745
0.01041342155082182
0.00464442876793373
0.008006921319597574
0.00015007563679420136
0.001182256136139318
0.020359875427977885
24818912112358893e-21
0.00024776299241730757
0.0010670834661938356
0.0001630839466277877
0.0004703478977825212
0.004328510826186967
0.017590570194259136
4572226603210499e-20
60215964157373764e-21
0.0011205425116751658
3817774141731922e-20
0.0001929057543237644
0.0002590088602537156
0.00017175093618129164
0.0040377925013197575
0.0012751757047224982
0.00034586434735795667
0.005445031843132897
0.017148501345027996
0.0006771027123711812
0.012503441586863314
0.002233622261988956
0.002014052095265786
0.0002813964721288961
0.0009732901047414553
0.0013209008340972802
0.00136634161030929
0.003938455860794968
11723924057894545e-22
0.0007789689034393518
0.0006030072036238783
0.00315006603841962
0.005502131327265991
0.00016833578162586126
0.002723758724571234
0.005952705598875154
0.0008713992202901005
0.0008883093597865434
0.0014261319456197986
3915803519099122e-20
11685082861413619e-21
7913547763733696e-21
0.0014266049342871593
0.00025283177914969167
0.00509052564841802
0.00273071337925679
0.00037102085228747574
0.0008835953729518541
0.0012432297167060643
10936765156736766e-21
0.0009413207389159412
0.0005322872257508433
0.0022923481501146044
0.004448433595836273
14239359393449077e-22
0.0016170382714225096
0.00596570503337798
1544956584203555e-20
45233816136425916e-21
18957823563506296e-21
0.0002232294021552181
538659028553874e-21
194457339140541e-19
0.00011826625550221008
0.0030316258223381585
0.0003915597983037735
628985740541804e-19
0.0008899316023403591
41173809051231656e-21
0.001800587934584153
5166782458679067e-20
4533236687930331e-20
0.0009130641890702025
10886139152329615e-21
26741363407579047e-21
0.0029032412931257225
9374624291592053e-21
0.00012890585778703337
0.0013699471833451965
0.0001146810958422253
0.0018724167292584108
0.003416109897411213
0.0028184821590785183
0.00021647301811988392
0.01321688766790835
0.005346427268675749
2074697782243514e-20
0.001131943838942411
3856446802242255e-20
12356686298345719e-21
0.00011993297251240817
0.000806453920323703
0.0005916120641653548
0.0004973125878435123
39620240765789386e-22
0.0008266975983944199
0.003963153109625952
0.004002838150231672
0.005382723258538961
0.005864264988439011
0.00048000720402492354
346871324656402e-19
0.0007145884200839244
0.00990003208717716
0.0022724850699164098
0.0014118114244398225
0.0013417447953321525
0.0011230766901113673
0.0011817478309909442
0.006695132918300568
0.0016681247738783908
0.0025103627700121776
0.003919535233985742
0.01012032693325975
0.004904275118107006
0.002648730714647486
0.0100937941165277
20615162093827605e-22
2922764865048081e-20
9500958948126617e-20
0.000354472029360424
0.00025699205859403424
0.0006305748030999024
0.00017876512061580229
0.0006173962798226706
0.011289206854677878
0.0031494939509766865
0.000199339983168426
0.001182090335275382
0.004296957642371596
0.00010367021171783151
8549222884313199e-22
0.009040544835746796
0.004846690341725328
0.005872454152988104
0.0005786652369735147
0.00021413610669321882
0.005575029010499582
0.015790928022137544
0.00012819161471513366
0.008050902254765511
0.0024835742343886054
0.004134247445602658
0.00014009137509752459
0.0008433672934667243
9153973039522194e-20
0.0003518042197479504
0.0025338869592531122
0.0014525083378164995
0.00022931305496514938
45462575489407205e-22
0.00039915164800863936
0.004578602079420802
6726569697814419e-20
0.000556739332062576
39577841297196314e-21
8283147244016659e-22
0.0012963344413693693
0.0008474429236637979
13358521422590135e-21
0.002578154675451053
0.0073868528386190355
28966523475032656e-21
0.028933606316162333
13302448086623792e-21
0.0015210463102018914
0.00014227395974800817
9925443233165748e-20
0.016586306741230916
3592956240283709e-20
3596517422639919e-20
0.0001890376790125437
0.001984506602494164
0.010612410505972192
0.00046614808504210806
0.00021373593918416926
0.03930015972234977
0.00014724676623235848
0.0008960964987105851
0.002683806027800038
3062599686473299e-20
0.030290933023390035
0.0024396465125880408
0.0001738660619870288
0.00020242646844550742
2276641647841369e-21
0.0001280511687429431
0.007583255720456369
3244124894089531e-23
0.007152192717832673
0.0016099334714747783
0.004168000309414611
0.0020336636435056613
0.0032195096515913904
0.0018553656539838546
0.002738900405822991
44491537988334266e-21
0.00040278400984469244
40296317890488064e-21
0.0013925237052226157
0.0009980543047720287
0.004158237651804017
0.0021751461380145254
0.0025393331717243305
0.0022367795745960864
0.0001334504267873506
9281458476792571e-20
6206993302231214e-20
0.00048014037588627696
0.0026808417101288474
0.001946055782015078
0.0002414096643753908
1280116353984433e-20
0.00043153475778823913
0.004980584538226275
10800678035364775e-22
0.0026780971507609
0.0008100692861986863
0.0022547868569825283
0.00027844559664969
0.028700614937924338
0.0015956864357649391
4292310240126401e-20
0.00021202529982794344
0.0008409310575699442
0.0007247235677803994
0.0012124682036819294
0.0003712512118743335
0.00015654192865091412
0.00019341859621618758
0.001315552878975708
0.00012615927437894324
0.008392616831838942
24070583944138417e-21
0.0001987376511268112
0.0012689879474537579
0.006342289698219494
0.0009969109566507095
0.0002512905634786256
34418654620918854e-21
4014908649203534e-20
4739062696563696e-20
0.00010268953760892108
5338152929565579e-20
0.00109810516141108
0.0020700500547858954
0.0048237341706297105
0.0006464904099759975
70669199869139845e-22
35662265646812895e-21
0.001320659055194956
0.005916350355202139
0.0072332291858301905
0.00890874041153287
0.0028703328694278892
7953355493347462e-20
0.0035106882998441813
0.00035454441001864706
0.008264430259220313
62570926065187e-18
0.006804943987212486
0.0009796206967163021
7645199926006966e-20
2580006934684624e-21
6618376820948841e-21
27372957672304124e-21
492775950700551e-20
0.006055032804484258
0.001352858443227597
29312845975114186e-21
0.00046887801734204777
68617448387324e-20
0.002915861329119075
0.00018986517563587292
0.000401345552514573
0.00014215502245184565
0.007722520218457163
0.0003527948996314127
17024099207157695e-21
7208600768197335e-21
0.00023620495256987422
0.00018813594615946507
0.00037459685913747914
0.000531620498725906
0.0003858332056883967
12855089569224286e-21
0.011460557574560354
0.0003339387839951638
4809627768903278e-20
6633198418332175e-20
0.0024990773465446373
0.00014199296849207684
0.00035730177689923367
0.0014590657392760395
0.000664784386362911
0.00023509374742131358
0.00012363298486695525
0.0002988519042493239
0.00019703922111794268
0.0007607035623307759
3775903553916166e-20
0.00018921322123516474
0.0003113855692218563
0.00010958368448161182
0.006199209362575788
11628844819332075e-21
0.000346871098208904
0.0005805113544958328
0.00037339985813349645
958047227376863e-19
0.00011945955737483045
0.0012600785249784778
14106354011121894e-22
0.00021953454880980648
0.00019337605148677346
0.005344988255101119
0.0003494361472363362
0.0017972840294699444
0.000546220966961571
16611013122949173e-21
16563269851510373e-21
0.0001827541729071917
0.001845891476425388
0.0007888856377192433
0.0002225553374240317
0.0017848872911196156
712464369273985e-19
0.00011738387320614175
0.0002556597061057146
811827029530964e-19
0.0008585463198822029
0.00018619134722326348
0.00016566702797498717
5546146843681748e-20
0.0006571348578663886
0.0002435558573701114
