5409464800565134e-21
16137613958100873e-21
0.0019899192626701575
0.0025435784070366473
0.007433526812583422
0.0013040919634725464
0.008842774429115439
0.0038733543410272475
0.0074528317782631935
0.003943254078050728
0.003425456039044029
0.06993506249088474
0.09378729749232584
0.004677511550654096
0.004858583541070546
0.32146495764878136
0.00014934682916867409
0.0008999363437354278
0.20140286534598767
0.03010862305284402
0.020736012200108504
38415281845682756e-21
0.06170698172980861
0.0072528393090749085
0.010592442654061002
0.08331124208791135
0.04478690155791627
0.0009203542364507098
0.0018765922599576915
50291072282999177e-21
0.0006134091251076839
