28304975986798035e-21
0.0008998905628380848
6962075574408447e-20
0.010678219324674812
0.0019684207606356975
0.0002359323883184749
0.0016415713811843073
0.003195619594879076
0.019800486395095063
0.0010434395460115664
0.004399297714602852
0.0015362547436204872
0.025615803921767148
0.0024488206335872686
0.0007277719636563755
4073475835341378e-20
0.00031724993200671575
0.03219309886660864
0.010042922546343884
0.003418940359980773
0.0004940954693298639
0.015405905701663813
0.014839997174194628
0.011110094349341765
0.0005084798576199072
0.0359202818741553
0.0037204703060970522
0.00013087108392784375
0.11181639649887944
0.029191255866373892
0.05664470883826283
0.013235950653986072
0.022552153773265304
0.006828535897898206
0.016201619294533273
0.0026321693528528842
0.0010219306057727133
0.005123649303033331
0.006276232759196079
0.014931489540216723
0.04004864959828547
0.028943658085190598
0.007067029873870138
0.0011116245489427364
0.04119729340619096
0.0006308575372806767
0.006552058306187479
0.03449461999526787
0.01382473910487499
0.0017746348858907975
4139884525233224e-21
6766955463300855e-20
0.032953487696220446
0.005174447966090008
8246901450339194e-20
0.00021642361414548686
0.017014908545651793
0.00411635983265143
0.01283835145302621
0.012828340761969249
0.005556021674340189
0.004478623519662295
0.005187879128841275
0.0024471807885573576
0.04660798508107485
0.0004094556552966839
0.00793500260387594
0.004230721601525198
314081918976781e-19
0.003458375074558974
6350623475258591e-20
0.0006398924160929156
0.03203091180190023
0.08298462276213059
0.0024512083003390985
0.03541147994305694
2459979720477551e-20
0.0010556801434431914
33863405141476805e-22
0.005836904400228742
0.00019586917123293846
0.004018860175920881
8399837901520082e-20
0.0003749334765724645
0.004327232378622366
15034008415056036e-21
0.00017735637162525085
12109685380396942e-22
53264926321054066e-21
7694169254847009e-20
