10192513539121831e-23
-3399132347824684e-22
0.00020577431489134424
0.0002382581102497401
0.0010969402144437842
4021690942878789e-20
0.0006712876635355418
26232939108714424e-22
0.005852552927503158
0.00297483558564894
0.000848661156371071
0.00037255636371529005
0.07424302413059906
0.0068911226408108995
0.015139123662147052
0.038710485128422775
0.03269880244157418
0.5963890792042553
0.011505830183815312
0.0035557791642413846
0.18581284068834059
0.0031180980152623106
0.00018016618321441862
0.0020859154091141864
0.0009062073225706548
9790591400338878e-23
0.008721727467052765
0.0010704739056895563
0.0030236517987607373
14660339333904683e-21
0.0036294458572815763
