6413244632496307e-22
-8751956472214305e-22
6145656501232345e-22
0.0003000328427053543
0.00011422835729336448
0.0007989148879170384
0.014751505944544432
0.03716044471120872
0.026600250061522095
0.008451732539719434
8200220764890522e-21
0.0021064327849445704
0.00010222101692168875
0.31586930918804007
0.012163524957328161
0.1289473927858892
0.3039214254031672
0.043152982272116766
0.0035062019254271815
0.005476909518560536
0.00576113747726279
0.0011865468066992412
0.002422503885698443
0.00297976862783903
0.0570169511432674
0.024773238305166295
0.00011360193161619975
0.000710712754277172
0.0016004199724290462
-6294050843324204e-22
36583882918750807e-22
