-5256251800440422e-22
18575669654212684e-21
0.0013870130287576546
0.0018443499607026053
0.00018594994674076074
9963075331578588e-20
0.00031387973553450346
0.013329466346415023
0.0020089929270467053
0.005795899514316107
0.010379154242652044
0.13991855604271877
0.018151408486556036
0.0262036929466631
0.019081997237755877
0.40083606281569084
0.05113234179853165
0.13220533516183508
-2551994751555654e-22
0.009702106851916689
0.007873910721006086
0.003119962407810276
0.08904655111343657
0.009007119739976192
0.036927331304297796
8803049675542093e-20
0.021344033591778853
-572017209496977e-21
