-4223133590802092e-22
-5773404158142203e-22
7885088269159878e-21
6341739012022765e-20
0.0009794174821140314
0.0007671111695524736
0.006084204455802985
0.0012679110772762664
0.04939519732098512
0.12353481442111881
0.0012980525869458728
0.01221498893398687
0.123605217498835
0.20593808376792722
0.11959637281172672
0.08500601305564476
0.004664099044640534
0.18984340587827855
0.036611301532909514
0.0031247861174107973
0.0005813959482427115
0.0006508946259318478
0.0012086684081336874
0.00919062317738875
347845220034772e-19
0.0022159801169460247
0.003892847145368505
0.018199530798488538
-4467049327578655e-23
21210189536541235e-21
28297586833364886e-22
