0.00012432674579788795
0.0003439519072046719
0.0015489573546517029
0.004283615480305408
0.0010179128285772896
14896340808754518e-21
0.0032958323897474343
0.0001147386702351838
0.00025645491244801616
0.001980662870189056
0.05901214391788564
0.012858996706919078
0.17143949571240436
0.06518733085722539
0.00011676336801906794
0.42006892051976524
0.050760276568084614
0.12013116150907897
0.023590690920556535
0.05413163550523567
0.0012136738510170027
0.0020490188898623926
0.0005540287917732587
0.00010424853607993731
0.000703446481071755
0.000359632799876791
0.0004232501000190233
0.0010062293132718613
0.0033043694400345684
3398036999352972e-21
-6132514593850552e-23
