-8338328071368574e-22
-5048461994074853e-22
2164123885664241e-21
-9385096145549684e-22
2795637003338261e-21
0.0005710143272484334
0.0015836428317070413
9267306534279702e-20
0.013991483547275098
0.014122372637705164
0.0037084114449815178
0.004654725793024407
0.020066236408409693
0.10276975753459365
0.4750800399887476
0.020049650149204724
0.018117616061018475
0.258388145700684
0.045143408247213364
0.004716487704185381
0.005923742233117126
0.0021968573029988803
13591624965953028e-22
0.004070511545968477
0.00015205022279571648
0.0022446800867146127
0.0023462143093935703
-6783766622696512e-22
47492981409570244e-22
3055810488128974e-21
-8896090610344077e-22
