-9728558166294931e-22
7879903788293659e-20
0.0005367890924804925
0.00046699558791856555
0.002868053653199747
0.0008426745179035687
0.007886332232707136
0.000840692308375524
0.0007612551669376752
0.04394567799553433
0.002258455493134508
0.03360307336779966
0.00658037790943458
0.0018068467453410215
0.04278902289192642
0.09417898556455069
0.0236458827117662
0.05411072502330811
0.10736108075893314
0.38815092109278027
0.0034057438288097493
0.01934590559048948
0.1076343500914932
0.012235776906822397
0.011390146334113482
0.0007953123137811321
0.022592623048595654
0.0006101817598677596
0.004627930082902008
-35637624128765995e-23
0.004650718123268479
