36746234041226158e-25
0.0075926424401968114
0.004461442759600617
0.029560186402886122
0.0018385983114765953
0.0019415590673020227
0.06034869556615354
0.0010080957958552169
0.03444885852700289
0.006685772120279776
0.0021645653270470694
0.0005333292488060397
12766988525468555e-22
0.010202070629325799
0.027668179540347657
0.019905969689121842
0.006963623269855679
0.003233948084240275
0.0009899982516180111
0.15026879643287952
0.013921709126384959
0.06789001560735239
0.387886049842636
0.00013561969141286483
0.0323199781196678
0.07567979590601648
0.045805214162844714
0.006543390239381048
-9521317764405681e-22
40619660336070616e-23
11614020055178554e-22
