17555934476137215e-21
331693512467258e-19
0.00034428087273714604
0.0008337271957800424
0.009785244889228424
2817235453258488e-20
0.0016999897127818297
0.008952111708143766
0.0014096108220291214
0.0018260655547971583
0.0047593211102498634
0.13941724922902457
0.019902175246262695
0.010886995071285578
0.06603051494039922
0.16754933459753638
0.04962313054361999
0.006497513240530953
0.004908055714111627
0.0013536674965341675
0.0026550413581373205
0.0007613835576700556
0.031188342667727086
0.027961560439121395
41964087306962434e-21
0.001345723273380876
0.007292243138786164
0.031252985361745506
0.006229586228349542
0.0037123579334211875
0.003923643759779194
0.20011778367951025
0.00045290973287771504
0.006386068745602558
0.00016288162977701502
0.005039887907757329
0.046375669579028986
0.027350008050532653
0.04233167302970543
0.00019634235462657988
0.006172647320951253
0.0001869521784257552
0.009857027401593632
0.007685888132127643
0.03546154286674982
