38189937103801726e-21
0.00031465387452286094
0.00019043909946840369
0.042610605537676705
0.011740899052015996
8332709149003332e-20
0.01775399182344203
0.004233143504459073
0.023651815159868136
0.04413744680086529
0.0015178594941473895
0.020530208576188064
0.0029515296965496505
0.01323918288190018
0.06983269970589967
0.07088979692787482
0.04214119550426282
0.18880761053302925
0.01985008713593197
0.006782742863965741
0.00020668443009095162
0.0009057641180631948
0.001263638350747643
0.007824242538815926
0.019839729335280762
0.12032606602705655
0.14102465076965395
0.03488320652701551
0.03556501352161861
0.024614655127440817
0.022957670562743997
0.009284550075567612
6703415242635842e-21
