2111508468769805e-20
3121612269702765e-20
3595239788853839e-20
4996156220978058e-20
83469857974613e-18
0.000120286547889469
23353099156668853e-21
31179783927730436e-21
29828999972746942e-22
0.0002678291400562516
58275656326025565e-21
6235093846913001e-20
0.0001317138455843105
3530309469239519e-20
6004191907883587e-20
0.00020900059543991418
14102442477533603e-21
8078389155031417e-20
5911271327352583e-21
0.0019248457953011556
0.00020020752633658962
31479436507899985e-22
0.0009453922392444529
0.0002829948883022034
9515033943349494e-20
0.00018715634307400148
8160973058182136e-20
757832731821696e-19
7257201643638387e-21
22113103010936346e-21
0.002301898749684165
29394024620972768e-21
0.0005226534759903799
10226800804905366e-21
17154380324119134e-21
0.0026342836085584327
5192604907540147e-20
0.0008363844885375758
0.0037789929882878237
0.000998279790471924
0.0009627858184628987
0.0012189015858089479
0.00018437356370976693
0.0026421374801197796
0.002149342434590273
0.00031285510182815605
13174074950754163e-21
0.008943121284018252
0.004711780489122947
0.0020925954540702545
0.0011765428291227763
0.0004171684404821284
0.004035174412481583
0.0004465892963700399
0.004688151635617862
0.00011854179119833924
0.0008801599500627253
0.0005328008432561945
0.0015447278780568847
6063404948620188e-21
0.00010481610918896231
4284689578234791e-21
4230342994855278e-20
0.0010633150281679938
0.0012458182794582552
0.0003243975213421121
0.0001215240541846416
8086148183736415e-22
4237604237069384e-21
30072887722711305e-21
0.004657098840552694
0.007493976861840197
19268552884738696e-21
0.0003502366319893174
0.0012542196095289657
0.009040674120886778
19807560873540126e-21
0.00011782474148684634
38956643154684415e-21
0.00018894171925093686
0.005849827134104874
0.004207686828232456
16246264923420186e-21
0.0003930065572801399
0.0007991553754526894
0.0011286349420473903
0.003102525505128785
0.00035179513549338926
42101725868298094e-21
0.010371692848747718
0.008674920525628871
0.0002709509316450123
0.008153480581744452
0.0018712513853083115
5531221492578303e-20
26588719968826186e-22
12473154705327415e-21
8255135383695416e-21
0.00043494980861361553
0.01073095318621418
0.0006274943001176413
8175933671937881e-20
0.000272343222706827
0.002705887547906132
0.00048444730690855845
0.0005888442769045238
0.0010417474446094467
0.0013083441829907102
0.00045918743020993664
0.00023002031932056052
0.007758037568236798
0.0011180830994739542
0.0004771881301773304
0.0045933234773966655
0.0010478035595014854
0.00021250082271745405
0.0008024182418756974
0.00017037706514213275
0.0010471808379138383
0.00021347375688694016
0.00025267157472736693
0.0032659163068387855
0.006107144286960779
0.010992945635314015
0.0015073643212695877
0.016411956285140472
8572279596526433e-21
0.0032645228381255435
7289742122918691e-20
0.0018187708389989083
0.0369396876377765
8872675393907928e-22
13652760488051499e-21
0.0002660909432801109
0.003150703126366919
0.009701996290713829
0.015149858607035582
0.005656624732265036
9351532672821253e-21
0.001264909747427932
0.0013997897916287474
7691853124256162e-20
0.00012258865666253094
39448185954018865e-21
0.010863940406313404
0.0010073066680097813
14446036496937198e-21
7615682581632088e-20
0.0001734118208947483
0.0007737338547486753
9383057205248279e-20
17526734993105363e-22
0.02731664259976424
0.0039015974868198467
0.0032615691027322946
0.003241513140923755
0.0003228801453247917
0.0033604293231511216
7913865858308195e-20
0.0016396897711172143
0.0028302673027260417
0.003399216046328595
0.00035064370437362863
0.0002979954639606811
0.007862894437436303
0.03321134586492062
0.00014477298549392983
6571092460353307e-20
4904081156854605e-20
0.00010392735523427469
0.0008115134755893679
0.000365922736146115
0.0005650397152565906
0.0045322523712975635
0.004678849062880896
0.009603732250546641
963537322052603e-20
0.0023175701902438217
683851575944588e-19
0.002835386175650187
0.000561343446878707
36198592797767086e-21
1630294872291151e-20
0.0007041679763559902
3776327203701389e-20
1675596078786497e-20
0.0019178814360036333
0.00040367594808104665
0.0003710877354321663
0.00016955129110812748
0.0003954191888575751
0.01320638835796886
0.00328556726557149
0.0005166978198903544
0.0001676737581801593
52062298106476e-19
1283779388388679e-20
6767334364266101e-20
0.0033704675744952433
0.00041297437744007635
0.0005473863119216726
13176783595818312e-22
17409712896403023e-23
9377400815961491e-21
13668527896787709e-21
11681633224040154e-21
6160772003821222e-20
0.0002861205692597853
3292321836836864e-20
0.0024287648814262613
4369973839878475e-20
0.0008922981309999539
3365439440500441e-20
0.0011306433576012485
0.00017311542120234373
16949970181953377e-21
5924919145196572e-20
0.000270724479090691
0.005612220564129736
0.00017639976606421617
62287266693518205e-22
0.0020546739663163884
580340254103997e-19
0.0025683516102641126
0.012001052593441646
0.0015387144326119565
0.0015581056391827004
0.004192585544539582
23616060411777762e-21
0.011551586835459988
0.0027823802358088196
0.0010389095774930891
2334477027382713e-21
0.012697716507339118
0.0016311548050869787
0.00034081976427890787
0.0008394792752089828
25325420386297034e-21
0.0030038424579632624
0.016644403227964625
0.0001696655824529872
0.0037236014549225497
0.00028562721687723394
0.004454758397724396
0.0019343865284029815
0.002524544762751361
0.0009341660129951625
0.009024310468362442
0.0040361444401213024
27552946042030426e-21
0.00022759564748764226
0.0031380557852702115
0.0012066416128207612
5767133731574475e-20
0.00034738769287626396
0.020202166237179586
13603453536945692e-21
0.0017511420643674524
0.00016821078035006047
0.0005535520995283363
0.00021729310611028863
0.0016350751757242005
0.0013015498171010508
0.0038689273904148817
0.00016607387169543527
4731675647626817e-20
0.0001686334811230626
6475250389163148e-20
848343895473562e-20
0.008375938611807352
4822813443485422e-21
0.008562329911134972
0.010233989557269441
0.00015027095013868367
0.007183570065682713
0.0003521598322968645
0.01343956318469423
0.0038752075542324497
12811035218159396e-21
8529638871567706e-20
2027840316743641e-20
807625300205411e-19
0.0020376575134115798
0.00018119103014130466
0.0018499869633077707
0.0007483835034273546
5598913695768593e-22
0.008420976062161648
0.00033826008752893994
0.0002041818526006237
0.0001126995297562195
9842642323041126e-20
8362345513442355e-20
0.0043131666098817365
0.0023583261211511173
0.0006700304073832261
0.0031883334413441568
0.0004353013277186544
-53389380848629364e-24
4158199226225936e-20
19730610207766863e-21
0.013498188203242294
0.00012181337079199606
0.00046159483517080796
2220181348532929e-20
0.005178549791594319
0.0001907462261795844
0.007330012579149965
0.0019364569858516913
0.0030887459551551225
0.002327836708688918
0.0010334056268613146
6791282020588059e-21
5814826115070604e-20
0.00824011090085796
0.002098410112614862
0.003720080458727387
0.0018269722139730893
0.00011002959251097605
0.0007643737960064279
0.02520366197887575
59390415725071845e-21
0.004606360558580663
0.0033506203784426573
0.0002122844874132937
0.009790573925375969
0.0028790684257803236
0.0017875222558039092
4659793919012923e-21
0.0003411507464113452
9163106677077248e-20
0.014497499086329206
4294435132463849e-21
0.004450877191793202
0.0020354613032843804
0.0047974435892379355
0.0020980730805646576
0.0034304811283159026
0.0022869254614331916
7264750351528757e-20
0.00037840233943568595
0.0020933564162511644
9077718224536463e-20
25601244168518257e-21
0.0004099418604915177
3829433094591708e-20
20224728763385092e-21
0.0036768588294350917
0.00011470665178952723
0.00011841300381652616
0.0004153999980009032
0.00011321738351035676
6470057370755653e-21
0.00011755201953629792
0.00013561272089499424
0.001157007669521221
0.0012837186758024948
0.002000246147091351
0.00027624829839875486
0.00021808535743146222
0.0009171994369981903
2210408747349839e-20
0.00017681027733137494
0.000535378849382438
0.005138721884700252
0.0006699240678859299
7850327737665985e-20
0.0037497463296753495
0.0036142400927315042
0.001911154294558663
0.001716563906492644
0.0062867270582014564
0.00015458357530963134
0.008046468236207785
0.00016204667250955786
0.0018521526495388697
0.0004850819672298906
0.00011868027606751384
18800048281697464e-21
0.0019567087240378385
0.00010520429790375238
17105654439470553e-22
0.0007944208378480615
0.0026818094836023204
0.007318553939096777
0.009659376051299778
4582935742136471e-20
0.021010939309752112
0.0013056016326459486
0.009784134321947288
0.002927843066719124
0.002715073099602727
2633362040104756e-20
1533078207694814e-20
1134521037020028e-20
-7964597284311108e-22
0.00047277486403820066
0.002422798183279007
0.019532150606864168
0.0024463004593445964
0.0035113340202690023
0.0033081319915332645
0.0010486703475473943
0.0021538934580378703
0.00019425938600282553
0.0011120105453721013
0.0008060640083544673
0.0052098983631603465
0.00012571953380122904
0.0038992439892083903
35879850963167065e-21
0.0025627625452404787
0.00016372125333572395
0.002508304184147167
0.000468358881356287
198722711574788e-19
0.00020314635204641749
0.00020823168028220624
7149660971460459e-20
16263819430009178e-21
0.0013687484904107458
0.00011592318142922785
0.00028813030466717196
0.00022586397338210696
0.0006400370615573146
0.0021234922687591927
2022487338911493e-21
0.0001090115846536945
7334635039686843e-20
0.00016919952512573833
0.0019171200776528
0.0003346976026641537
0.003375822726760482
5083752959650236e-20
0.005087160797156458
0.0003198832841354748
0.0016406091291679382
3689378514684804e-20
0.0018677544660748613
0.0002047852443640822
0.0005564813498073307
0.0007950771302822095
0.0012331759365892003
9982108056713087e-20
28856726142656505e-21
0.003720105733032983
0.007803525388230036
3155155029740793e-20
14458887941065269e-22
0.0033896967516129257
0.00010226593350955493
4212429413686233e-21
0.00017326284019313908
63830453717708255e-22
0.00022452307619583376
0.00011325523876875176
0.0001079263402766397
21951365225001725e-21
0.0008867490476682255
0.0023724378197906093
0.0012552821889977724
0.001134263476809344
-6062849239034793e-22
12963558718031267e-21
10448648958510523e-22
