32388178227833204e-21
6843985608380629e-20
0.015468055388074772
0.004365479900446136
0.009975252677479125
0.0002572292859460534
0.016492669675115097
0.007141023078182877
0.017779778004897114
0.009341825881850173
0.05229544774607542
0.001838703669615336
5566720934224008e-20
0.01143169821720858
0.00046397717327720147
0.0010319541984681836
0.05345768406599613
0.015085197289535349
0.0039653356088503846
0.005481784593168077
0.026901835502846368
0.017532204257681837
0.012937310271835577
0.0014155084729982747
0.03607449484895647
0.005435662499767866
0.007362298139982203
0.06579762800357097
0.015743776868921935
0.046582044969624876
0.012052352310644639
0.02155420874248368
0.023291435615471843
0.004339991354614713
0.00023774617136268684
0.002670869567585305
0.07084660414843737
3983940714365962e-20
0.0073918941724341195
0.0001235846448016259
2238784130358054e-20
0.029030435412029137
0.012289087903465043
0.023788908964501226
0.0005551562733550589
0.0008562566817251788
0.00024825023964588353
0.0028859494831966633
0.003992254797899844
0.006607171658562979
0.003668461007885846
0.0061873616250576954
0.0010038115206840862
0.0005909987699121424
0.007858932170481088
0.007849703611534137
0.035122547927275385
0.012232647746193863
8330196596014306e-20
0.03118992621079216
0.018476486390518843
0.0017824195122367733
0.039887172382668534
0.036589671980383376
0.005860867390271437
0.00037443165781612757
0.0037875981325391894
38519045740940354e-21
0.0006069584584528545
0.007944284749780033
0.00036961167123636456
9662466543893174e-20
0.00012500652686520868
0.0008339011196377144
0.014756201621315922
0.00811693077445947
0.015531942375715401
0.001942358747750248
0.005466843331052576
0.0002995612155941281
0.0039636089836826965
5582085154083065e-20
0.00023284863228018293
0.023856774317293376
0.0006095661450391374
0.001861144830407191
0.0013264639978487606
0.014020832223616426
0.0007462978714917071
14816916858300755e-21
