0.0003626560310686941
0.018707747866967942
0.0021714075421673347
0.09089488655371578
0.017078254736071725
0.17742840713982413
0.02717119030356935
0.04026685280484414
0.02778484613314541
0.058156797518311626
0.0021657019048511076
0.0006395810903830016
0.0007817196326499668
0.008945923090213014
0.0026911888967223953
0.008914800476869244
0.00011371438811911343
0.06677656541905266
0.032718130176182324
0.04969510966531425
0.04456735349498538
0.10049144214978349
0.001197927534533128
0.09588437868839195
0.0019246147051366048
0.007811376405824196
0.05140296820445561
0.02806580627916589
0.0005132868337126172
0.003083811443043694
0.008511959013454633
0.02002304578518103
0.0030565480922886044
