3996544029797964e-21
0.002151143220619793
0.0014646771833961988
0.00043436497690583944
9176703501141257e-20
0.0024133885214794983
0.003723291245105978
0.04317840414494241
0.15962999745019235
0.01107810184486494
0.0025493992415717426
0.00020498703425157137
0.00048073279125360565
0.04097253718531448
0.017024152804216167
0.05022883114472184
0.017732094140656116
0.2130672764845941
0.19267050774332478
0.00419076040150016
0.027197588557532057
0.16002824402988075
0.0003394859918614243
0.0076192739829336505
0.016072266644654512
0.004658055376297438
0.010005712543736917
0.0007651290490648851
0.006002735070898816
0.003505364620726785
0.000515732994460088
