-9972141424671103e-22
39116408535451375e-21
466927212954863e-19
0.0008470879492333247
0.0025986055729902697
0.0007076386425296709
0.0028894799188095856
0.00040025806483681014
0.0006189197670221076
0.0033728816775964675
0.00021322489432826116
0.0011124096850991813
0.1997155787404715
6971889507130525e-20
0.138431945228731
0.003248904500495738
0.00038000430221345015
0.03152098091712298
0.0007159988554425804
0.18417060853671424
0.00017477142197159539
0.10048029169580908
0.0040900283472161065
0.32202907444066786
0.0019372908765944972
28153198826818992e-21
0.00015819080025259065
37348662945645986e-22
-5937120300219125e-22
