-9727125137739113e-22
13098193233695919e-22
0.0002580778478723641
870555853318738e-19
3795439545788628e-20
0.00013163877025055163
0.0017245055880790623
0.00040001769886954553
0.12327235155516307
0.04918486094067514
0.1382657340092499
0.1641282474080476
0.3980232966015751
0.030427939306818363
0.025763505417778738
0.0016985300521128244
-7849416835846499e-22
0.01356693447525915
0.009131578197823925
57507068927788195e-22
0.003759474091422536
0.0017656422505744462
0.0047640871828713155
0.00011953652694371578
0.0005414434790765636
0.0005458125508840499
0.022085342795306877
0.009105001020193172
767876479250168e-21
0.0012056641132410695
-30260937706025803e-23
