-8103564793306952e-22
0.00022514636953073095
0.0010850433055782436
0.00017747635916366867
0.0004980303839288376
0.0010078069770486247
0.00013043450430034572
0.0009628177611752563
3842723961255225e-20
0.005243984439163159
0.11121281925317657
0.00116894934190967
0.4144585763042125
0.0003096304099350636
0.0007556037267114777
0.08746919143419357
28844015636260543e-21
0.22732638857253198
0.09028579729213436
0.00318620983546777
0.04836479680263113
0.00010213327108662169
0.0009239133757313729
8115644046288888e-20
0.0002048516405859
3973540657115085e-20
0.0008190085114456166
0.0024698574842544037
0.0014082487252349443
16897782697312322e-21
-9666096327848014e-22
