-7504307391652786e-22
0.0003608211057976835
10710901464036089e-21
8314034664800557e-20
0.0003921886370746172
0.00030154402856890267
0.002461295001683938
5906534467844582e-21
4987361993969869e-21
16550537289376878e-21
17760677486204004e-21
0.00013748387262322638
8449347910775648e-21
0.00033188003673516206
18864731202367315e-21
0.00013603387133258858
0.052508433484789015
0.06573409352305389
0.004345152530509437
0.3793472664309428
0.00025504324467564687
0.44263537012003507
0.00043870384513312356
0.04464405164283522
0.00037045634804422307
0.0003037863437571453
0.005103576917795073
7832834829587618e-21
9306500065912768e-21
11058913232077313e-21
-9992412377596957e-22
