934322634087296e-22
-4218175421233733e-23
-95428550512664e-21
10467745645325445e-21
-7006053927938063e-22
0.0001563086879417393
0.00035097370025066006
9355873911276928e-20
0.003267731025714587
0.010999786966612905
0.009534942633066625
0.00010424645062552514
0.00041728298445862
0.001200881339095747
0.04371894889049335
0.03130842691531965
0.38708627699153214
0.029481759356140155
0.009009571643502436
0.001958043516891358
0.1679557075878981
0.0073836517792592584
0.1307541370156498
0.00518882346674169
0.0009492219720659032
0.06330514281045585
0.0716814693513298
0.0178405913700461
0.0013285331047314904
0.003518707758556022
0.0013955509802964993
