5689016216934849e-21
0.00026793759920863583
0.17562384458413988
0.08048006915214867
0.021366373838718564
0.05060347364006197
0.0020297806126979225
0.09308451803838781
0.03857413771172443
0.0018218707104051273
0.012764011817037102
0.17671816273244917
0.008704656688149456
0.27721797646578267
0.0537058752129711
-8451749513608305e-22
0.0040681669914456285
0.0013792387782881432
0.0005212851844791396
0.00038316186446431575
0.0003436070647043114
0.0002986234488864707
385656742254488e-19
-18165164153937593e-23
