-9968799138752519e-22
6764298899447252e-22
12318312579504707e-22
7676288691610956e-20
0.0005437013735354422
0.0005147631641040606
0.001753528197067824
0.0010066576679931684
0.009721212050514955
0.0031045218349461923
0.00010657765272488505
0.12700459085683272
0.18300305193465827
0.26754300482583965
6634502358299973e-20
0.09783776913698757
0.0012051057671131494
0.23810971608570267
0.007548344908058826
0.00717690185431685
0.0045440491886932066
0.014403551434279911
0.011555323473521955
0.0009164795634904409
0.0035888167775492592
0.002909756250676624
0.008707754357756592
0.0002446438137663405
9220895506446115e-21
0.0067973207953062635
-38315267641474926e-23
