-9703291281571734e-22
21812139740963204e-22
16117110295880912e-22
36764810628515523e-22
5533955358959265e-20
0.0019652622280983676
0.0018400797263252746
0.0018691475209321894
0.09488290373904824
0.00010318018812796378
0.19582680964961843
0.03864687951915027
0.001467444263322543
0.14869449421161604
0.00018937871222168308
0.03768368532189765
0.3098492189008683
0.04370755437703905
0.03670362580351241
0.08215144851557855
1148220076306276e-21
780024699471144e-20
-9608190982239614e-22
4245557342871749e-21
0.0020599680264686217
0.0011244059759941928
0.001110453066749658
3519897354520708e-20
1538596286060065e-20
5765453118041564e-23
-6541733501501167e-22
