0.04613177444458503
0.06847690452525927
0.006489014846428775
0.0015728903222358421
0.029820768948765484
0.004926669677980297
0.018360836467743256
0.18543746041118403
0.027937046635640277
0.05669189955152206
0.0230414392732063
0.03246620603195912
0.041324653345699555
0.038988938552254056
0.02149184397481192
0.009882298366724744
5096423629147748e-20
-5538471011194506e-22
0.001402491671620614
0.05431627249252344
0.14537093449974553
0.048546659717148784
0.026081469203304043
0.007973785471466687
0.013028432133906183
0.001813377883302428
0.07154119385371978
0.002563325747001384
0.001689976664684122
0.010574453786322699
0.0006160613244455611
0.00012495106557957602
0.0012655587200389676
