0.0002365885068206376
0.0014850491167111293
0.0003826552734698893
0.0013047254615771164
0.0031230313943646747
0.0009260094707462855
0.008335109532336316
0.002094930875476692
0.001972077709279743
0.00010221185230332262
0.0038994058907061207
0.12412048553505464
0.001664854569543515
0.014300484374935779
0.016256699239228033
0.07663271453463875
0.1838121544377655
0.003958465735668493
0.10679439121315992
0.20845520307645968
0.07069646164527181
0.10057070112396187
0.0015717387924462996
0.014970601441980213
0.0005467295556021056
0.00015007822226917225
0.011911117165508254
0.022891239927377297
0.014054755696399492
0.001837963571895833
0.0009413650570414086
