8288467993711603e-21
23630541475499223e-22
0.0011907130907464203
0.00047712794579815164
0.004193477335191234
0.004046558688726752
0.01592494002005537
4915044108361463e-20
0.004853055393367728
6760736969216478e-20
0.006899624334308688
0.00016490046197407
0.019304335900545134
0.005559205996264064
0.0006126474136462133
0.03490404383322712
0.0014753744023158614
0.007596351097660738
0.046761995065679365
0.1000603847277684
0.07712775337826844
0.026664692469157793
0.03933437021166008
0.009161774109620715
0.006689321396111514
0.0006183504708722165
0.0010148559851124528
0.0034429671110727013
0.001939292094452065
0.0005586376665793408
0.027870317806452573
0.02182925701184387
0.00010418199123897154
0.002297006921508144
0.00423237354540322
0.01590198941400873
0.0012677349270029704
0.0005447240319892431
0.004269315287703139
0.0014101884570722747
0.008892392606609225
0.061575418593046626
0.0007291377680277432
0.005698091926418877
0.003180407443850342
14615519609377333e-21
0.023734903826760405
0.007211399183375571
0.0002233593456464158
0.0012220483522859815
0.0005941141837835048
0.03098216411939392
4281277696695137e-20
0.006661796702889514
16869330459021618e-21
25339070364767153e-21
3939756298067373e-22
0.0087093736421583
0.014994979233666753
0.011781129676275832
0.03120833806102938
0.013764537195348713
0.008162884918095597
0.0024073035651070683
0.02783965397967952
0.008863607138649648
0.04201011325634426
0.017874199424498426
0.023532065281567562
0.008381037263662777
0.003827360042131399
0.0008395266673891538
0.0008376319122905389
0.00948023490954204
0.0073821457866914755
0.03533189712408202
0.002550723594343057
0.010302802455326197
0.004434803987056339
0.001392819666323802
0.0003232308775806515
0.00015879793274678608
0.00026636864778541625
0.0007640356942760704
0.049982828013243594
7885650079123435e-20
0.0011892650815544799
4664371165135569e-21
6190892525893156e-20
24361121896657837e-21
