0.0026021038253892723
752240597206998e-19
0.0017800780608522178
0.0008876307916597212
0.005209523663206623
0.0005144809568410953
0.00891445099862971
0.013632177768238272
0.001875830017941151
0.0804098140923599
0.020665686644682227
0.17301521450205481
0.016959113655914137
0.003537735848398448
0.016876933028251717
0.0024439174708532478
0.2116881745259106
0.030415061758239062
0.007388253493418253
0.052864106687594344
0.0067159374359744995
0.0423585675194497
0.020033060292688164
0.05714339373932295
0.011230824499534503
0.00494725430126013
0.017888109747160826
0.045014819003481005
0.006391811195365169
0.0398186370858511
0.02962295857146531
0.030226819137856784
0.012296052305703672
0.003854178546227398
0.0019310293207676701
0.006677792334392481
0.011962814336319554
0.00013033058900122657
9818802250080583e-23
