0.0002630089192569702
4019059783802522e-20
43722325582506145e-21
0.007495419446848045
0.009769303129402544
0.00413829350237609
0.0066968570826965975
0.005237838091852342
0.00025724209782560973
0.0034297406753865064
0.0021389239680430104
0.001613918266526869
0.03833560899558936
0.03509175180373548
0.006071081035666442
20526096009219563e-21
7664789700872487e-20
0.006800535260851626
0.01966343275220945
0.0034185300455603436
0.00019974678769270782
0.012738227988116687
0.03325670189134484
0.015747443218053103
0.00450635402956179
0.009863946963280194
0.00012753331809966574
646165467370455e-19
14321011498528987e-21
0.0023099068005615784
0.19420692654736466
0.03239386841366197
0.050478648597440744
0.050429889637609956
0.011663291704710652
0.0472699746553624
0.0003596472786144783
0.030615161865519706
0.05041203795792706
0.03373719273383112
0.0038523963119592914
0.018010410372863214
0.10290951007038053
0.0010951128207919586
0.0021409669769306785
0.00311425877710946
0.0001693866650101439
0.0006766353891348717
0.00028722527699596734
0.0068882470112406
0.006922634245558244
0.001244592159052753
0.0011979250267941692
0.0536075738816254
0.02051129618043095
0.02809668648475069
0.0032287276793903585
0.01504840473272589
