15144932237419673e-23
54922739163192446e-21
0.00017495268852134874
0.00032815029846997045
0.00015940711948714002
0.0002718970760645348
13911469981209931e-21
2429505461071805e-20
0.00012921932591196647
0.0005126864971050692
988632381718381e-20
0.00071742032584412
214152910211585e-19
18626419143236856e-21
530939505216507e-19
0.00013949825615611303
0.0003380426783289413
0.00015916054874891527
1979264054621291e-20
9987546743393186e-22
0.00023312809109573817
383418463488102e-20
207539249413749e-20
6657346859163121e-20
0.0001491100261066077
3269320589972144e-20
7664345804064139e-20
0.0007143528314162166
6554043208739113e-20
0.000311461957679481
7163413669020978e-21
0.0009975039092504074
0.0004970355758840904
17795465423624965e-21
0.000720440727156402
6375237029639089e-20
0.0001615741153516733
0.0007129369434592641
580692355203749e-20
0.00017018947890288637
0.00021779545420320335
0.0008955462151235561
0.002183537000199574
0.00254965096717983
0.00017033042842667682
8022539726511008e-20
0.0020920653243767583
0.00011486296845349424
0.0010434535628323345
0.00011857392710644961
0.0049011377757940695
28883482444811495e-21
0.003968053936909877
0.00047190666544707664
21482304526896588e-21
0.004024084669778397
0.000264840735138476
0.006625407781980596
24656986740038954e-21
31075883773515676e-22
0.0035344308937419154
0.00022849784479295296
0.0012067643936637012
0.0063556181158813466
0.0037870038317623753
0.00011427161740112175
0.0013630802486734616
0.0001355019535623523
0.00016053227765016126
0.0015752041149965626
0.0011319406269082865
0.0010291099198977704
0.004411547354589314
0.004350431677277348
0.000251264523309893
5485724042150438e-22
0.000264308531239927
0.012983987604227944
0.0042993959224318775
0.0005928301378223857
0.0065573469473215245
0.00029891459865136823
9358057922561395e-20
0.009381801389841687
0.02016220210368744
5932347785120318e-21
4145493963070071e-20
0.0062435042389942675
0.00013369744560484122
0.004152447505308628
5572557744941552e-20
0.0010960286865119016
0.0012600593396171133
0.00036550977959578195
0.009335635400271687
0.005445461733906434
0.006689562807140777
0.0002530064385067377
9985483815327569e-20
0.008815900690421073
0.0015719578599124391
0.0033110170079092152
0.006960591225330909
5082746622561598e-20
0.00100517151953918
0.0025269843827297267
537596713273933e-20
13378995585036824e-21
0.0027028372452997797
375893699446277e-19
2020993531866999e-20
2639702806434525e-20
0.00020302530873624977
0.005925101869742748
0.00017441939081228923
0.003386358703491179
0.00013850272477695767
9081754425667565e-20
0.00020722224673206112
612716849214039e-19
0.00025639703326673117
0.00021262109932335694
0.0040798427218081395
0.0001146272205132048
3194831270193208e-20
26395514193820132e-21
0.011355597958156478
8305789980306405e-20
0.002245471593260175
0.0026295150580180407
9889536371199905e-21
0.009534732701014662
0.00034922687114497783
0.0003162012411741303
0.0007886590502025407
0.005499286642288065
0.00013463671660408243
0.0029114435758457974
0.0021544468851167425
0.005368697853274741
8396977644226348e-21
9262413800444525e-20
0.0002715475082247212
0.0006924299052605827
0.0004459478050521591
18382169385354577e-22
0.003294223472341865
0.003675771321657826
0.0031637031517663013
0.0026379918383531197
0.01952877682739861
4599186785094466e-20
0.00034222494054179795
0.00014617811237750184
4159850327157972e-20
0.005756908638239903
0.004538452657361753
0.007950218168183976
0.0026750543524505163
0.0024441087954096504
0.00012678556584813088
0.016303315257307514
0.00038775149369687503
0.0002351473929890692
0.003738428195590722
0.0029035952432355347
0.0009118669249520202
0.010540389235763345
0.00013221481290225383
19573351165442273e-21
0.00453734046107181
0.001158032934340238
0.01424999485434598
0.006406067323802608
0.005580757314621169
0.002102427335153327
0.00044499235792142
0.0045577443480287055
0.001461417954947416
0.000221730780323667
0.01185286403191956
0.0024502487755878846
0.0017645129338707162
0.0012316415501561146
0.002451972464785589
0.0006878805613004794
0.0004814684753211277
3724740759943455e-20
0.002334129393064274
0.00011770672104145824
0.0005458453001659048
7053152999464623e-20
12646213088905486e-21
30016556807485775e-21
0.0031118627406389516
0.00011078455165835851
0.0016543666932337538
0.001963278663624607
4026849388355118e-20
401384968863584e-19
0.00011791227466941027
0.0010583353532545698
0.0013944058779553176
8342071430069441e-20
0.00017281312311663292
8428482751339357e-21
0.0074038108337193065
8857908722799705e-21
5713008649854219e-20
0.0007002476807585681
0.0021569101464908235
0.0019876909736439912
7339046031720171e-20
0.0043156342764494125
0.0008586888222776804
8919473148944023e-22
57173697407224936e-21
0.00010664788842382965
5416286396525859e-21
0.0002909086563506614
0.00015173439169846435
0.0001554629551575726
0.0035408119222857908
11442710090903232e-21
24270379381439146e-21
0.0008165196770001634
0.0004979774115551397
0.00038371286036142325
52847092866555995e-21
0.0024856051207935857
0.0002887046445641645
4511924734519042e-20
0.0009998244103221563
0.000440752962501656
0.0012665611296003919
0.007081108607138695
0.0072039585997559115
4666764166243054e-20
0.00033921527107853573
0.00444682818592639
0.04644888033680423
0.0007848012114320869
0.003400543094157274
42808437656293036e-21
0.00014198874102347987
8783016469700245e-20
55676863935466935e-21
0.004745630657322949
0.011982330794593373
0.0016432649811005823
0.003656939439083004
0.00020487035891080972
0.0016693398742723383
0.002615615957373174
0.0001188510891743339
0.005168445350758044
0.003175857057738682
0.0024386950946430654
0.01000913608145802
0.0003451816871760079
0.0004277676984550626
0.009557490793699086
670834237543756e-19
0.0049056235145030075
0.010879926664041754
0.0001358096619881835
6651031406784944e-20
8622601962128172e-20
9445783482458749e-20
4292238464354878e-21
0.00025171871784769665
0.0012299601399506507
0.0005226636181365437
0.00032547705180023263
17736875641846939e-22
0.003473234273406623
0.0022460294381813095
0.014839622889108004
0.008706584446982848
0.000117439307637316
0.010406234641101547
0.007586581601176305
0.004983008418538001
0.0027546802417126866
0.004197784273855969
0.00028960725689391445
0.0007942801984017362
0.0016956683344582066
0.0009269116000126687
75125785788666e-18
0.006213952820182536
0.0063937266125860094
0.0006371032521338358
0.0008044778603605827
0.004136560928328214
0.00015341103443486273
0.00213797555848483
0.00020523465679272025
0.0013624117247120373
0.0003778478113996392
54105663804769315e-21
0.0015203916826872941
0.00010936152575245867
5669494728394158e-20
4014838994208038e-20
0.002593265415407028
0.018074749218101864
0.011731845210151089
0.00010964196848418109
3554290175939282e-20
0.003942109608289215
0.004644857947006835
0.00021626538198802047
0.00351504333489713
18923540724712393e-21
0.00020521793256728468
0.002257212958112166
3128555169736837e-20
0.0002901498008799612
7418952514912806e-21
355100042648281e-19
1918010428636596e-20
0.0018423528879017615
0.003155100905998454
0.002672374968077144
0.00020431362498114474
0.004800943565585749
0.006127050896474108
0.0037304852401946827
0.00011168938394137677
0.0006347006025734562
0.01087826658531636
0.009149561962491616
0.001181822637103235
0.001960211948045623
0.0001300615757226166
0.003292734619679021
0.00027614054218915845
0.0002024195242980489
0.00012497126904956714
0.00544286096844799
0.0002666839974184379
0.0004893529085472218
0.0017062877240506394
0.0032044937576146057
0.0034295831706373046
0.0013685638325610448
0.00016512183911062203
3542374458116168e-20
3866437940038339e-21
0.0153561318996588
0.0012519333691130138
0.002683016711419839
50799222669046795e-21
22758578635631632e-22
0.0012259307955842947
0.00014475643072460497
14287499194830038e-23
-2028935134679169e-22
0.00013627121989307126
0.00020469981001805908
0.000368591036608843
0.0013894508474684277
7041833901151266e-21
0.0020532706360874625
4998621862007298e-20
7724934821917596e-21
0.00010259016281449434
0.001846173121957956
0.0002255370629836823
0.0001945250564771053
0.002083157379728947
0.023492779266983153
1181149482028374e-20
0.0038175776240013397
0.0016052041850374117
0.00023767275267242975
0.0016642826376104067
0.0012697841406250979
0.019696806086294146
0.0019871426936084245
0.0010820848612939186
0.002094337089159601
0.000424037177338276
14625049687678337e-22
6844771748609604e-20
0.009100947232242605
41682960572697784e-21
0.005828699230572583
0.0006796081279899894
0.006627411572101512
0.0031182144809160464
0.0009502533312969449
0.011716070062649997
0.0003290783875105582
2294625012473605e-20
0.00010754373875651543
7307251650966798e-20
0.0005384378186169533
0.009064211281506324
0.009943415062555888
0.0003220562881844799
0.006114143347318068
3151997508773347e-20
0.00022268424524113888
38298169523251385e-21
0.0018759941196538807
9077270191217573e-20
0.0004549408756205218
0.00033017271792532764
0.0010509187815173039
0.0037947833924037804
34726757408377234e-21
0.0028009490649574978
6270730128526914e-21
13060740194096654e-21
0.00013967035229061394
0.0011025886697966375
0.005479475503386251
0.0015329573892690958
10353669514545193e-22
537335544708576e-19
0.00022345301869617512
11283696293783702e-21
0.0002462766391716932
0.00014993859550302595
45088921358145905e-21
6555412834590345e-21
4955459227796288e-20
0.0012063230898597028
0.0003265883356311856
7231609636215281e-20
0.0012979800767060686
0.007487704118968938
0.009541388343880772
0.0008409239731012986
0.0035087567524785066
0.00028092321016910405
0.0007967788930550154
9543933680270545e-20
-5152394583661906e-22
3815671518534839e-20
15126928801431314e-22
0.0009795693706766337
0.00022310956308727167
26092986117765827e-21
0.0026572482413220024
3260864885490316e-20
718712759497384e-19
0.002650450659210672
2527359100960992e-20
221744261111556e-19
633516882646476e-19
0.0034007727194177366
0.0016026102760733159
0.0003573559715998342
0.000761473515435435
0.0003633151412693555
0.0001343099197890095
0.0005680588577696314
12109871258984977e-22
0.0012285421941317745
0.0002955905662146427
0.00028436098251727733
6108583488957599e-21
