6360671733036342e-23
-5485981601424452e-22
4354448211277456e-22
2109468596667389e-22
0.00014515068808441042
5825644641456457e-20
54393974887575254e-21
0.00016356244508268576
16415985984062326e-22
47087426646009305e-21
0.00029439510457712645
0.01007988280888619
14875320552941602e-22
0.005764369563805679
0.02536959485996473
0.13256764176831695
0.08996566775228544
0.01602484992112999
0.28004149852355925
0.21036627010155634
5861986993938369e-20
0.1504606002188711
0.05067022576386191
0.02651650879276361
0.0007763164193901295
0.00027032188112279367
46334951979325604e-22
0.0002577152333570049
16536648990691998e-22
-9928303521660536e-22
3848557486066974e-20
