-955078785042739e-21
1228993245797565e-21
11267406322891645e-22
19004932559396004e-22
6788878520294125e-20
0.0028995002153650194
0.03578044936440677
0.0247786938985246
0.016427488037804937
0.009329097813024828
0.06104725736797937
0.0003228872663930973
0.00934841969210367
0.026188545513341606
0.14154327859362031
0.39815083854491096
0.005529272428672517
0.11559169795222723
0.012929881120856928
0.0969281226392377
0.008449856535029545
0.03010986078687876
0.0008825132136380576
3108915225253792e-20
0.0026412338699877158
0.00047677511322275515
0.00012773268339584905
0.00041283057191190606
2187774989728502e-21
26223903901724306e-23
-962322367165614e-21
