-6686000973382162e-22
0.0005844739185982735
0.00032149490113792553
8115568714078806e-22
0.0013116242880322792
0.009114647494721035
0.009083011900963184
0.0030548348156345315
0.08553282638592315
0.38181041522383713
0.006236788683438535
0.016161905476285546
0.03789562822142354
0.001317664972820719
0.0014018369857555209
0.02071142175752176
0.24913785101536534
0.056569787661452514
0.09737700156269244
0.013526303831218682
0.003305549699112438
0.0012605088594722245
0.0002166517381477954
8783434969704634e-20
0.0008219553486779859
0.0031578379512963175
