-2681899919404869e-22
3907033694977292e-20
293045587539985e-20
0.0007571633453676421
0.0010162525330706803
0.00705985327623525
0.013068487137148012
0.0040753970017935745
0.0001392657672991851
0.0010472178782166257
0.07441718864912845
0.07552672118028388
0.21003707497262714
0.035655151811191284
0.023125175430579126
0.021978696943555996
0.2805975058428055
0.07943186632063745
0.0009973568007711456
0.018710445096748473
0.06976159658108799
0.04313235362791135
0.035849612149160846
0.0015055376131767823
-281558788991088e-21
0.00041520924437817453
0.0015445304342454546
-38985494012961996e-23
0.00010895189654449147
9050373581424961e-22
-5777604267488545e-22
