3568308343308585e-20
0.00013970730568338996
29459227383353462e-21
0.0014890075932482265
0.0049352556413475085
0.0003408217049854056
0.11857560832615854
0.009717357106851508
0.0011503262790349975
0.012953133465024922
0.16092556120166457
0.005970236227289603
0.4092605526683131
-5753622832882091e-22
0.07166529109671148
0.0053378298770652
0.03860492700036225
0.0030358563631197313
0.10395993291276075
0.012829501115777568
0.01842435145120189
0.012543432511121272
0.003455327328164379
0.00029916539332076636
0.0010362851969487222
0.002778319753981337
0.00018557501953255529
-6771847644564871e-22
0.0003224859426951568
9857087870828622e-22
-7239549205329267e-22
