-8935609206469253e-22
49407719509204275e-21
0.00037580496192694265
0.0008555231461302562
0.0008481314875419348
0.0023744173248546577
-23587902394856564e-23
0.004253206028602286
0.004711505815147969
0.005037470501872105
0.00014349552285505414
0.14682134370518554
0.016790652364217035
0.0008060721176274714
0.006163309396646515
0.4131200751768324
0.00020108572329192697
0.058302461914668854
0.2042160049285938
0.0008440990242394411
0.0009212210357476082
0.08333194420872381
0.000901080964688753
0.034865631289970694
0.005910857012089359
8988467795303026e-20
0.004760293846296474
7023238745995662e-20
0.0019023098838257695
0.0012988947303677575
34712543077972535e-21
