8410707069409422e-22
7255732999907626e-20
0.0004837782244813486
7417813044311176e-20
0.00014470795401917445
0.00023952462087170482
6981611007418944e-20
4318790274279065e-21
0.07718478689639653
0.10371373370661884
0.21104992766853972
0.08850067231939815
0.12620507168506637
0.14748279938589215
0.01142827588853384
0.22603328473638837
0.00047749300674923117
3341833066027323e-22
0.0058825518170238286
0.00048645149622008607
8646786025101793e-20
-15071346906359702e-23
0.0003789888269556805
-4109947411090001e-22
