5508687983044357e-21
0.0005633687379944415
0.006346672555301796
0.005065379494078066
9852370347470625e-21
2776572541011997e-20
0.0028823537600595165
0.00022291125871712832
0.004532365851726667
0.03337891811765342
0.0044694960025186215
0.002044715936739586
0.0024858352624406413
0.0017162458074720009
0.003832677127404222
0.01197803495264283
0.0011662412380515513
0.0033575044689170886
0.0006231402867993551
0.00010481818164155076
48967917747074036e-21
0.0005352444702627317
0.026731318629398242
0.018033444399130082
0.0015803976978462943
0.001485192740273802
0.01756906346950745
0.013519294199713304
0.0006334187995993979
0.05906614946433
0.001084650675376945
0.006521042793351116
0.005580556805272404
0.042492532670729305
0.05111494540262464
7587823945526263e-21
0.010529923022613574
0.00045467099605820164
0.0017628913068871948
0.020922736416857286
0.014867157085544503
0.0026522356605002536
0.031284910156355844
0.034583720570964836
0.023274460537360264
0.02374274910406196
0.02175591981747921
0.002846848337881339
0.003983029785572587
0.00015406848848708318
0.009598133059706183
0.011766343078990655
0.07583594426055425
0.009106401913056854
0.009197493354306249
0.012412625556746474
0.04205494420089402
0.008117850271728603
0.02523162280422605
0.002999416104399424
0.00023811947183982314
0.007847886855379151
710678799934408e-19
0.00029684985439294367
3536664511641059e-20
0.023575792793689578
0.0012464304469959363
0.06321200321405139
0.012367721175062608
0.007188050220417367
0.004138573067759535
0.04851268208538379
0.027451432285152344
0.01131936788892133
0.00012357941772135004
0.0271854052937021
0.004172250159799334
0.001190532372460283
0.005586737961509525
0.00518447295157412
1026880504426546e-20
0.011453538072322748
0.0033308495025189174
0.00014604592182791836
0.0009624444007549148
0.0008514672341199284
0.0006609901240603173
26402873386024987e-22
0.001673428456148357
10295480701063724e-21
