0.001348759070309724
0.0023184433673551328
0.0021332742856990106
0.00016160252668623364
0.0014249080536269372
0.04672359942002852
0.009387083948252951
0.004514481794781073
0.032300111354679965
0.008255776213083526
0.0031733088576233765
0.0441988818775212
0.0004194504675135211
0.010613307618546309
0.0025718057912811764
0.0005116193614884795
0.004457338761537435
0.0225472334737843
0.21941630925781977
25318809302873757e-21
0.006510020909547184
0.04003915309127061
0.0024318424097459
0.06574113138021365
0.01069383157615209
0.010959761257917599
0.021966730216018516
0.007205962531153342
0.009594207364544008
0.0004393230612949788
0.0007438551172316398
0.01050571601224686
0.0005935295731814968
2786559106454032e-20
0.0335203963153434
0.0013956997386887977
0.0006625217528441557
0.000665617996469204
0.002007231214210551
0.004527797161305982
0.0054813817209082355
0.04998700850786035
0.04249755148247332
0.11748083431142785
0.024323107908117043
0.006531729017578742
5276980115641135e-20
0.016632716037860245
0.031693757307248764
0.005599494380547115
0.03370453804688249
0.003551611896858253
0.0036912491626217053
0.011765102701842748
0.00027233913525077404
