0.08643811380670907
0.0005097818217252837
0.0001769781601341079
0.0003087616958027521
0.0002948811129106064
0.056051864188678205
0.00652840536045764
0.01918239900536839
0.05454072261975103
0.020919232302286036
0.003776229551921833
0.03847007740590919
0.012410209684996919
0.000845092431468111
0.04920535981415973
0.012258104345839241
0.001979056016849041
0.00493006294471678
0.022379185351864322
0.0024290271940274285
0.0285489677857187
0.0634467158331744
0.016525281144500633
0.014326974234006822
20935875978925388e-21
0.01932421214142158
0.13155585130496336
0.034101258819929356
0.19813540199175353
0.07666807311845687
0.023613884292054663
7501181385736666e-20
23886828608206156e-21
