0.005320838649803708
0.0007463062065870162
37029631115285196e-21
0.0013090678952146562
0.009503458748593357
0.04300677282193414
0.09389274589952425
0.06380108503259056
0.00628281945436627
0.010841990309856135
0.0002763495066341572
0.04937126560124346
0.0063933110312145896
7184155515242923e-20
0.06544478033895716
0.0018625938697458013
0.0526030092604688
0.006033153306944648
0.032699822035698566
0.007149236344468082
0.0009778411120283468
0.2665153693893705
0.00703352221778577
0.11323681193780746
0.023376458701185536
0.0019097677528597539
0.033522314477361266
0.005745288001302528
0.003234314102399611
0.015566908246320519
0.002861403726790845
0.04352273200732591
0.02584217211931934
7618708029433728e-21
