8596706350482884e-23
0.0005869732701050657
28045810933884584e-21
18449178256434833e-21
10743564380703613e-22
0.00016229121537013493
13507017891858223e-21
1556348664289482e-20
11955793383687552e-21
0.0008245174645338842
0.0010461943035013409
0.0010253538589535991
8937689850275727e-21
0.00038209717797154074
0.0006220510642368343
0.0022796221467709433
0.0012689298120968301
14309704864884355e-21
0.00042459010682659306
0.0002054065692842994
0.0016489093369027093
6676632446381252e-20
0.0010859915261770385
16562320155107396e-21
4854444932312478e-20
0.0006476485611089401
0.0026696962884508284
2885692805813605e-20
0.00021401780720200226
2874432295933863e-20
0.0009424950255880488
0.000153581416001666
0.001733805266748056
8794791850547474e-20
0.00089754681327553
0.00017781207750172537
0.001832056974062899
0.0033161535734151123
0.0007458723625605955
8316989487262726e-20
0.002871652506473337
0.007866171657844867
2549413243445006e-20
0.0007241664515264997
0.0010056845794378514
0.0005628081329181086
0.0002860594276176663
0.003162008707834553
0.0001745202882596001
0.00014831293377485803
9873567542807755e-20
0.005544610586671449
0.0020037144380121766
0.0013249509215703466
12826822280088213e-21
0.00013532367916749944
0.00010119583849356214
0.00040823262218389004
0.0014956891142134017
8136777904633512e-21
14828320470154848e-21
4214376432421862e-20
46190655999194036e-21
7836959092286795e-21
0.0006205204535823308
1143185200784088e-20
0.0002397069956472277
0.003651349253768251
1843777423111311e-20
0.0035245569247584685
19683560162543315e-21
0.0183957178312914
0.0001721905344323527
20763508893717735e-21
0.00031023898411170023
48865919166001776e-21
5447291285183006e-20
0.0014245780187414035
0.0005830183967186435
0.00043192852301085694
0.0025365604167442023
0.0005936075223604531
0.00019606513972516304
0.00201424574921519
247233072696505e-19
0.0018034125942558612
0.00015163610019740324
0.0012442374797666444
0.01398022233739006
0.0001690696214476006
0.00029528037747628664
7160622077513781e-20
0.00022203385315170332
0.008062592611866192
0.0044696279249424545
4551235394891653e-20
0.0005574165931508332
0.0028685967667641797
0.0007377202455124103
0.00022545241020891104
0.000171576417000674
0.0023312550573033404
0.008434973100788295
0.00427689023862969
0.0007264226060584669
0.001061001066202799
0.00418579678663075
10411243540772319e-21
17098780072796913e-21
0.00018400893216184233
0.00015578517312425636
0.0005553568571029898
0.0007404724996058786
0.0004959659938820955
0.00222612384553703
0.0001211298295679035
0.0008777127863414604
0.0013528760412432042
8541354483368432e-20
8232585710299718e-22
0.0029459529654383885
0.00012847554319614444
0.00015556622093253599
0.0016593873189156714
0.005070627731124471
44294618205917345e-21
7709586375831696e-22
0.0018476027114380012
0.0002666920341622397
0.001442178605257036
5827539305899776e-21
6783899839881848e-20
0.0004038169114976349
0.0035730072773240214
6730485129783355e-20
0.015539282437550562
3130279630936847e-20
0.0001862355077789758
0.0004415121297659505
0.00014988183546810633
3143132900818489e-20
4941153036013686e-20
0.005278704966559277
0.0004520184059073388
2004299158323158e-20
0.0010004603255764522
0.0504038121602166
6730076107642265e-20
8492920782363328e-21
0.0074889345357001
0.0011313375368496815
0.0006962612501713098
3470914994676048e-20
0.028985078802761362
14200938312378824e-22
14969211905096323e-21
0.002198857034429179
3206415935679063e-20
0.001712119388875975
4442815581108338e-20
0.007507416533870325
0.008078464423434963
0.0026877154204353595
0.0018514005213006043
0.0003479532929983709
0.020540937867673314
9391076710533658e-20
0.00013309483117181299
0.0007666943605796175
0.00016461528149143187
0.00012117885524327919
2216008701201552e-20
0.00016662398052809445
0.002284938727540531
0.0010829917140079508
0.0014172229289682783
0.0009466034288986896
0.006751955424415853
31566694835180626e-21
5046997537657769e-20
23008224593435213e-21
0.005063704546029074
57216666988049965e-21
0.002249965174709083
31235626500065884e-21
0.0007297566974734796
0.0034187359318851684
0.011628882225091324
0.0029875805127498947
0.0008347655405926473
0.003064407719005262
0.0012268172267571036
29373166108779165e-21
0.010244649238292583
0.000492442873843188
0.004129517758895731
0.005716879122327082
0.0003508727005957825
0.0022689796566131458
0.018224023928738824
0.0028147082909440306
10287382334661155e-21
0.0004718708976333377
1554114478629698e-20
0.0005051393205779892
0.002533362339171195
0.004289606979677696
0.002647865034937305
0.008651995963164126
0.0014593622911554711
0.0005408635663929277
0.0009720600225788111
0.007121227881165164
0.009009168685149631
0.007510570750911119
0.00020656194648576196
0.00019363908197095295
0.006758532709497582
7303267351018818e-22
0.0014129215228237957
0.0062746548254032876
0.004064379350515044
19324781149186358e-22
38363226799490624e-21
566395349728922e-19
0.0001575781138865858
0.0008225556005446277
0.00015072847515550713
5657462105310285e-20
4040890576300942e-20
4181230795823843e-20
0.0013185690924854955
0.00045109025671541425
0.000167543138414822
23190228019831105e-21
0.0008993054584911429
0.005364070379537385
3741995760424647e-20
0.00014211136938086001
0.00018343181459701832
0.0003749553425127609
8264201521830093e-21
4938602065665306e-20
4940063035308788e-21
8001952060154349e-20
0.0005410240577753194
0.0013825401084260657
0.008312618286987275
0.0002533213234635131
0.007332569385119432
0.004992450712389777
0.0019321850150844672
5309109946726556e-21
0.00022017552183387326
-5703336886560177e-22
0.00011267688196192593
35178234014532905e-21
0.004632791693682306
6350105180403223e-20
11943419386445508e-22
0.01416713305558819
0.0023477536898892128
0.0026020026001216637
0.0021384698455285335
0.01382232698918049
0.005104539644953608
677548583015699e-19
0.02496243214050514
0.02008870275652519
0.005412850124469682
0.00020587675225454134
0.00020488596323952097
0.00047212469047972546
0.0009391496554143211
0.001239616965675553
0.0019180403606659663
0.0022558791387012047
0.002536341652545643
0.0007778790709541078
0.0009506714902830862
8007971120240599e-20
0.0019685543477037564
15595429056968325e-21
0.00012308959529188987
0.004295079677566242
0.008683494865288936
0.006569350106795128
-42204353566176916e-23
0.00011627547069983933
0.003888177540325362
0.001223059067801928
0.00466948673656314
0.01808026636452578
0.004658527359977017
0.0036788605381699716
0.003578474452758277
0.00012388310913057863
785695856144648e-19
0.00011958571713951584
5440613824623883e-20
0.007543757104138163
0.0010988887806685367
11182965649219504e-21
0.0005140546409289046
0.011760089162226778
0.004238854807452028
0.001129333280295098
0.003034733811069076
0.00014623321422868382
0.011150634645528098
0.0006775912482302177
0.0005000076715331598
14768183686151258e-22
9739173390072316e-22
7602949753045967e-21
0.0053920184879819
0.0004007721154889503
0.00014273891083648992
3748730136533551e-20
0.002429139484938322
0.014108927832520195
0.0005167982652827384
0.0016524505744398709
0.0001119935129173888
5840963837133881e-20
0.0001486397909974452
3717008465632706e-20
0.000563078470329952
0.0002056243020142716
0.00306073643395196
0.0058952443386096984
0.0024566199768076566
0.0075425724299632855
0.01923464365117531
0.013548564716816048
0.00011901215519058963
0.0025555598093260504
0.001210497906872451
0.00027577835572079
0.0012169831074898927
0.009371799873706371
0.00026296408485502505
0.0026374905558895897
5196428639962575e-20
52833635308067005e-21
8201491146657429e-21
0.0034529428797392407
33932530098941095e-21
4369878869678219e-20
0.0016816462527297054
0.00013135696473045696
0.00037677642336538214
0.0005475789687394862
0.004096644555520746
0.001127003771875981
0.0001368716517107775
8334909949669992e-20
0.000674705753877467
25912431452618887e-23
0.00014896391455979495
3313676284980845e-20
11927926999337973e-21
0.00010969934698552493
0.0038143052207747605
7446109259208838e-20
0.0018208784148377732
0.0010058370654198142
18819197005081604e-21
517356589954011e-19
0.0001049201626367394
52881214679937636e-21
1996492773264342e-20
436199387324941e-20
15174560697142085e-22
10790198421580695e-21
0.00850210483497461
0.0025256771057802154
5343707641155056e-21
0.002629499815192215
0.0012803743644293794
0.0017268260649786547
0.00095825438855273
0.010019537977722346
3481965747281252e-20
0.00022330949893958774
4604990162455157e-20
33129802912792534e-21
15749738031049785e-21
0.0007567953835882211
0.0003135479331290348
0.0002530137063359892
0.014341612517306828
3415942556784799e-20
0.0002559679605695209
0.002792988220534044
0.002593849389407124
0.00035782633227066747
0.00011320887846155359
0.005219238119107703
3605968295090511e-20
0.00020909866236022782
0.005296742952915934
0.00014877459140823107
0.0001690882201156253
0.015457551596315509
0.007318706027134199
0.002278840847849907
0.004272169941664439
0.0005627687911554781
6059254822231557e-20
5957516114238476e-21
0.02801147657156634
0.00032849674676864996
0.0004613400359536135
0.0001274116020317874
0.00044634817389958473
10156917697206027e-21
0.00018425478035180888
20435545907325116e-21
0.0003531080902987866
0.0032089797801877653
0.000232822549473844
0.00013494709390579813
0.00044065649977120336
0.003074291142424021
0.000702180698549295
3514154170630833e-20
0.00032629058465373745
0.0034430325114885255
9510116958346065e-20
6223552348112873e-20
175782441258139e-19
0.002122213535588662
0.0009543686746896436
0.001875293813306703
8929681860129413e-21
0.0001919477453640388
0.003253464234164295
0.0027033608719569027
7172907717623486e-21
0.0002905823699265476
0.0001430175334684264
0.00024204603559628378
0.00015220736720052548
0.001392462967846039
0.0006992569390636856
0.00028310035804548686
0.0007011356716930322
3099494097261464e-20
24925282305634638e-21
0.004289451186249671
975134683517479e-20
4239741793603417e-20
39153266571691535e-21
0.0017645678057939052
0.0015313370835034338
0.0010502688985358508
0.0002581225179878432
3806216243761074e-20
0.00013311914152342496
12936912284769418e-21
5884885134036027e-20
0.0008045353194809612
0.000794250947256386
20616697276706508e-21
