0.0004828955806550851
0.0005352022756638958
0.0003413875395943702
0.003479971734623048
0.0019569960548200907
0.0005080025217105959
0.004984368673612546
0.0037554276067015687
0.02520621201101534
0.1038781075363963
0.0698391783275772
0.019961223349964863
0.00010164424229522415
0.09513268157207463
0.09826399985976367
0.05751838935868893
0.0038576871589929914
19387043983416412e-21
0.03711544939122872
0.014048706579687906
0.21692592006241998
0.18246248850583754
0.03283236733096809
0.00037592868210822834
0.004264090632164185
0.00012459430484182846
0.00451049810317025
0.0015866492390513656
9149042190221357e-20
0.015837307685062852
17466134230789947e-22
