-9502039076677183e-22
244452430240887e-20
-9742442889641052e-22
3574084126338327e-20
25832336818435734e-22
0.001124971449441657
0.02770149044531357
0.04329573239095961
0.05803779278044224
7734569292800158e-20
0.1141720956437857
0.05520487938992194
0.19884439242541693
0.000246779373438442
0.12494653121088185
0.060916731011291386
0.21379286497448854
0.08502115153651656
0.005649683275770522
0.008844055469011687
0.00021268936518740585
0.000952709584898601
7766427214696117e-22
8854062454412703e-20
0.0002045451762942386
1940992793944823e-20
3751575228956923e-20
6634365331622073e-20
12282109730120881e-21
0.0004906321084024105
-786165983292013e-21
