-7335757940165699e-22
0.0003159538258019544
30998561219686924e-21
8649526046608649e-20
0.00016367047215287798
0.004430419314716352
0.00015155761803761043
0.006558847292410182
0.005393466201086235
0.0009452577935228356
0.07371487721611669
0.030199179562170626
3855401872093054e-21
0.04640889262439412
0.05736601737065149
0.005395410262148069
0.0003239920786130521
0.4781698808506718
0.08813943063214272
0.061063979604566034
0.044099920077231514
0.0850807406196293
0.0012025232841237174
0.007719924668097048
40158628020966636e-21
0.0011277145002918756
0.0015473034983636215
5628733695831798e-20
0.000262942667002081
-9978926295001857e-22
2034245944449632e-21
