-21647225745917384e-24
0.00019274646100014739
0.0001732327407010788
0.00030806774512143464
0.00011180989154477713
9332169701290052e-20
0.01022874034638779
0.0025593292545109878
0.005491929011715958
0.04404108145706073
0.16036165514260015
0.03792349298205336
0.3124114397024289
0.17289976474575386
0.01570565194505787
0.0010031990706927854
0.013429181672982978
0.016595138034147038
0.0843925559280362
0.0011627489079190881
0.02264842151140872
0.006701159413449895
0.02984286124665007
0.03410200400409678
0.005248873354274499
0.0063544134418718505
0.013894317561888428
0.0018492411151668317
4835730038194853e-20
-6320799842741837e-22
0.0002259180412930974
