0.0001089220851881836
0.00017331717134928487
0.0006854611722015903
0.0015585184972056515
0.09883318654634628
0.008681748986411685
0.09260733325055252
0.28474112024342935
0.007367880693153291
29069884543356247e-21
8600523700793994e-21
0.052642835697972304
0.004737357429813118
0.3011552608493678
0.08280446270097702
0.042830228530869666
0.008973411760643556
0.002885666667689574
822607575710405e-19
0.0006847273962076807
0.0010379983155871459
-9945883844597322e-22
0.005731184296439074
9373429530361765e-21
0.00027073231345956417
16287677880050422e-22
0.0005641243418604024
27178352474757026e-21
0.0007675502497572525
5384563010284741e-22
-6847800067442483e-22
