-1679093504396153e-22
3858712588257847e-22
3137243718452511e-23
-786948740262933e-21
0.0004890642558224076
0.0002717413794726599
0.00016831586553114197
0.002221984279319039
-22540981890024182e-23
0.0013952839422235969
0.006457566128939973
0.0027800152242104885
0.08717784649830841
0.261318673860118
0.04490690948830631
0.0021896853322245875
0.00015861327160565663
0.00032203100102544727
0.060731530424617534
5944776533091534e-22
0.06919279475630266
0.004590997573766515
0.33607527151709815
0.0068488195097547175
0.002690103157181175
0.06841280958774272
0.03842420526656574
0.0008528066691471961
0.000386070482403228
0.0011114664647541008
0.0008255626101186852
