7572764472155298e-23
15146643274014583e-23
-5329488046388781e-22
-9890772583629816e-22
0.00026290306865212954
19629983943115025e-21
0.0013731078577221352
9251831469280393e-20
0.00014046883069597556
0.005794359334972921
0.03548298318597751
0.006630769820225383
0.0013155803737723022
0.11109638620801765
0.00101497013291839
0.2021253156483253
0.2557839777030798
0.11535020101797853
0.00015970215538689845
0.1922410440818526
0.00014908449088543417
0.0510806297658273
0.0014700272792345429
0.013146345102550399
9718212785099198e-20
0.0015354023280610065
0.00012842340075161645
6932522716499854e-20
0.0002580356718880486
7755576396126737e-20
0.0031053659555963825
