-6145889234616516e-23
-890277552171234e-21
22944180246385347e-23
1937405754322814e-21
4410746507959208e-20
0.0008798213835409136
7466003434827522e-20
6951992346675735e-20
0.0016176393808507003
0.040545086081135
0.11449962815185244
0.06589150992657274
0.020244692774339938
0.28847804859859333
0.11534083686806558
0.00027388706969785556
973282455052263e-19
0.189834013077603
0.13898830203920215
0.003592341299115743
0.00041553551925565656
0.010544916290801731
1166029076494088e-20
0.00020587585556710455
0.001478332592216414
0.004899159672504145
4745640973352245e-21
0.0018024462554493538
1021579559842617e-20
0.0001552253088009493
-7506520135798707e-22
