5204522669933934e-20
2271097463773709e-20
7223894568048e-17
0.00010867232068679149
6596990888743639e-21
-7374549634073817e-22
8555117173336469e-21
0.00015399807374555895
0.021506639376740123
0.00018028186209783205
0.00743038764259821
0.18156500761204752
0.17458624888568738
5494662002752631e-21
0.015483185237340553
0.41710819354925355
-7862176545928138e-22
0.09582313549001703
0.005063590370063645
0.009554988922930257
0.02479754992528765
0.001995265467792893
0.03171158004185723
0.01077304901677356
11113740645136643e-22
-22877032508176842e-23
0.001097936681251309
0.00047617695480626365
-8981805421198773e-22
0.00028209600137496104
0.00013591389998604818
