12571048469886808e-22
54506051719337895e-21
0.0009139077389547204
0.0011334248956499716
0.0009347844829892619
6588424083242897e-20
0.02232921994706515
0.005790782160849322
0.004155901911205536
0.00014902155404293484
0.007891782514125855
0.012648636822335635
0.026380298497667258
0.0012451908477398481
0.10573532598252389
0.010614437214375208
0.005957949951743782
0.005950791443226045
0.004641986638163624
0.04348975376751323
0.015475802473202162
0.012871503584640778
6348594084246762e-20
0.003230905804777329
0.015565011816129065
0.024578523993329493
0.08065235835075664
0.002722529579683204
0.012402446979787889
0.054153657978875225
0.005920049924166543
0.00985235186933479
0.008124848257780835
0.000648242953099072
0.003587080614163661
0.06438396119286095
0.0009647691369779707
0.001983159801152948
0.014372260587037415
0.16201606446516645
0.10310347687243758
0.028661748531165335
0.017604829855432477
0.0029649352950573936
0.0020448265952297973
0.0499847292657457
0.006062022188141309
0.0003583402139229245
0.008439551871677125
0.007412474875456595
0.005450071027016019
0.01274542262596828
0.00012315335499415251
5483397842713855e-21
0.00021408124261612305
0.0011709937159620472
