3238067140833854e-20
31073297779311096e-21
4837077206862423e-20
612286755165438e-19
0.0009358537838298366
0.000787370201006209
48721093340986805e-21
0.00036641818285186015
0.0002253660636430963
0.005143851068242428
56924494271968785e-21
0.0007206632267660179
0.000571833539711148
0.0021210466681421745
0.0030202136544994524
0.0013902149339493778
0.004680006390791679
0.025203348874320155
0.12062562042876697
0.009047992258137561
0.01985341665050838
0.037136504963163446
0.0003079774515775389
0.0006648001442732257
9239956805555185e-20
0.0020606807052041087
0.017426636428163524
0.017164445807237576
19313316491724114e-21
0.0059440744382858015
0.017369777841888846
0.023314834895954078
0.006188067404100855
0.08916144341295558
0.08377879449139
0.07362676337229936
0.0002829699019918808
0.02251631040810324
0.005951529906768993
0.0006418091064842526
0.14638252276411284
0.0007535643762483916
0.00013542147947203254
0.012631560630207105
0.010410794281996162
0.004362646995807772
0.00017665590085404895
0.0018065100999733934
0.08262100971846112
0.0007168790190921124
0.08633379766684471
0.0020722754500428512
0.0016707329921611318
0.0017628993243121805
0.004215991882515915
0.0005493108538684397
0.006023149967927624
45942213690673495e-21
0.0001727033036040847
218637292568848e-19
0.00025404211105296826
0.009632992832272893
0.009917115881546071
0.003945056822687562
0.0037784370138912583
0.004570594614943318
0.00630866692691508
8913992685796416e-20
12313475932371608e-21
4130737046726244e-21
22851246241050447e-23
