20074746847535772e-23
3713513219305084e-20
7041552688868906e-20
0.0007083192012437531
0.015597512141715708
0.0001876913456579703
0.0028461138248768825
0.0015868228960843847
0.00010448031185851348
0.021697357842628048
0.0018747405764355282
0.036311333837518195
0.0026337090661728998
0.012320542645137258
0.000156507526820952
0.0022362970179603133
0.015425298179390213
0.001682083327825696
0.004625294360219857
0.001446296358988603
0.00023524074107139246
0.0002286067789969387
0.002221793376795066
0.0021005982269594946
0.0010816697867636798
0.0005071337727418202
0.021061333221498633
0.05164227540104424
0.03400431119594062
0.03317192055525331
0.002085426518866218
0.016305007052913108
0.011410635945100079
0.017919066752344986
0.013085897931435199
0.0031895453322345843
0.027193249200176628
0.009006776887091564
0.0010566294068970758
0.003913409589349547
0.007686591721820402
0.06120982821321997
0.0017563260811036064
0.004632984962960404
0.0009436675407623762
0.0005257352894606097
0.010780083006078581
0.0031296076363044635
0.01060296370814238
0.009967085609654388
0.0035314677270534994
0.005628469066011594
0.007170230098106692
0.005594416871275514
0.043758341790702086
0.007634403257466306
0.148461691163962
0.0010069448261677508
0.002950733686101185
0.002445728878669936
0.01418428636901355
0.002757540264732866
1711258571046692e-20
0.007770155682982889
0.08600987838761988
0.004233245963911852
0.0028724141733621677
0.015448174968136068
0.0038576314256549265
6169654697896984e-20
0.006007049830377778
0.0014504114725244345
0.004082735155077228
0.00031249825020309834
0.01742632566208303
0.0006690657182947309
0.023620830627371595
0.020898434354598695
0.005281296031264672
0.007682816731259561
0.001312304016984514
0.0008020694698059818
0.013228381250469556
0.0053957439304302204
0.011502903542750716
0.021290945277516408
0.000702941109910642
0.004416465555222115
0.0008426473358671092
0.0034760176343014235
