-59571440262080444e-24
9833337343553512e-22
5637037643859325e-20
12132373847399704e-21
1578217743559855e-20
8674916320852607e-20
22702420768941554e-21
22655784000750674e-22
34955131907023187e-22
9846555617534077e-20
45049795781612286e-21
0.00027574409454518583
11261476437740237e-21
0.0015566680030058612
0.0005178187475884908
7140103435938476e-21
29458528461147338e-21
0.0006348985023853973
0.000426938789358191
614807780293097e-19
588526052469618e-19
0.0003697269248054821
7617997776646716e-20
0.0001415463645713913
0.0005943233405246249
0.001051233779549623
2629977512072193e-20
6195830495049493e-20
3677652191744672e-20
0.0005590551168209585
6995222751166827e-22
0.00011232369630275302
0.00033940260841298854
0.0001061198159431945
4660328493821802e-21
0.0020180770396149694
0.0007869231119508513
0.013237377677132406
0.00011682076320452361
13365808352372068e-22
5489199695187523e-21
0.0024107732108733615
0.00040572536223871635
0.0034252151316494276
0.0005124679767713791
0.009517247942095143
0.0004500399275531559
0.008783782466791434
7135926647702911e-20
2654835473743807e-20
5520054508246275e-20
0.0061629938000772036
2121227478208998e-20
0.00019367765926791075
0.0002574659096747668
0.0030912769398249544
0.00037732707177372894
0.00011093810808825356
6674401956496371e-20
5810413685148677e-20
4017559981517399e-20
0.00017536816244243658
39951412769574415e-22
5630331733019929e-20
0.0008459540617801617
0.00016048354359774844
1812793918981915e-20
0.00017978118074576125
0.0038338474471504166
0.00021402571732857004
0.007557720201490776
0.0006204550428986763
0.00861009257993753
0.000606540495831307
1559916941036266e-20
0.00013076886647884385
0.0003225272994382977
0.002222413490421164
0.0010963167162491507
28439062442826568e-21
0.005094840361036017
0.002570627580246291
17942779740073597e-21
0.007090994546934084
0.0022765374868771236
0.0015531455309712523
0.003224888788181265
0.008901709423292338
0.0005233307789662076
1557223062024212e-20
0.0001545089739034433
3507754462566684e-21
21865327614592408e-21
0.006322664377693953
0.009971274621624313
0.0032713520813842578
0.0001306526177217195
0.0009385003302753498
0.00013172369681315965
0.008664467881021171
0.001957177836329238
0.009276994244093863
0.0008859101732233283
59794662441767365e-21
0.00010239313823044842
0.000777450137171913
2535714387675786e-20
12608570990684491e-21
14942696716257478e-21
0.0001757433948374351
0.0012109838931236645
0.00041258121693745435
18918327814724084e-21
5383473684871499e-21
0.011192337240476403
3193748019136285e-22
0.0057527961659399095
0.004671724593398271
265048140323854e-20
0.0007605864982598676
0.003203541727109975
0.0037566765199253914
0.0005869189620092933
0.007824979367200021
0.0012029971350043407
0.002950229919858168
0.00012796243809157682
0.00029508827163942557
17349529991553112e-21
0.00011775735273817835
0.0024268386533068636
17803868529799444e-21
0.0021061364319636183
0.0012031133246372513
0.008815384406608394
0.00010080967806532122
0.00013104981713798702
0.011416940195011854
0.015840060436030683
3072913587002726e-20
0.007989658061381476
6406055974532577e-20
0.00016753555546910551
0.00038955827813854434
13358037099802041e-21
0.001356205579445637
0.001576486549781394
0.00017754613486573983
0.0003451173954801306
0.00044083826886423733
0.00033231284030276853
0.00033667293905007776
0.01692950455079533
0.010604598378297357
0.0020898359988485615
0.001878657533509564
0.00012018798480490155
0.002591701435725353
0.009226947938184543
0.0015482672498507467
0.007860994701853733
0.00011255367377263032
0.0012137228391648533
0.003209761377205753
0.00014053427146785383
0.0005655999905745203
29856361440292982e-21
0.00226981818169903
0.0023811593584496514
0.000204741198614524
0.00015106622808749585
0.006836359310587906
4457304099937095e-21
0.0028354132980695384
0.013233801272613126
0.00022675522977566473
6595514702215172e-20
0.003127299083985809
0.00022971402211590593
6494983919643431e-20
0.018468799340573692
0.0029286180907215167
0.00019892174216340358
0.006660298093670339
0.003886180149274498
0.0019517616323600797
0.00020809048671622526
0.0002576909995147259
15582781448977062e-22
0.0001614209349800721
0.0001780944002383234
17978511303751504e-21
0.00010333073719762546
0.0016564692623424282
0.000801381933137055
0.0026688512585003785
0.0010976167690032843
0.0011333046671934317
13075973477005718e-21
0.006031698742411129
0.005769169624538543
0.00023392938183746235
0.0002979424055616871
0.0002561238711271735
0.0005566416581335706
5157074621470897e-20
0.000224706412926308
0.00010157397543879294
0.00013950076191895496
2028988445813392e-20
0.0025836239320882145
0.008714139227819
0.00017640091377929478
0.005064135661001461
0.00014836151710417975
0.00019804713687036421
0.005769354016797642
7758671683095458e-21
0.0003523235138823857
0.000600060899682845
0.0013643602828127613
0.00010265147245370988
0.0045969778909997865
0.004439198855854998
9681234348988413e-22
0.00012098358988005671
0.0036551564734402593
0.002406870197358831
22944880140467753e-21
2089402832565009e-20
0.003643541836968271
0.00018993495106603786
0.0002084655423220035
3190558133215738e-20
0.0034709414974222566
19534889081858577e-22
0.01697965856391656
11170184275176559e-21
14913502801497922e-21
0.002322660482085081
0.000140463698117737
0.0008486588858370571
21867186815417356e-21
6368211630988984e-20
19277674260659454e-21
0.0004029464426396091
0.0001206708809343495
0.0001277163778812653
0.0003408361191556768
0.00015237787613269082
0.0003693758707591745
27509756969389145e-21
0.00018050475253174537
7944986101182445e-20
0.0002696569720129678
0.00010546961461048912
0.00023405401124494885
0.00821975340464111
7194965656512982e-20
0.001878975148377189
39358937621911575e-21
0.0003827907932009719
0.00013246722367758916
6434613698043544e-20
0.0018372853055870272
0.00023382673557428534
513667400132939e-19
0.00022236350513416838
0.0055702670471483315
0.005397782263583654
0.005267949966371515
0.004868484224248046
10238138588356575e-21
0.0013810302071252797
0.0014193685699440868
0.0002363282483281182
3424041244302104e-21
8080721926630543e-20
0.0007043753992508257
0.00010471658976566754
0.0018946838529877413
0.003739171806514713
5834298984491499e-20
0.005361087638298842
3433106176249811e-20
15773508242766862e-21
0.004954675837010351
0.008771832586070727
0.00519525059500489
0.003186014485358981
0.00992327490921369
0.00011113983538285734
0.002363530884661505
0.005259485535193857
0.02141956467584514
0.0005778961420722633
0.003624104180419403
0.0017457614993137112
0.003757049661660873
0.000693418313233231
0.001629592597324271
0.00012492738999498535
0.00022440853335569844
0.0009223175718409353
4163544186383436e-20
2380040263386739e-20
0.0009569406861404853
0.000777946837288815
0.009824366624977668
32309794588433325e-21
691691379329863e-19
0.008905332682183248
0.0004798249566001015
0.011125316351385644
0.005853203547946228
0.0003494988750535077
5604649451449918e-20
0.01066740260052906
0.00809410135216039
0.0008046890669311779
9523574225451831e-20
0.0027012721513405354
6940067886303375e-21
0.005112679773910553
0.00018097144301572676
7434701328649796e-21
0.0003181092928080619
0.008721359659563062
0.0007087638859554082
0.003964825465593784
0.0029311100213344522
0.00466848138468906
0.00900562266723582
0.012461729338792882
0.002633388820201509
0.003936659770634903
0.0047641021048849905
0.0026299063324364312
0.05363273953011308
0.008247646922994978
0.0015786724675394559
0.0005862896937394066
512345047782306e-21
0.0002861055021442667
0.004449508467637677
6698804914946137e-20
0.014069013880215944
0.0003303519041369009
0.0005562992654788822
0.004404314926703227
0.005049995894472919
0.0006027668429155816
0.013010374493951057
11216915492471991e-21
3304375298102425e-20
4229795577160456e-21
16261202370733363e-22
0.013822650543900401
0.005388965703073743
0.000685010860008754
0.00024582673006963337
0.0010252685253494974
0.004680030788175327
4779330890888987e-20
0.002218081655157959
0.003397898066731561
1398584334914286e-20
0.004653112867149957
0.009907872082312561
0.001549420370853832
0.0003368714618951898
0.002583586750263936
0.0009935137919295746
-99459679620119e-20
25232481953434073e-22
0.0002342643183560429
0.0003655560978690071
5421291547499612e-20
0.0005058301080523543
0.0008559628002702094
0.0005534250765891421
0.0001619344756835025
0.0047826697637328676
0.0005364819095843485
8160884131730496e-20
0.005978105481133678
0.001817115111049428
0.0013214319111832314
0.004654355889066601
0.0011727899133219962
0.001680097056441263
0.0021122370194475667
0.01371129400140102
0.010282887143839731
0.0009960272461731077
0.00021672157333137238
0.00011740932467461449
7205470634879221e-20
0.00022550029359271975
0.002275183426991671
0.0033111701762781587
0.0001482834839922626
0.0002968991824296493
45459478001149045e-21
0.0007213027946393414
0.0022458308788683135
0.00025555809015104935
0.0004503451417208096
0.00319691493275725
0.00011720845107735144
51776587300366016e-22
30739466517935216e-21
0.00011904671101594629
0.007127819620122599
0.0020206487921886336
15734767695567702e-21
6244317958893675e-20
0.0010007640390138595
0.0017474682671767244
0.0009682887882902001
42167417644768146e-21
0.0012898772474123842
2646706337195392e-20
0.00914167129348794
0.0008010917867390127
0.00018315144192142024
0.00021685995258541432
0.0004061152085122997
0.00037788549360886917
0.00016082905986962553
40840075876303005e-21
0.0004937028589567674
0.0029567952673920364
0.0013434213622713674
0.00010449694872024052
0.0024519680738706792
0.00017033433412274562
0.0013807540903217274
0.0003753962244253247
0.0008180539219688374
22070983608957822e-22
0.00029109321680653965
4638202431221419e-21
0.0006338860463750964
0.001781584623556456
0.0030860809499546754
0.006869646198299201
0.00018444766002510281
0.00082948932027312
8747253720417476e-20
4353073042552757e-20
0.0013072468418214966
5203577941115698e-20
0.00018298890928925555
0.00034878518365456557
524718684468486e-19
0.00015838853102241625
1176304424449938e-20
0.00043939358595700666
0.0002727194382128402
0.00023673063332643873
9090810051223432e-21
5327067040267251e-22
0.00010773157791887378
