0.036138671177535615
0.02764428721571426
0.0008806430363678192
0.08950716813658102
0.02632998954471798
0.002534311173409825
0.003262044755505261
0.025556029462952125
0.002243701235684378
0.010280845343458358
0.034952214397626274
0.05399748182700432
0.052907141483239106
0.02278548307814195
0.04394558207657237
0.08437100813822178
0.0766499412141398
0.08016285574844605
0.03999703577692964
0.047962175425976465
0.0017732779589717713
0.0008894409222332204
0.20357568906112036
0.0021420955915857627
0.00036428053271866256
0.0032527571757856055
0.00025439688131098897
6735566812575343e-20
0.0005284741164321442
0.0009371669419261505
0.0012060117840380464
0.0223132941151363
0.0005871490023893644
