0.0017168654204966452
0.0008537484287951987
0.0070069301680162335
0.00020741578274846123
0.0014102863533115067
0.007398667870500362
0.03987993495064826
0.010722958566955682
0.10265271709272976
0.03830956648848247
0.007315839204979598
0.10744488710691796
0.1828903023170477
0.1470184373021249
0.012291200426276606
0.016756806239176504
0.0010346647009044656
0.011846600931589742
0.02855971075174989
9574547949544013e-21
0.12860201676284738
0.11676299295712288
0.002279857096643772
0.005445627108887986
-8849037959380115e-22
0.0072790865935057686
0.0014713125311532358
0.00528486728180895
0.0005400099941039587
0.005598921552405679
0.0014090783739145218
