-6218915797238066e-23
-5197049824154718e-22
52558745358743006e-24
34922181389854383e-22
614487119470148e-21
0.0005806774735600268
5267761204815723e-22
0.04819123016649509
0.022608995698957208
0.026674218217015124
0.036779137819018135
0.002874471221071826
0.13412368731582816
-7152257686644967e-22
0.0008321810711271937
0.018335193304118726
0.007227652368057971
0.4208271173977447
0.0744660535152685
0.000893234702736824
0.04255205927627553
0.0906238700143637
0.00012614733934163933
0.004535812256710721
0.042609261633649545
0.012781484975161036
0.008909923652209632
0.0007188150449809619
0.0014832377899929798
0.001243128956207923
-980130108422969e-21
