-9742651597964196e-22
0.0005314536625429811
0.0002990664732619161
0.001028268549793686
0.02780162242231315
0.029533651340455783
0.04632352251725156
0.00141326246335888
0.008760402146436965
10814438212824307e-21
0.08871828482240955
0.34479857067844755
0.006971218859155732
0.0724156182975415
0.07075703131387953
0.15242732472769877
0.12450227581332678
0.0004073459684175826
0.005489922118256927
0.0019135596078510473
20208654651659427e-21
0.012057010101826894
60713093914386684e-21
-5863865768624837e-22
5322135114436025e-22
0.00019287592993213278
0.00019572766912395184
0.002435336554494205
5375991583207091e-21
0.000483956150676422
0.00044660807140956384
