36487033944158535e-23
0.014821876444720649
0.004899284097963924
0.0023531371969891923
0.017681810935441942
0.03030868496614481
0.03365854112871643
0.04098314563212421
0.09139421871113766
0.0009828167536751929
0.36488822811351673
0.0015655490242863558
0.0017098801870587478
0.26522433318566596
0.03530317237733114
0.0029954501644576005
4762528028514758e-22
0.025861026050710896
0.007055928396944287
0.0011995848586182959
0.0013553113884099536
0.00023156312346455589
0.0014222409535701904
0.03594449556790354
13417236771227838e-21
0.018129019365323084
1676806371631516e-20
-32504780521886717e-23
