-7956590168162451e-22
6053290386218043e-22
2367748615181655e-21
4998405014732169e-20
0.0009342604820901435
0.000424596970013344
0.0572644976313254
0.060383255549083366
0.009377818206597364
0.012554605641589943
0.004323021879152768
0.03387100891669344
0.08038347358776668
0.003881777265779338
0.007093559625883139
0.005508976478930486
0.1757727144479861
0.28917028009116513
0.004769573991973712
0.0008936691161593878
0.06332171247027253
0.00036581503293228973
0.00019656669910739615
0.013443768307554496
0.084527166892225
0.06662741598049135
0.00023828782088683215
0.02240235290982687
-6543699670204017e-23
0.0019992839770076186
0.00021844399571813747
