5174510027995219e-22
-8741782902227837e-22
-6587030534998715e-22
2099045380679938e-21
38383805529994665e-21
0.01988639828981595
6105189862423687e-20
0.043457537842789745
0.0013054861340280719
0.01113746461517656
0.1809005858325509
0.1608311404901296
0.014898428315483941
0.0026321875957501435
5326768610212391e-20
0.0021755090646536743
0.025644241147932397
0.0066610487810261545
0.002742699951825311
0.0159549142197469
0.205281527932679
0.0035335862620272896
0.10487326936736605
0.18039945831840584
0.01618488125470357
0.00021738511777728405
3154061690391637e-22
0.0006880237622012837
0.0004401257860744523
-21228343412176272e-23
2097898249137487e-22
