-4799061520543621e-22
0.001006729216668249
5599211673995532e-20
85122622140764e-20
0.004045803284199089
0.005909330893602786
18038096443050102e-21
0.001140351849155424
0.00014344754120713057
0.0001549641411703721
0.09585577060281905
0.005765573970451343
0.0013728647165541052
0.31781172027145393
0.09068359970201662
0.011125171062988697
0.02726281973171908
0.09578122018812889
0.21387451874755392
12206948898349816e-22
0.09145823745294161
0.03299430790895608
31564055956273724e-21
38640666881199225e-21
47373657139030605e-21
13143917070381109e-21
0.00026372438386012734
0.0006761692303567845
916465983609773e-21
0.00246729505403289
-8809410087941738e-22
