10107365828904431e-23
32618822027646895e-23
-6634514004283964e-22
-4732472245620702e-23
4661216451316496e-22
32218655498841834e-21
0.001648919444674818
-5514020471657711e-22
0.00020240130368345808
0.015655062048081727
0.0008877594385368822
0.00011170081450430204
0.0019280254599062265
0.0026187623025413784
0.008073591452458714
0.00306432805155059
0.044874159797473605
0.3085950386484187
0.004500877637105521
0.30761489763797667
0.16244178851714983
0.05537176951303701
0.029312747382113046
0.015283737939299605
0.016442457075478718
0.0032621643077705097
0.014502169396910099
0.0007409443205161507
0.0028309477253556934
3899924604135097e-21
