14542578081338143e-24
7959653990057666e-21
993922603480549e-20
18264369428845052e-22
563614395394546e-19
3930153668206906e-20
7131084584767798e-20
18501603800659844e-22
1471167360732751e-20
0.0006211342028519412
0.00014277331424731516
9309298589435427e-20
0.0001900251667981481
0.0005295830064385762
0.0001311291673378479
0.00010538986331920298
2529225660615121e-21
0.0004984584999617401
7373178170375146e-20
0.00025579695070734746
3965409884216227e-20
0.00012735808677115422
0.0001090643462340756
53316433786991146e-21
0.011780103712475391
0.0031068734055283557
24815963988149032e-21
0.005101235048046714
0.0002155430772246485
0.0006745646454358316
0.00017960217584447072
2180601089984785e-20
0.00041426049562945984
0.0014283301744899676
0.0002994353571840418
4077393977756683e-20
0.0012293182943993234
0.0001151510800772877
7407473747140677e-23
-383458693171781e-21
17133451402730214e-21
0.00034014182275565985
0.00025097689249436946
0.001393716332981771
0.0018807879666710749
0.0005799972742957498
0.0001922919401140172
0.00010316392824559721
0.0018474628546568158
26556625120390068e-21
0.007814601064552654
0.00023436223437153095
834255201845629e-20
0.0002123954185698539
466840770617162e-19
0.0008397128165370465
13029031569431778e-21
0.00010450997760872222
0.00013604964347141554
0.0040900381593439545
2948924752069776e-20
26826969937259664e-21
0.00013120707731654438
14288991958238024e-22
47112167198753105e-21
0.0006604139940899669
0.00022760470696533874
0.0013283957755346799
0.0015619824828500117
0.0075575791125910416
0.0017445539875551384
0.0021377954552398945
0.0008908352775666587
2492176473302572e-20
9460891759569028e-20
0.0003963850787668399
0.004402691547149885
0.00040856485002528403
0.003802942858418569
0.0020753720209030794
0.0027991588382478803
0.007999754371198166
5130775141071591e-20
0.002744077232951192
4547820988380527e-20
0.0021165890237957972
36277468253063883e-22
0.004366814785517299
6714264897201693e-20
0.0007020063669812544
0.00010189291016028738
0.0022721528068957286
0.018470162577547043
0.004212620188084202
0.0004833256780043004
5492576987589904e-20
0.0016553734818847835
2461051551644819e-20
0.0025996060873166556
0.0005723256875754787
0.0004909369517093913
0.020248952424579067
48314226194232505e-21
0.00021014900316000803
48286323441684546e-21
0.0013878041580303118
6399935907024367e-20
0.006171418216246557
9116062034167958e-20
0.00829183631855535
0.00010492641369277202
0.005383066330966634
0.007635822594592614
0.0037430864129880353
0.0006776447894676984
0.0003812593566388554
0.00033045737009182436
53912232910816815e-21
0.00010092742135989582
0.003274119370561343
2719437082899682e-20
0.0009727791491431094
4434086890686789e-20
32891843233283855e-22
61355739948640215e-22
1897741240996712e-20
0.00016640133839002528
0.00010608739538756693
7859731486173122e-20
0.00015656466767061697
977041498211924e-20
7364230621778562e-20
0.004279476994564424
998235776861605e-20
0.00022882479535795252
0.00279246901696796
17521006779459341e-22
0.003892921869247941
52650710102613955e-22
0.004920879529924747
22978416268377172e-21
0.00022664966870712168
0.0002307520776193023
0.001965791689363098
26679432353396147e-21
0.0001555788139558081
0.007473921071244773
14524152528531436e-21
996261108382821e-19
279366063016504e-19
0.0017005918819488978
0.004096839370427743
0.01347889291463259
0.006536375359454124
0.0001966161501503924
0.004938056692845222
0.00016211659121415195
0.002297646240500123
0.007265107564569531
0.002015473721130595
57201992660499125e-21
7991635576349936e-21
0.005479399917456865
0.0011617741893978797
0.0021704720040550086
0.007286408279621476
0.00016249765790593576
0.0016881934727978128
0.001756080005482096
4910499523487827e-20
0.030565951824249264
0.004528816032152982
0.02820257294435664
0.0005108172864636161
0.03727449928431936
0.0005538969976242302
13443352678921537e-22
0.00020027306302302348
6700542450053312e-21
0.004859241809085794
0.003888030900441233
30199334241237477e-21
0.01241251431492346
0.005772241685425002
0.00011039286658788362
0.00042607301500536247
0.013009094501425423
27546867961094138e-21
0.0015476067088120195
0.0040034610820895555
0.005740501141399359
0.0005994895188685009
0.002892627001436363
0.0005900924380641252
0.00015490799042603025
0.0006465473413875523
0.004230800185600179
0.0010828783925465946
0.0014406328100644641
20228443585977923e-21
0.008725993588724956
0.0022525572790827353
0.00438393439156867
0.008099829866496917
0.009991099274858214
0.00013240208562392863
0.0001455457412941778
5658191451126698e-20
0.0011466135692908598
0.002611465250952073
0.0008111930389713318
0.0001453657213627484
0.005597227946557626
0.000172908422995648
7040778887656632e-20
0.006248848118348954
0.00029530168793545647
0.001003454378050678
0.002560484018554642
3735165034586376e-20
11846010491899868e-21
9909987846793598e-20
0.00013130654760413443
0.00017543209783500688
0.0015547503248801511
838157281828306e-20
0.0016857995846621071
0.00046806691368030855
0.00011879066140569956
0.0007204152558873781
0.0027314729663631605
0.00208172003467758
0.0020275252543529377
0.0003574069613306145
0.00010490804807753159
0.00017983974974814895
0.002003099404176831
1841777310161103e-20
0.010622148487634582
0.0021761687354047037
5301966655332289e-21
4506279472788574e-20
0.0012189123187922417
1386504384963156e-20
0.0008467340860454118
0.00015303897529888498
9581613001348664e-20
10819871961029022e-21
0.002901793236568593
13489162488466552e-22
0.0007999535401142471
0.0005832287756100078
0.0010410592121450947
0.00022582876493419958
0.0014996812548607708
67833479545413e-18
0.0014334866391745831
0.012176818507366877
9864910347724681e-20
0.0003028531429715917
0.0015423279075550793
0.0003268067505090473
0.00028159237296213974
0.004874470023542966
0.007877412809696718
0.00016003546583794612
0.0016513517475067175
0.011570103001912633
6544483297096082e-20
5236852131446169e-20
0.015547831579077836
7384009518929179e-20
0.007990207646146375
0.02205433800186622
0.00048348781997801144
43030211250680644e-21
0.004784166724773864
0.0025041709067280876
0.0001571117433682766
0.024605581996094066
0.00010795823306894403
0.003470448309932942
0.000606369152613362
0.008670196935478651
0.004991527834057637
24815288077082502e-21
0.0033608719569199275
1363894828599218e-20
0.0056197040321037655
23956087144083232e-21
0.002176200141297381
0.006237878996732198
0.008759204542002309
0.00792983485235062
0.005169194598794136
4467537120007269e-20
0.00026653785121439965
0.00023824212602799273
0.003521690570721918
0.00010635542192566744
47453145058762265e-21
0.0016928664312738364
3764674184566056e-20
0.012374902254105416
21497071094500673e-21
0.002831654698578411
0.0019448007907654746
2934844889723448e-20
0.0003704232779028638
0.0008545023353133781
0.003583587786004454
12145412613819349e-21
0.0005370127526611587
0.00011085376666190649
3498740546458281e-20
0.000989207346802201
22515803401775205e-21
0.000266581649246864
0.003514791659497028
0.0001303237232344031
0.0021659596387179707
0.007910342750554548
0.0013147483002431631
0.005633879250144523
0.0009470124738141145
0.0005077283433453113
0.0006310258572597462
0.0019314185934318725
0.002787766977539284
0.018206038629268124
0.00022854083387437068
0.0025044812522670126
-42057376481624257e-23
450194344612846e-19
0.0005263178365699204
7710856802399393e-22
15545071519503076e-21
7187302216506832e-20
60632288695457614e-21
0.006187335638573983
0.006359707029169523
0.0016751028812551237
0.0007399621965300954
28335296501261588e-21
0.0038784614038367333
0.0004208666476669692
34321622251355415e-21
4257849698746342e-20
1027735440181785e-20
0.007597582014186068
0.00460893382570564
0.003289863433379689
0.008750841110843649
0.0024514557852505703
0.02018375629785533
0.0017251347501655659
0.0002937085010977506
3793169482711665e-20
0.005002271974395847
0.00014974768518003165
0.00026540248332787314
0.0017553711491195187
0.0004363385417667797
0.0005390724655185944
5597368890740545e-22
6052188634941296e-21
0.00020220977854214952
0.0009150266852140597
0.000773335153596006
0.0004005152149446277
0.012115564692581795
0.001807017487014547
0.00208191847648646
0.0007849512581076003
0.0002801576194505916
9022539361256128e-20
0.0011293175866447082
0.0008196388555257046
0.0001303055570386099
0.0018955986025674864
0.007001289071555154
0.010645507029979849
0.012035565943611062
4837066057734875e-20
10781151338246934e-21
0.000973069901291321
759630922327889e-19
8809270632739108e-20
0.00033925106219614444
0.0001620229679229599
0.0021667119676404972
0.000298331601233506
0.0004599190186196276
0.0031539923799347377
0.0019120586822030776
0.00022559053703125889
0.00013446486752871758
0.00011046338882520931
0.0007633257565803511
2619522892962664e-20
4802790797022159e-22
0.00017921623200999664
0.0007021916603369458
859591363159326e-19
0.0004996051633470137
0.0011425654949384905
0.0067572009781377744
0.0005381505408667397
0.003129772268216825
0.0008016843563866164
9075000469105353e-22
-4935906805872664e-22
0.005302918744014708
0.00010298682861639095
0.006430790335661238
0.004148627834573532
0.0027281347955826966
2388748246613524e-20
29436451709627223e-21
0.0003089381805114136
5524670884512443e-21
0.0006755149871185175
10183614638622185e-21
0.0031023278949047733
4198823810828755e-21
0.0015840285601509494
0.009441322680418938
8164083383366259e-21
0.0002902708526691048
0.0002755705424626448
5864804586283997e-22
0.00018297902207590225
0.0024343512869266625
0.00018085175454534748
0.0016429247693875986
0.0002829867248422739
0.00010203532765539858
0.002255657204172569
9252814935174461e-20
0.0046351171591018534
0.00017104909844256142
90862135213598e-19
4223896718956605e-20
0.0003505359966384133
0.00042212143969368545
0.00042919193319473345
23792147575671096e-21
0.0004403272817571254
2119991758813311e-20
0.0010866639187712681
0.0003500422667134255
0.00016135300181524187
0.0029331719804704436
4675504109240001e-20
4702771453146449e-20
0.0016395708636203004
4344407456015241e-20
0.001154127008272116
0.00015439550788464324
4867027998756983e-20
1509174055651628e-21
8430292441992737e-20
747912285654661e-19
27981950976137557e-23
40608541368822596e-23
