5664687088412176e-21
0.00011721790328989979
0.0001849345614253613
0.0003504462990336595
0.0028046460164735222
0.004220783221532089
0.0015717835671471626
0.05464433697030877
0.030368698179555762
0.009445048493250528
0.06011477329367586
0.03987169760244372
0.005426798161860513
0.015264317350725748
0.007054906738529886
0.022348044240912402
0.11498846936056868
0.3314439453893822
0.1215748639881151
0.023827443732190565
0.09752118415612215
30073203833383543e-21
0.002171492749899477
6460956417946065e-20
0.00010323847741220463
0.01923305294912832
0.002827537818361806
0.0011208930797193006
0.02742492916573334
0.002585389233961522
0.001288779844139073
