794677973799477e-20
0.00011379355748954213
0.007261743656494804
0.0011149661931120322
0.012328222470141335
0.0009036437533552031
0.03276083244228998
0.00972686741668149
0.0059315092945600775
0.010856647710553004
0.0002287477442532411
0.008174897110448937
0.01569374028312755
0.021883294622895785
0.015240895095912475
0.014973618146305842
0.03017980773595226
0.02195945129245783
0.07057930267460324
0.024066972118721434
0.0015638920639418107
0.019242072946536872
0.07898801352837642
0.003633044536714256
0.006205890741509314
0.004540177302615151
0.05935556316702033
0.20224187765997506
0.006469262150236772
0.05818010990599029
0.013858070087838245
3773517752926281e-20
705599444002886e-20
0.0029730018121896127
0.04387464612187956
0.016345287911441613
0.00796955566952867
0.0025089397215603657
0.0009002175413412742
0.00013624976133780748
6671560592877674e-21
0.0032923990731070656
0.007872160182055303
0.02653618442964702
0.011790595609899047
0.03551541499510448
0.008802865824098284
0.011644161197873778
0.006750053610028846
0.021462884176480953
8761557800263235e-20
0.003701390533861374
0.023284013561079637
13261148902768986e-21
0.006222764618169261
