2867864075003998e-20
20605857163472772e-21
7022652100020622e-21
11365676904975936e-21
0.004844644979283026
0.001103444879168749
0.00010166990451341803
0.011908908234812183
0.0029424911249580302
0.0024080016808595765
0.093259101105963
0.01505146019128638
0.0019276683850873336
0.021985333739743314
29666829930745625e-21
0.0013787339729787636
0.00047312263118112465
0.09293861480083522
0.001963586164159589
0.010091339787712855
0.020387733041505637
0.005058275289041039
0.01808951993140236
0.02768043453827937
0.003980312061636668
0.026608449383930362
0.006334472677755185
0.03149175524091013
0.00012772822139326358
0.008119386842074038
0.0005424065182040351
0.013711639490076342
0.0025553075165215913
0.0009792039781775829
0.024695591115424922
0.0010754287932156065
0.0014799253237729644
0.0005488252177455183
5654070760783152e-21
0.0012390290975532153
0.008516592975523405
0.006437005747607782
0.024585154623593248
0.01494128297686413
0.00010037114313312152
0.0007213771151625277
0.00810925408860672
0.0009732870842210649
0.0010434671280286796
0.0012553236728398594
4256433935178458e-21
0.003385077994761321
0.061415816131815376
0.0001997918058234841
0.0046778624740527975
0.0006917048856909982
0.03135587466856463
0.032376249341641426
0.0046248450199817435
0.004096351053736848
0.016833298367686777
0.015413154662684664
0.03850364843134066
0.04652346289140754
0.006975322764023109
0.05551502547789019
0.035721709863294114
0.0013282529111994287
5102231669468504e-21
0.012289171550017162
0.0025321110844834537
0.02734757486537545
0.001962104492537393
0.010406072623327867
0.015250541397199252
0.010505017374763028
7390692535200621e-20
0.007504610400443842
0.004006160136354097
0.00156996756887705
0.00019138807325914137
1976862965783111e-20
8678019207018442e-20
0.0024409673449786377
32716347183011774e-21
0.01936859926092634
6105157663091731e-20
607495736382617e-19
378023546916286e-19
0.0007364746726805944
