0.0009567307041009588
0.00021876944131631396
0.006768818786162512
0.07433752075774616
0.06857225408413231
0.05953923918493983
9355200487459934e-21
0.014362915160725867
0.024807003149173012
0.029288499888027262
0.0018606545046214484
0.18012398461763723
0.055748915423642326
0.0027988871890590717
0.0010645096745382616
0.0002902707451035397
0.03445210143728563
0.04139659349015366
0.08806151951452028
0.02027251424023689
0.004434832672210176
0.00021799523578627954
0.0005152142043995886
0.0839452600764562
0.030425995392379494
0.011887748472377002
0.0006990076495083449
0.09641955046683107
0.00011479590613368179
0.030648323558483667
0.032355214284802175
0.002824705036636979
0.0005802998503836715
