0.0006463529012863953
0.0008648192015069655
0.011653321888255783
0.0016717468853324304
0.0021212912183072915
0.006343946763795636
0.1449177386910146
0.05840832902571611
0.01104510577839641
0.0011562402411837863
0.005358008167639848
0.009116500815918508
0.00022058233244315014
0.010806444364057834
0.030152494842665658
0.2998928708619856
0.06530370321892029
0.009719501394896711
0.005442546874183649
0.045399925758264535
0.03857027011037702
0.09713322116874974
0.000988187210074718
0.03496629159068944
0.028207245534024764
0.00871603172799422
0.00363930489583981
0.03149225088829579
0.009301912125651634
0.025499759165202692
0.0011813529786794843
6270137864932519e-20
