6018950706207371e-22
5771372351494033e-22
-9764506271262552e-22
-9111277677046638e-22
0.0014597430018532317
0.009547199638234973
0.0005055903284688216
0.0007292947531097762
0.05421495213965734
9360778629864608e-20
4902871522331836e-20
0.08158033581320077
0.014004429434330423
0.0011282227173577276
0.1981741144531132
0.00029498679890576317
0.0017773287859687537
0.016528614569716153
0.0356926427848324
0.31366069760158877
0.005065461677272095
0.009608469779969792
0.0020362785494540637
0.19122307872340952
0.0010132575724663383
0.01723422759592128
0.042490351112747
3142641553673923e-20
0.0004117163631501133
0.0003646225334643684
0.0010810289008377158
