-8392511117907461e-22
0.00014430288800002493
0.002403756694699913
0.008077198597317677
0.00045294106223498794
0.0025511800208645294
0.016023361695717442
0.009947307363666285
0.02039438254987687
0.003665854226537581
0.0006741600132071092
0.0007957083769044524
0.0015910919201074544
0.4634099170662231
0.007649236719089301
0.03356955063796924
0.005046551169051096
0.24958654094216248
0.09886799292442802
0.001771179641937848
0.05208892525208716
0.0008545343313198499
20719293867997122e-21
0.01341596999393768
0.0005912092352453816
0.005726599909078725
10870934379896202e-21
-883387883841976e-21
0.0006692695722122684
6496961611603719e-22
7599107099771331e-22
