13597649911404385e-24
7983902819596671e-20
0.002721968364710916
0.01494609226558586
0.0011402237887336254
0.005529555939607154
0.016807118194181517
0.005343312155222422
0.0009522423791319087
0.015762690016992875
0.15814593441184152
0.007990930067317933
0.013247908358499351
0.0027686238373398307
0.02748826306504881
0.0009329929320306758
0.00720332117160341
0.014738800914952775
0.5212528894702404
0.005866203669968676
0.01809530175625898
0.1174795922712028
0.022463555622111275
0.0027056460709549007
0.012340706620146065
0.0005307335676005038
8867465517829746e-23
0.001089074968044451
0.002374934470278671
1541838091142879e-21
-9948819947157588e-23
