11376824262483128e-23
0.000727868674628303
0.0006409323718754295
0.0029420429926832327
0.01877381873591488
0.00016929292382731383
0.0007032696348250818
0.003656922711353717
0.03551607067481771
0.09341959663003
0.000794621967040333
0.14305710879586317
0.006797533222405686
24670712259140705e-21
0.35713519318730025
0.0009024992587816392
0.11286252083693077
0.04921053338168259
0.0032236524091762233
0.0284963213128168
0.00397466887940291
0.02150758273305985
0.10937735364228507
0.0051987503666881376
7158678580331181e-21
0.0008806769550036669
-7754574749027994e-22
