357439423381235e-21
-7270543175745867e-22
16480027916183313e-21
0.00033539300113230136
0.0001197342965021442
0.00019840414761321544
0.006426368688163638
0.0001251944577771258
0.0074772684025256
0.0007236960458286834
0.0011191521636743237
0.08277548421039674
0.06084991376657989
0.00010301552389776439
0.015365577766680547
0.1548161982542884
0.0055656446355264785
0.36739771910862135
0.03691254120374622
0.00010820873814813661
0.04544619756067655
0.09709455336320409
0.005810351955182636
0.08856157249259966
0.0018233845841755482
0.016520669397497134
11232501957981298e-21
0.004214934216400383
-6376747576622968e-24
8065571892546e-17
8297620035305476e-22
