-6468933495551742e-22
0.00024403605677558496
0.00018011686122735082
0.000210870763316927
0.0009829413489404154
0.0011850705308524162
0.039512587084125854
0.010464797170064367
0.000359535536842311
0.0010841968680844738
0.008129474394392504
0.002123056972474406
0.2503053969943845
0.05006616532422536
0.3653671335662694
0.006106412893087137
0.1664726789772451
0.003656304955651798
0.0684010723740543
0.005501514544074557
0.004252641871128403
0.0072982856983571445
0.0035387047054465754
0.00015803444409443707
0.0012194468281675871
0.0013171872326038093
0.00011632372139549184
0.0012728536752394397
0.0004549449562739281
19845829587113605e-21
-9852850331515985e-22
