6360735591892425e-23
-20837161087192137e-23
10234570203084663e-21
7992699080220359e-21
187667133294349e-20
3695796473549251e-22
0.00018391546264453118
848743661874352e-19
196564592876568e-19
35065846253440043e-22
18200365685260656e-21
91110508400549e-19
0.00150565888231474
13088173448263956e-21
5742401302622846e-21
27644330521794564e-22
24489550010736224e-21
0.00032481316798226175
0.00036620590411864576
44464571394236756e-21
52270694044667625e-22
1380144211607513e-21
13805284664697517e-21
0.0002000907733485258
3448711599048318e-20
47936939108388164e-21
0.0005477227172175589
0.0046959523960745505
0.0024148290919923884
32259946498137912e-22
0.0011382950372745963
1983031521747047e-20
16678518105596927e-21
7214576933448794e-20
6712943548212049e-22
-35738530983182286e-23
5712964736336324e-20
0.0007823561462796121
0.00013964500267204827
9230196421022795e-20
0.0026294717346672576
0.0005275108048234942
0.00013721569184981666
1293839500511422e-20
0.0005006605648505407
0.0004112219114205759
0.018072604622208874
5329916677267242e-20
0.0002745285148843311
12349182343098177e-21
0.0017488165815714742
0.0023783916816244714
0.00024692363262119596
5257738018849713e-20
0.00036298268492781236
0.0036262797285543224
0.0025641034777051444
0.004285529618262222
0.0013442670770194968
0.0006083135879060468
0.002779677909404642
0.0032141909584029716
0.0001909091878983331
0.0026760404741228054
0.012403149707993123
0.0007309365598246121
5448231941331453e-22
0.00040902450232518516
0.00019226237072322852
0.0003602369227408753
0.0001453004417390968
2450908980312597e-20
2970803646999623e-20
0.00020619044373897179
0.0003903636784443732
387892229139654e-19
0.0020687145278967425
0.0028581301993867822
11227041445579747e-21
0.00020686339596074155
0.0022735633649344903
0.00770380029840295
0.004294296880888115
0.009760005436849005
0.0006619503136362734
0.00031497298919256164
31092748769657544e-21
0.004275330227915424
0.004211641165378697
0.00035497984200625216
0.001117704129909901
7993184514638599e-21
0.0024429482792824356
2381891126419556e-20
0.0010079259501472517
0.0002933890722060646
0.024261276163183066
0.002364058630071731
4344573471397273e-20
8168690488516229e-20
0.00019019181315901046
0.008372375222766876
9236472083601421e-20
0.0001286315595109606
0.000627643613955505
49789882451672445e-21
796953202330769e-19
0.00021853821578242267
7073590996960692e-20
0.002829095990022954
0.0001535436070776744
0.003451651459147802
0.0003070436648202889
0.011656562153975229
0.0072323140548403355
0.0015146302614448494
0.0052109959778829365
0.0015388791655807533
64727095335663e-18
9458764714437335e-20
8963416705558927e-20
0.00046381231198265474
0.006123514390928116
6150243817952582e-20
0.00019494828115732492
7210519306672336e-20
0.0003733467672320043
0.01275812698058659
0.00010896372174337272
0.015872998461091824
0.00018660356945727984
8163233579665529e-20
0.0006757915671297062
21590953017272088e-21
6315884417575001e-20
629402705715932e-20
0.00019881032519908332
0.0037436494528987506
0.0003310449660125356
0.0013765030460537945
0.0017084215402258123
881188218030409e-19
0.003920775457309112
0.0030244117346664512
0.010454009073325474
0.005611717077134308
0.00806245538094721
5964313415440162e-20
9062285935307569e-21
4370342194273816e-20
0.0018819687342280427
0.0016601064417640194
0.007849414032354746
0.00036272411465485997
7960947647041801e-20
0.007074204578773847
0.001918009313789939
0.004005660841944907
0.00018063730493101467
0.0031415785968821213
0.004632675726954134
0.0027518394680574867
0.00596409097084985
7215448792177765e-20
0.0035758666014251146
0.0012458292273700147
0.00010123137153164165
0.0002989783352957469
7447197800472108e-20
0.0031661320677582126
34091533502443727e-22
0.0007613120814851637
0.00015333799396422294
0.008562193125703114
0.001740303258879781
0.00020974601288417273
0.0009526934603456439
0.009018743508080252
0.0008184275980346365
0.0006698886615332792
0.0007474865226888543
15670608848116615e-22
0.0003465478684512067
0.004701990460136049
0.0002829666854513686
0.0004271366055973037
0.0007687479765773392
0.001917420223273075
0.0037750146028744554
0.008597272161617632
0.00011536794765422199
0.00865707648598292
0.0022485604053471497
0.0005216005679478808
0.007572872406594553
16148215294818532e-22
0.0004425162498831852
0.011006030151077786
5428424107932943e-21
-2277654229104541e-22
0.004098235033750098
0.007141493069053161
0.0016642536120483294
0.0006618386631125168
0.007688380204592497
2829026739090993e-20
3426960452694344e-20
0.000764002767433459
0.0002739791625181766
0.00021070955857648366
0.0003662470098704772
27538525780253316e-21
0.001934118894467899
39124103056552475e-21
0.00016891890559923007
0.02207633008599891
4402810808272737e-20
937154334057301e-19
0.0002921125142339951
0.008147544670331056
24381334908169464e-21
5658031461279969e-20
0.00010765832907107028
51874572922811594e-22
7771346345115177e-20
0.00980960912248002
0.0001198468057842159
0.0003993943166297879
0.00018242791778440501
14421022760243096e-22
13470047004654183e-21
6164512483921583e-22
3687855461417953e-20
0.000499130854133074
1852249221948728e-21
0.00027936316398672863
0.006268587326741527
9711172720867236e-20
29567134953519993e-22
5538740839705716e-20
580707573650172e-20
0.00028564198132760327
0.00026871683422428357
2187752049733483e-21
0.00018438665072989855
0.00034700506331235677
0.0007585656104008955
0.0005370361792113109
0.0005079909965965967
0.0008132796092554556
0.0005352885094465448
6203195106019771e-20
4531319775482563e-20
0.0009027002080619588
0.003312303392200368
0.004167584346268403
0.006912236746810658
0.000585774942648673
0.00015385137895525003
0.010243711682561798
0.002835693018113671
0.009203965029434153
0.002809877202635066
2984750066284889e-20
3364653647570729e-20
0.00013647189680359332
0.0032421711728786453
0.00030801729201820004
9051166397140569e-20
0.002484975897597031
0.0035713263188935198
0.00048324881305309103
0.019767913994795494
0.00011753188906340917
29334076895311737e-21
0.002713884813182146
0.0017735657545591501
0.0034417962325516706
0.001337791310196903
0.0014502790169073243
0.0026474940810649085
0.0018837719374125174
0.0001218817116954874
0.001734237847440891
0.0015282425517300147
0.0058509069848620325
0.0016954820931437342
0.0016316993531591696
0.011583179250022517
0.002096300123463927
0.00028863106967387406
0.0028962800861507742
0.00011539106761338084
0.006614570163695152
5041119796257229e-20
0.00015990699790741886
5099745663985694e-20
0.004128259052682548
0.0005385398469335193
0.003449550923247534
8250697937301388e-20
42854004826102144e-21
0.005275787981072393
0.004206307471834451
0.0038123501721830837
0.0009956745116172071
0.004579544617627062
0.0010844498972354297
0.0005179608109534279
6646921570241259e-20
0.002857026252930434
0.0018126410443386125
0.002528804120640886
0.004869547138904094
0.00637072783353871
0.0022871424218143233
0.009575197571789797
0.0008205424729516555
0.014427075696973643
0.00120819709480946
8228431630531638e-20
0.0014931385651574495
0.0005081723257282413
0.004185407664691634
0.004834876387521611
0.0040040241542244545
0.00040683694941414734
0.00010120080262124577
0.0003848294228721213
2157740588939901e-20
0.004395523066083181
24150780861988928e-21
0.0002367499917476318
0.00011347173598337957
0.0002152660978147602
0.00013588837248018252
0.00014110676396157876
0.0004273860152862212
0.006331214291878435
0.002224214694191354
0.0007553637844077795
0.007495111612238433
0.00011510354444625217
0.003121861913832157
0.008773795458706561
0.03491741843803276
0.007465836269535463
0.004489089366355838
0.0011041368068879323
0.00045855632495758535
4320212455991729e-21
0.0010979913321748254
0.008036078355949708
0.0003727168428381951
0.01879173284318697
0.0024134066945109695
0.0024401160260833824
2495626631603533e-20
0.0001311816026071588
0.004355815758941314
0.009969734463848868
0.002988082385871505
0.0016912496039482383
39687204382802506e-21
0.0010946116640387644
0.008446010420597921
0.0015364316000930041
0.001680219602954696
0.00841982319459019
0.005088859211111095
4501837028757441e-20
5948351155942645e-20
459910221487522e-21
0.0004560372491054349
4949106536734306e-20
0.0004864329037902422
0.007162979202362793
0.0030506367458114315
0.003965667779537734
8248606909255663e-21
0.00021245166114483541
9863260564411978e-20
0.0006214227304015426
0.0006124989054684861
0.000977110511947502
6261003663764665e-20
0.015443037068799327
8467276795653439e-20
0.00020105098635393669
0.00026501797452505667
0.0021284923341229256
0.002061909936843792
12105204420176465e-21
21909372014567446e-21
57446650501277395e-21
0.0003456445236645074
0.00033772526892803423
0.0003579440879012342
5491450125458862e-21
0.006788139421092772
0.0059385174061168475
0.010825102561682787
0.000349365245935775
24591697276126743e-21
0.004108125244380094
0.015610445645973497
0.0002047653855738425
17738362284735443e-21
0.005377508987385813
0.0039522227222995405
0.003673824127430587
0.0009065443241948512
36155667857124e-18
22306834528076122e-21
40017113309025126e-21
0.0007617122019773485
0.0005420111250849045
0.006397164408651418
0.006260493671902984
8365947919689032e-20
0.00323596086001174
0.00010862737138733443
0.0037238330367549
13949462993228681e-21
16495709665542176e-21
0.0016511411338381626
0.0005474545663007147
0.0003218735175894073
3836909750272743e-22
0.002258612357853955
0.0006897752628321043
0.0004407383386150836
0.0005871426994098481
0.0003085912929352818
6706235096080981e-21
0.0005933999693971809
9597587532632888e-20
9997829873976968e-20
0.0015246062071521552
7177082747002964e-21
0.0014399217398103855
0.0011802710730388348
7538129234292525e-20
0.0001268320740663718
0.01077606507228721
0.00018387552827971344
0.0004330352977331621
0.000542637474861714
0.0002090257273239617
0.0011996164956707403
0.0002780361400997235
0.001025524440525118
6206745770120265e-20
36125081038426864e-22
5576565696602654e-20
0.00010253740411257841
0.0011248778519118764
0.0035115868449318833
0.0010247314496901086
-2011949249899272e-23
0.0019186187024116616
0.0001417518526371468
0.0006087266731959969
4718317353184537e-20
0.00026533987290598004
