36127520093849574e-21
9281897188986137e-20
0.0004839332280066815
7795519693768692e-20
0.002724824976460353
0.0006594065081811808
0.002209691970155815
0.0015319694798823624
0.00344979151840096
0.012825216320739056
0.0012982458574781267
0.013884042310772888
0.0002875486801351638
211264505534729e-19
0.004431866917557608
0.0017925743843346192
0.10019602416611059
0.040189011124072783
0.011151007748354619
0.0014019680134028996
0.05446109487195264
0.010022048088068506
0.01655503122870243
0.0037583027022801024
0.0019556604085896696
0.06265515727441655
0.03785287776503445
0.0262131140062598
0.007280518371211563
0.0002503210538363032
0.0002421078802314902
0.105273098519496
0.0043472232224240305
0.021210695094068942
0.019746033010477688
0.0007849066646647359
0.1082557666690693
0.014911915249974707
0.0035836053204900487
0.1267069773977751
0.001212884995221518
0.012658463386975809
0.00013130318264192354
18819994822717355e-21
0.0004599471904433046
0.001446558192396884
0.0003162461192237853
0.027872024015515584
0.00026861950383110026
0.009688193122675364
0.0728967110213649
0.006636222634548081
0.001162475931482497
59541788654728235e-22
0.0003808703815926354
60037119902224517e-21
0.018700627880792357
34364569378527736e-21
0.009089809676772006
0.00262898399092768
0.0005727292969339548
0.0028517521639484815
0.0021516729449228993
0.0014490936823440327
0.00016840507853952186
0.001442594497183149
0.00011307602388293297
0.0006539812827196156
6482499096743775e-20
5049719991935371e-20
649606719705648e-21
