0.00047700608823293645
0.003428025183443219
7526225845234766e-20
9702414634899801e-20
0.00045367180868616843
0.0025124855900282195
0.01436711091866768
0.00018125845085523385
0.009233450174284508
0.015484600470154757
0.0002087220445412078
0.006696200661656607
0.013433529150093456
0.04050754606029585
0.008537004104654645
0.006580294256650958
0.002081501700368748
0.06146908790783161
0.16204505924769833
0.06664670138559677
0.012359738377739894
0.024834612123303422
0.04333153482585076
28128276760376626e-21
0.01626028948112643
0.0024452345022799955
0.04141040338467235
0.013786119010971995
0.009180259859941173
0.00013844015738557808
0.04558733396240042
0.01220051075779017
0.02030721943145777
0.0023769929775870106
0.0020570308401444168
0.043150146293162134
0.004390505754740354
0.019959560917572203
0.06651542568197755
0.03590311366803561
0.0037728460690431443
0.018309284730819768
0.0004638910602123853
0.005723366185518258
0.0034078495101010765
0.00017539442661877099
0.0014754917862070316
0.0010884397443571088
0.011091156297328767
0.00195112032786365
0.06979356269628209
0.01382872342400152
0.03528581236600618
0.0025060423118487595
0.000285962965608798
0.00010291420474072655
