38036710073629384e-23
0.0025861172701288626
0.0004755218316205325
0.002741492409864931
0.0038912773184363635
0.0030245190929599594
0.000989499706755608
0.000870139206649206
0.04623489721021699
0.04246407866707278
0.016880585888908048
0.0003244359290198756
0.2231565944022025
0.027353534545130443
15875167272836583e-21
0.0004296100424865212
0.23533045372848344
0.05225103139337202
0.0007740149377430931
0.004226909401066506
0.0502222326728451
0.02073142174709501
0.13551262231507707
0.014973565998484286
0.11087308961195046
11252896836730877e-22
26966411941388928e-21
0.0014368929816635408
0.0013898440906079913
0.0007233616229400081
8790874122038763e-20
