8763355303329785e-21
0.0003762142129103325
3894107961607414e-20
2381919676240725e-20
0.0053826156503262385
23074978611549174e-21
0.018719976390302758
0.006261863896313261
0.011453187469054172
0.0003907971699272551
0.016256243505683735
0.012840190895884373
0.008980965548015645
0.02064394750686575
0.036554459315576285
0.0013388784939402385
0.006404667170884481
0.00013811783231246116
0.027556505222525687
0.0019233795292635325
0.010545343454726549
0.0004860193241614079
0.0003098007222267246
0.008314653346871976
0.004080759502205911
0.03311458763468738
0.007734355019158311
0.059615594012648696
3406085604612604e-20
0.019633051280198145
0.004855017674112672
0.005800862150846191
0.022810367618536127
0.003876400992149086
0.032232434950942274
8409342794300926e-20
0.002710562282919782
0.0030915531912185314
0.024840759538415712
0.02885642753317828
0.003326703767104583
0.0006355331445754005
0.032523547200345955
0.011728161497053706
0.01267089634309759
0.007848059431323034
0.000948082365423449
0.0008991887352436248
0.00825345355721795
0.008198157618563295
0.0023118070664450677
0.0004894077598582448
0.006968752540396139
0.0006876420232926251
0.017769970126641294
0.1148190208009322
0.05405963900471467
0.01834271052013382
0.010354674345337425
0.028975428263548573
0.006661417629890758
0.0013199496997427138
0.0003085482799995434
0.0019257340645858472
5947533167022971e-22
0.005693283104137762
0.00769466942175475
0.00017631326771293192
0.00032343942144317454
18898441675066798e-22
0.005204390045535172
0.025981631853025405
0.0001506356971285996
0.018301779038877558
0.011366769926004872
0.00036764634703544385
0.021141782960379215
0.0001334136721357753
0.01700495595271534
0.0021340323233714834
0.0071546505591612575
0.005165477295703984
0.0449264326138692
0.005158402322189232
5854826182056818e-20
0.018337225472086653
3458873543235203e-20
0.002640619980827427
0.00041461620875574417
6241220267165683e-20
