-12265824784588916e-24
0.0010965286439699417
0.00046812914958365256
0.002918478530440247
0.0008625458442880235
0.005757884148425515
0.012597653827186054
0.0026784146321707095
0.00870182499396468
0.0029499135701485098
0.033660893003482226
0.01981428347838334
0.051879890540969205
0.002327840820048573
0.008580865073382328
2266076159991306e-20
0.03273546030390963
0.29984965808299674
0.042862891750925794
0.12787704622619572
0.0331154603949765
0.009689006112761727
0.13689487187042224
-9778245739618987e-22
0.024706482092244148
0.13104395327363436
5598614243690883e-20
365853785581196e-20
0.0062113774449734475
0.00060384276655062
33488072472350646e-21
