14480356983749892e-22
-9644618845799229e-22
-5514637703032559e-22
-8642573110851941e-22
42619141373403665e-21
0.0011136711263744414
0.00033989171420375374
7478149609768624e-23
0.00675604073288126
0.015298200548226398
43561780410551366e-21
0.04407539632236183
0.00041679925407658413
0.02381105262532162
0.12547831448640392
0.05119610872087664
0.44854010523290666
0.04295084511010563
0.0010562661244515766
0.014371726671841023
0.014839335700967671
0.0052502633341666195
0.012567078985347726
0.045956120985119905
0.07394616403529719
0.06034682004439404
0.009456147478379981
0.002148067096512835
9481824302849464e-22
2756070245664041e-22
-9636756845984869e-22
