-8358319159149856e-22
8991478690629051e-22
-40943142702775777e-23
6771224981410572e-22
0.0002548866077800954
0.0011524611065920542
0.006726264352606501
0.00372731021416121
0.0020858213141191836
0.005158881048554815
0.15399612313882394
0.11033821823228837
0.0008795347579057124
0.03688389960576387
0.2196603858430474
0.02094095627520189
0.12389476537107515
0.12170942167480839
0.0022801731144767847
0.005372696497463338
0.084305028770078
0.075328501165483
7941826483387406e-20
0.003676577900938734
0.011051009001133743
6578182079226838e-20
6954630933067592e-21
0.010266881212095144
0.00015809852048203222
-6534650432945461e-22
27201658044654963e-23
