-4443606041920808e-22
10720196740145633e-22
-8205590373759474e-22
875312815062091e-19
3994589914216662e-20
0.00017073926226761978
29804106210821923e-23
29082767920610327e-21
0.0003041071101616419
0.0001622118752603287
0.011943531601464583
0.052268957793443295
0.0006527622816579509
0.0004095364500834343
0.007006197872048422
0.07912994599315432
0.5239488869654955
0.003121940129182051
0.0012104319462346957
0.004310037923082476
0.078442271616306
0.18617835672670893
0.001843845293457105
0.023368606266936702
0.022060611713139066
0.0006359319910894259
0.0011254793430692043
4282863007304547e-21
0.0007281944312887381
0.0008071540515674703
9313410230061831e-21
