-15643403881364197e-23
3160750779638264e-22
-17959597086105662e-23
-8703798833709368e-22
0.00014200633051989007
2084421319975507e-20
4064396498084974e-20
0.0004864365789379799
0.00020004081903702265
0.00010903535743212235
24542672442690174e-21
0.007031014105950992
0.00010950915891380408
0.022266900682769902
0.05562232125810204
1978598461363634e-22
0.007148011297856202
0.24700155814913544
0.08153767823295086
0.04255020744020961
0.03911535560062377
0.40671053079017727
0.0006792439411301769
0.04927728754991043
-9720929266754338e-22
0.0026309684842057697
0.012834679466836387
0.021498226150379048
0.0017365538114137511
0.0012275510174250353
5174933549376915e-22
