324072674653232e-21
0.000157285995480686
0.00032991809236085194
8111272066340759e-20
8221646502689609e-21
0.003054028806194735
0.001493938567422405
0.00034491093560517003
0.14514228386898306
0.008974067235541075
0.5256673236978756
0.026088625261030698
0.12327040195292248
0.012042422180651893
8395775883611768e-20
9861291455830036e-22
0.01891154661971069
0.001400111717278315
0.0003880944616565823
0.008342676952099672
0.0854296220609575
0.014701167502207124
0.0017880063748890534
0.006843952843013344
0.00015611222925170432
0.002884117576224084
0.00042636464337876
0.011969768611178313
18997375077195276e-21
-996293306793434e-21
6484044934061905e-22
