33798573880974897e-26
-5682421014591693e-23
0.007140104821924532
0.0017398808828654382
0.012854245186975168
0.010794982160975174
0.047398036750462565
0.0015557835055270224
0.007366659917106837
0.07458787631420734
0.01758123668137901
0.011933442169593366
0.02636818329024687
0.01692949399444804
0.08404176346387933
0.18477404257385255
0.24103671916807215
0.0380529529119645
0.1305497679471343
0.009760631432201829
0.000909795302513483
0.0009353137937578633
0.0465912655051304
0.009199939698555268
0.0011501543061218776
0.013367510003707105
-3057674168130917e-22
8436005596831698e-20
0.002802195491042485
0.00045333668591994436
40688238108637287e-21
