0.0012108685153719213
0.0012765505504013846
0.0058790946449790394
0.003383061524969392
0.006496341744571266
0.0007293155312453236
19465997511710864e-21
0.0032407392882700787
0.005234265871202403
0.006359346449150197
0.009674801491405718
0.0002606891868959906
0.2101233967194128
0.020954083043678153
0.000445514418431142
0.005146257694125038
0.02040673562300456
0.030115616748055636
0.011276447585313853
0.013440866326276998
0.0019091126013083617
0.054647464106141075
0.21943152059290164
0.08392326798871375
0.007831635675006566
0.01160386267925832
0.0020180918647042098
0.016948583306607812
0.02202505787566571
0.0032966397194372217
0.004197519157092392
0.015564900448477538
0.037661744260820806
0.0961761875769093
0.015981738502225878
8761174422209179e-21
0.011936753877008429
0.008643371632441032
0.00046775987089550355
4021900677996065e-20
0.009669548046417733
0.018469969388541844
0.0018719084476852476
9232462650169056e-22
