-19295116614408516e-23
6700472489159768e-21
218026654809126e-20
14664815703161554e-22
47720338814930556e-21
2230071807973946e-21
2351131181040385e-21
10566679976627519e-21
10273687777439359e-21
21448082698963443e-21
175697231849835e-19
26066537000706588e-21
1633782981659312e-20
10323022382496322e-22
4732674551332895e-20
37342285938574456e-21
0.0007269669209823283
26427544742131103e-22
0.0005332413645411015
42179169844436066e-21
0.00013916499843594823
0.0003871443767213319
3438982646026557e-20
0.0007641526286239482
0.0012721367502841164
0.004809431271885472
0.00010146286027203987
0.00028549141832057796
0.00043120290704755983
0.002277070326593301
4675456486145742e-21
0.0026292431056602703
14436657844224812e-21
0.00040812904359701214
28195315207838204e-21
0.004829685307603361
7008888127990555e-20
4128913594193431e-20
5064302994889606e-21
0.003006109328051551
0.0012987010108919596
6255620746753558e-20
59967400883955104e-21
4677332094641453e-20
0.0015755797419143552
0.005459350873552732
47922491709932926e-22
394917533670321e-19
0.0018756316119357683
0.00011266122813472312
0.003841691287691285
0.0014785359129130275
0.0005665201702863952
0.00212144213840113
3400550650614649e-20
33187708335864545e-21
0.00011747298970490102
8539719740023862e-21
7970672562545779e-20
0.0026841496521335588
0.0017316038707154324
0.008631278577701464
17981123040048872e-21
0.00028144014439108843
11985227508630423e-22
27924035101293266e-21
0.0005760244321905897
6214124495579912e-22
0.0030863666026594403
0.000144394028494668
7388433342165926e-21
883482543547589e-19
0.005408669550059301
29329137070915487e-21
0.0014086089548214426
60348054819573155e-21
0.00023183982264311244
0.002206148700522847
0.00023092174808445732
66900996346854875e-22
0.0002857265139218883
0.0008841085639532251
0.00015173009906826966
0.0057915642821287795
156041728469826e-19
0.0003900533833292728
1892267188697472e-20
0.00013526534114290142
0.0018245662281830377
0.003935557451516323
4321198337675167e-20
0.005103914257969339
0.002701746003996261
15059980175754908e-21
0.0009204105295688751
0.0003146342802540702
0.006667015561230315
0.004399180717690386
0.00014130279805747397
0.016829641052544624
0.00038869308135351584
0.00021208559766071675
5618959699243155e-20
0.0001042528511570028
0.0023092013095757564
0.0012718149418476528
0.0001238742711498709
1475827434509142e-20
0.005442846766714685
0.00010366237042228162
0.002060627164794981
0.00017213818699521202
0.006787472481173541
0.00020091865488867054
0.002906253901065364
0.0006436334266298595
0.00042004655462801716
0.0033622970934684975
0.01734135800815472
0.0028564111094754917
0.0013155794350286527
0.003000968253266589
5820041431413384e-22
0.009706724057774336
0.000572506731012966
0.0008955735675175606
0.0003041719370462124
0.0019213915990313449
0.00036944726768603644
0.008305655872309109
2115768514225289e-20
0.012357091953970408
0.000672158916761277
0.0005824221723931524
0.009078292043770367
0.0032065949710648116
9418552990805349e-20
5968983900205411e-20
0.0019769894413288166
0.005685147889127892
0.00012048667486194103
0.0003404148604324339
0.00354536594997588
0.00023295984829780052
1980869100801578e-20
0.0007439214559860725
0.0004940727308455483
2737936788893325e-20
0.0006541799933001017
47612606085236035e-22
41632716981180404e-21
12007280391280327e-21
0.00023783898069456024
0.0007150171152965682
0.005595429749422278
0.00021526370554783995
13535282301862042e-21
38041927366263388e-22
0.00016158284501016076
0.0016828451579129777
0.0026804735458451747
0.00040768865821540646
0.0005326640892677708
0.00017311074996302755
0.0012313807437150518
1692593408328788e-20
-7517712830641247e-22
5646633636976657e-20
0.00020357589566268608
0.013976703413975146
25220734931229574e-21
0.00012564040312761803
0.0021973920527179136
0.01831556620064195
0.00032319113423448666
0.0006286580553294401
0.018954023898513122
0.0015384783885878195
0.00012825004358117093
0.001103459564308606
0.007381830884891045
7631053225873472e-20
0.00024349614846085852
0.00013639723150817536
0.002292761039227232
17227015042755137e-21
0.01357670040364389
0.0018279986124208384
7113961991880527e-20
0.0009922644205883782
0.0006443314635977334
2481257010527085e-21
0.0004596806504899862
0.004757552106620671
0.008810461807215357
0.01236941919548102
0.0072019437031010354
5161910467167275e-20
0.0048344412677201925
0.0067902285281445564
21359139440256067e-21
994136975430447e-19
0.012881724606873455
0.0011826728413628983
0.0003597595236129421
0.0025114121109466947
0.00333387707872653
0.0012108940277341716
0.005196983585567324
0.012565635133753621
0.004934278969962862
0.003358002532627217
0.009215559364031812
0.0009490536264210242
0.0028297200899542337
0.0004707814596865048
0.00027924311671948817
7018618473350754e-20
18496256459728173e-21
9868108387128026e-21
0.007200393595415113
0.0018973313429275554
0.0003973290683251666
0.0005640583594184059
0.00031468739055980023
0.0002831863565367375
3894954341307988e-21
0.00020179348437425994
0.0008919480790265565
0.002830350262984539
0.0004502854337408846
0.003729888753871576
0.00920112062101002
0.011255328487706278
0.006005779230907838
0.006948312916642925
0.0006504188464207935
18370286886041086e-21
43935252392004174e-22
0.0023509543074960618
0.0005003457935487743
0.0016120685945835386
0.00024257876053139494
0.0002477552539345934
0.0035920981180843367
0.001885740953579804
0.00034632432047438814
0.0007554132032433879
0.00039051769913550714
3110056328411837e-20
0.010786190306982404
8698822436349323e-21
0.0002548431650256377
11170516697836025e-21
0.002168658114243373
0.0001495954914675443
1570222968526597e-20
6904112528254693e-20
0.00010457993434283615
1971877045656068e-20
56617354788019964e-21
9384910189706647e-20
0.005341716351476614
0.0022802771390272934
0.003079556943263092
0.0009479402681812438
20241599413418886e-21
0.005365723643498335
0.0003878017844599349
0.012010703510283681
9767283156826641e-21
0.00013708923757076134
28373067851850956e-21
0.005357903883401338
6894134307678078e-21
0.00011493048417745175
0.0012398463740111137
0.005083160747287198
0.013646918009135884
0.003206662983525878
0.00363912937875787
0.0003988166556263459
10492759647352452e-21
0.00031546414899990844
0.00010666829385466189
7405988336997753e-20
0.00024216157095895371
0.00298316563450994
0.004648731398572453
10116743135436257e-21
0.00013564174524937532
0.002240262900190499
0.0009307217728143524
0.0003576777963185676
0.006156330750773823
0.00758613734111095
27588812461292268e-21
3537855395688769e-20
0.006565672188305349
0.00318450690884551
37000374316943535e-21
0.00022490215463961036
0.0021805029681002874
0.0008889691534287157
0.005799014353634869
0.003257776024814597
7838053226267847e-21
0.007548652171400316
0.005025083103634476
14737659322766874e-21
0.0059941953544562915
0.00018793455329126267
0.0010289410690588262
0.0024745697181580953
0.023061693170905565
5059513289558316e-20
0.03770568485999646
0.006942537581702952
7627723096161298e-20
48773422292322444e-21
0.00498468429205855
3153852624349773e-20
4205249633536431e-20
5845645653229636e-20
0.00525081947253976
0.013134856099571808
0.0013571061791795749
57732540885355495e-21
4841797612834502e-20
0.010482226314299434
0.008584588653889773
0.001984498806283485
0.0032139205635393193
0.009006512324005345
0.00019064811076877728
0.003965999877450307
3881272064421826e-21
0.00013123050487893844
0.0007727360524327039
0.005550722061289089
5218620831987478e-20
0.000413203815651986
0.0015093288652525325
0.00027740852521977526
0.01841695382744108
0.0003089783946743341
0.0027990104550974612
781252467641892e-19
0.0031545316076132257
6226844124900226e-20
0.00023648498148738068
2207242305317789e-20
0.012649503662374356
0.0022752242670624357
0.0004342032898931608
0.00025710026848913003
0.003082052899169747
0.00022483154260634656
0.004575252389392373
2437555113750881e-20
23450435134777627e-21
0.00032426168070378956
0.0005160448877693298
0.01139680732548129
9057833532926433e-20
0.0013229077609627261
4911017720529419e-20
0.005913481083764263
0.0008119776778670674
0.002483000929472858
0.00034211578821038654
0.025004761149448447
0.006676418174431841
0.0036904417014458476
0.0005382719929559517
0.00016538372162622393
0.0005547522441670486
0.003915631948583511
0.006004239452869548
621426113905347e-22
8531200440239698e-20
13773707072731284e-21
0.00023012214574771487
0.00031133420950453175
60790587958787355e-21
34615156160426976e-21
0.0016666971742056963
0.00010644754789422078
0.0003314958578241114
35482776088137234e-21
0.001037276909996138
0.015714174233660942
50445399654630844e-21
0.014134493815855695
4643594898377773e-20
0.0002500340152473646
0.0002844779570265615
0.000817463752443145
0.00033954815509237943
0.00010529839980624342
0.0038995023689113186
0.0009762909038756938
612477543157809e-19
0.00032502127949867674
0.0030330352310981375
0.0003432775743044808
0.004674472187984753
0.0024902536465100937
0.0006991051416677005
0.002643864238992979
0.0009050903438756432
27787735725622064e-21
0.00010889786707012868
0.00015607644085021395
9333039589154907e-20
6831218651565732e-20
0.0009456434958242093
0.000689258022597806
5651786454949445e-20
0.00019555265418409344
0.0008844182890294799
0.00022714469131009514
9510276772763302e-20
0.00025722115373965623
0.00017767823858629838
0.00027879861945238324
0.00023259973252293066
0.007953258259489593
990593395825136e-20
0.0002608245585737675
36007764410849156e-21
0.0003745452135825152
0.00012287776830147897
0.010229674810845824
0.0001583002215926157
0.0049000748735242225
0.0010835707505146117
21494837220258638e-23
4143456427771651e-20
20774735860194594e-21
0.00011136456178671627
0.0006865342263202918
0.00017298382010219203
4404973948549499e-20
2585597996896396e-20
0.0002837032472427943
29205253293791617e-21
43561654771843185e-22
0.00013128150558099798
8537405782614653e-20
0.00010258577179760073
0.0015929977435634117
0.00021014689762073152
2597838668405891e-20
1102941116566484e-20
13640765277801625e-21
12014841890313222e-22
0.0003385460235712235
0.003946521006275882
15628703100016295e-21
2962287947147523e-20
0.00014542146243863032
-10761571229535166e-23
0.00028030970080288915
13704127036139223e-21
