11674512510308927e-21
6513814990659263e-20
0.0005886271219460516
0.000223776305801549
14402642863500055e-21
0.004120102528602617
0.007267084291608998
0.011617590754770406
0.00043245005351972676
0.01595384828361549
0.006477341570955525
0.0456097525536085
0.018102303162947465
0.007142619157787863
0.02632094389861484
0.015173012977038072
0.021956454362503288
0.0031411437441957665
0.00024967987926204636
0.00019410904246766448
0.02850102664659196
0.0035851053547100685
0.006464625647637136
5059061011484864e-21
0.09095400328125697
3238448192520781e-20
0.0006381128673444765
0.08883628097011825
3904105004034027e-20
0.005764023059144874
0.00561109154197882
0.0002813737991922375
0.01027441264754089
0.030446383332112893
0.014540032347355514
0.008451854311663242
0.004058330429951237
0.0010905641633672562
0.04627876326953009
0.00011692546503865595
0.00010728525892654699
0.00018732739019842006
0.009845725129550707
0.01650830678700275
0.0073187544704793085
0.0015551885807935848
0.002298618728088122
0.11221569997937571
0.020579390528347667
0.005553714563462596
0.003876085912486584
0.008117415533933667
0.0034315403986857292
938239741172469e-19
0.005227367564087296
0.014136554195233733
30978906809775775e-21
0.006311695344777658
0.00032453536667058526
0.0003402227168239929
0.002047773422656029
0.0012992556445365544
0.001818448519700249
5981561153405485e-21
0.00033168853073746555
0.03008331473179336
0.08942744788329117
0.01478892293694603
0.0041306264892173854
6845690196405849e-20
0.00214638821245126
0.0014694776581000504
0.0035238174069654013
0.0012006162355827452
0.002335371836909023
57995338904044506e-21
16811999155425224e-22
0.016107794127295464
0.007880582777281564
23749400234726328e-21
9969555647197592e-20
0.0074367340257609155
0.0012594479799031188
0.01113391031183303
0.0004074097127334477
0.014945964589044007
3347688992938929e-20
0.013459992472505887
0.023752969970728115
293276235651487e-19
