6928804147661638e-20
0.00024612246060563066
0.009363422026714285
0.005428284041237292
0.009024934304197178
0.0506672279341837
0.02995471684466485
0.017941527423011718
0.006741937256220017
0.00608473714718369
0.12580171613541108
0.04306820464144285
0.07519007765311295
0.00015794244089466886
0.006250670494441784
0.027669233323634607
0.04180915416680231
0.0038442794940855775
0.012131299037944375
0.007097397956401426
0.010106913305539726
0.03270884121460287
0.003125876845922622
0.000727389926474833
0.07021030042315352
0.00011096635847414882
0.004793404211127523
0.029622948082806203
0.07830410161841671
0.0003110617409376371
0.006608630678738784
6359484999995236e-20
0.012924814094964428
0.09724774831410554
0.13505965598212835
0.010439769988977948
0.0002879016293096871
0.013374149391846564
0.00387988139583871
0.010041963940782597
0.00048119823060546865
6944336863485058e-20
0.0006502807365187363
0.0002656790254221825
3057015466926983e-20
1074166633465634e-20
