36509695454415036e-21
-2414067216175986e-22
7633751527915198e-21
0.0003394970708321783
0.0002003336615410675
0.000990789194656224
0.006683407056995975
0.06716238874741588
0.005736182930090986
0.04843576333398556
0.007035273425097496
0.01625389912185501
0.019108823098439472
0.3826515166680669
0.07649016761217511
0.04391237874458651
0.12732426904542776
0.005712693550630882
0.06968277972870854
0.023212585939736408
0.00016794960223869915
0.005671799392811606
0.00020905957586135092
0.009648899366238823
0.03421689218599994
0.02243738262081968
0.01835925625904176
0.008079662678839795
7471388246760982e-20
0.0001584774160093809
-743950831385833e-21
