-9966800895985283e-22
1718517780314251e-21
3317502698164462e-21
4318936620807548e-20
0.008348735441904119
0.00014985104920213428
0.027628229038164843
0.0038786037854520164
0.015332919258627706
0.027888735533849282
0.00035517967430551643
0.0016174070136820028
0.019426660552764152
0.06334023057886194
0.22744732923971595
0.2600927528837579
0.0014069109675398774
0.05420769815271524
0.0044183555725328585
0.01348160773315965
0.0015575499540425358
0.21456890104299678
0.03547216504738719
0.01351741668952745
0.0014011487727546455
8750856750610697e-20
0.0029005295148423257
0.0008926204655811924
-6863545568030298e-22
0.0005338995650834129
5115520031490519e-22
