-8810463355901689e-22
22201013457261917e-22
20247837815746315e-23
3224646203378998e-21
36808964338445277e-22
16610066275439104e-22
391264254716448e-19
0.0003338298857299062
0.0030856024326835984
0.0004086811787763352
0.0003258624957599826
0.35493300968105396
0.01823038371389198
0.06355377070945491
0.056736212604160306
0.0015390987292068145
0.0775253756449055
0.2783267861661023
0.012379826367215074
0.013962889019742013
0.11367231501960244
0.001094323552176504
0.0003976699414435923
22124230605988956e-21
0.000682838598462651
0.00020677120564751805
0.002133026890037861
6577854744020857e-20
0.0003338845800100842
-8607982285252961e-22
15650959944061361e-22
