-6128750543279757e-22
3406780934136079e-20
6320552712470925e-20
0.0006302318912468513
0.00020132564446533147
0.00704237512005889
0.005373637738711612
0.05034191368064098
0.000618990490799535
0.002190235767457352
0.22969292462955324
0.03629265903410328
0.004410565623242986
0.10810483105151476
0.057907893417530894
0.2959600541972734
0.03401118589718581
0.026408526602495926
0.009499052625976442
0.00025155137558283743
0.05334145479324615
0.07309729900846415
0.002634892673795
-8462311009759292e-22
0.0008874526016028696
0.00013819494085982618
88261323309218e-19
5722300461320303e-20
17474036230646923e-21
0.000708260716171176
7515307453517441e-20
