16102301617091863e-23
-4910827846138146e-22
-37559129347653573e-23
1809667178459971e-21
5078927337637803e-21
0.0013867963892787588
0.0018654199246940252
-1981605269247288e-22
0.12107717015182672
5310017401658638e-22
0.0004668446691215132
0.004637234616947141
0.10693020996192994
0.02551956253722169
0.0015846237939005172
0.05355434776777338
2136159615875892e-20
0.3791380682255712
0.015498533384457766
0.1586547764009426
4331048328612505e-20
0.04787475605139923
0.000933949704495182
0.02031432749526504
0.03861879909313298
0.01763404694565396
-9594441112929638e-22
0.003889305571081719
5871570039884546e-22
0.00035102384090039706
-6121025988768423e-22
