24444114841376005e-24
16025100696455194e-24
29121642863538974e-23
-8784320295556601e-22
-18248593659039122e-23
-6254367568077409e-22
4320795062706336e-20
0.0004212001291883756
0.0006048196957989881
0.00040799396548196374
0.002570916900450614
0.012449116539672633
0.00034602844896095935
0.037263426809805274
0.1452688482995101
0.0014235393022092137
0.02986036696021092
0.014085962057240504
0.2322100593118318
79647542621211e-18
0.4337573087550195
0.0003630580965766349
0.0018944957915381878
0.00022051765907273054
0.007287441897256289
0.022688349746628634
0.039583218224065166
0.013534416033237037
3054069755336048e-22
0.0017567047447792532
0.0018804044003201828
