0.00014074648925308225
3444017435148557e-20
0.000926071042556253
0.0024243616049574564
0.005098776115646523
0.012258644051849728
0.0040413712714633355
0.022414062959215955
0.009734567393758208
0.19051241896624652
0.05645183941288163
0.11331765589559009
0.0012843731417031194
0.009601852166342935
0.3324773824046725
0.02884354647121557
0.03858634086742612
0.020417419253323618
0.0017996297088918702
0.054080218484478824
0.030561583932362597
0.0001818796748556698
0.051176743054418584
0.0011053292777503014
0.008435785326720669
0.00041631496057313583
0.0009466257431746631
0.0020454951653953394
0.00010918601851910907
0.0005739771174796355
13618529255303454e-22
