-11088207288619239e-23
1576984811911753e-22
2414576352592576e-22
0.000246789177282848
6675661960928496e-20
0.00022358267828983814
0.0002922248425778783
0.000624985330915162
0.006553077444069517
0.0018734819724434651
6173624928314712e-21
0.023600998781782036
0.02796956519270891
0.00021511116411473993
0.0005020013243782394
0.0005811259042126262
0.0005884062452695041
0.006263478023957333
0.0046052116509192175
0.04628070677997208
0.0001452746533448584
0.0011458919153496745
0.000741860890429176
0.0018310725471766861
0.0030008025643923986
0.0005737412706089754
0.0005233000444071098
3713323459327051e-20
0.043445654712827124
0.034085369260600795
0.039964701478938165
0.1406809720125504
0.051478995622701064
0.0006355229644023323
0.02339558227130066
0.0015283367860566852
3837176869395806e-20
55343165960058794e-21
0.0005031319518147097
0.0024932033866507976
0.02587635516198213
0.005708169933014617
0.16512340725174413
0.015705307245794414
0.02693537286536395
0.001881687444596341
0.008112640658349728
0.01673215649245198
0.027136686614432585
0.01878588123451445
0.003974842536074815
0.015091531087054709
0.024298584387110515
0.04614180072385713
0.002422070203743462
0.0006991774019185754
0.061815513862354655
0.011359842208027236
0.0006002268399450943
0.0014104854481061437
0.04414270820891002
0.0008797647085692071
0.0008650608367962004
0.0030994550976018932
0.001110558016876812
0.0007950535063014325
0.0014702108572095113
0.0009382764097575688
6377459361036665e-20
6414312502636169e-21
18756317154289188e-21
