671978409788993e-20
42258208892946446e-21
2734412855397945e-21
5039106772873203e-21
0.0003694723136488993
0.0008188970357655287
0.00012396602651536012
24745238538244595e-21
0.010861895856504834
0.024664158070935676
0.005657240127464577
0.000194964428589605
0.000832588614190869
0.002726504663760444
0.00012072408715230834
49560751361706054e-21
0.005171983284468781
0.013594098275937551
0.00019949061615409558
0.07772454099039251
7026750933493764e-20
0.01985657387065847
0.0029056516015148956
0.09800331572764687
0.0012838750285830093
5908244047365622e-20
0.0004819028432165887
0.009964568919838164
0.006131436400599411
0.08039749913966869
0.0005911593228034403
0.01427245137255481
418986640830018e-19
0.0014360859492571455
0.05096480440846487
0.00022079497312809234
0.011566048949671762
3139015359946591e-20
33911142074852745e-21
0.021687690952630474
7173367680327991e-20
0.005709305975971047
0.014074982355646899
0.03991111920555277
0.011813766435602795
0.07418796203810785
0.001232145835545198
0.02627607409133612
0.0028613888634513762
0.0026593369852630014
0.0046182689114293895
0.06849194117843488
0.045083416948611635
0.0002667257850212516
0.00011665346445401713
0.0022155633765807248
0.008844363688926634
0.009420068294262047
0.006492936345471567
21418996748116252e-21
0.0009900355997428014
0.0021317854182380937
0.004119954934565559
0.013416788559771574
0.06337839537758146
0.014043642248660608
0.00018182960562408137
0.03646411097556053
0.006621450848864755
0.030543143989788767
0.0005422258009362898
8293532969876482e-20
0.001725010534172936
5404625252825697e-20
0.00215323515711006
0.0011833001903138378
0.0004807421682291412
0.0018433542059965917
0.0015506907085461464
0.0008287897710308631
0.0011687897245544828
0.004963776404936836
0.00564567018849747
8734146017287859e-21
0.0014015464646013678
0.001641904849830694
4980975705206145e-20
0.000373797843237437
0.014531938049437957
0.0003174011778501787
