24171599443508306e-21
2335971552186802e-21
0.00012015622065641471
6764818414584643e-20
0.00010989810196458606
0.001759594475029484
0.0001067484392306815
0.015626228501700926
0.005014224154027986
0.0013256475608948563
0.0020597099576236235
0.036983409005705924
0.021772179125936743
0.01786970234255855
0.05117931903673394
0.07411756151646817
0.01340051946203705
0.03740426410395619
0.0011096293827349527
0.051660157721259516
0.05309014988908209
0.04268155661760937
0.0008442738924136033
0.03698954246283072
0.08211122112455597
0.01935121004629222
0.0017397868480109973
0.0018880731356127522
0.010763598988219438
0.006433656455630632
0.013472371424667897
0.00044925553273004375
0.0031461737369528663
0.04011633777167044
0.01573056269201746
0.030463036271296134
0.04253274778842201
0.018766333967170853
0.004045486811009495
0.021600420733157565
0.022900418585833283
0.00011289830935965305
0.00024232954693893035
0.0027927033611018608
0.04868011367608468
0.09171377824301989
0.0008062679349563885
0.05393742258087601
0.0005569931123003504
44996607179505494e-21
0.0002697544246350038
13422564700750375e-21
