3554133863873131e-21
62464107694076766e-22
4535779666748624e-20
19722582700418612e-21
0.00011759054582893154
18650689765743284e-21
1769719039504158e-20
59393877111926945e-21
9549055661841196e-21
11457268115210886e-21
21105679135696e-18
39978230049860945e-21
0.00016476574113315
7209655783546312e-20
3084914007462208e-20
59134145764549634e-21
0.0005476585352946628
0.0002414582804241913
7665120941570629e-20
0.0003259326944693795
0.00010490108666378694
4622121972740397e-20
460205359635438e-19
8872590373320035e-20
0.0003196036043491096
0.0022902667573341806
0.004307284375967667
4730159682268389e-20
0.0006270982413707103
3982694215053929e-20
20379523860064542e-21
0.0008347417206792146
16875212051629381e-22
0.0029629253046345324
0.0025323388310276636
0.00012401407350092665
0.015120865543306565
21861732639463348e-21
3250682968617538e-20
0.00038679283866431037
48626894322173586e-21
0.00011298407282046893
0.003234610035329603
0.0009019020918014597
0.0010837425200463725
0.00010350068763954151
7677024267114155e-20
0.0020938026589034458
8499012956010042e-21
0.0006216510807530366
0.005733627850110802
0.007516524439373829
8683852620580778e-20
0.002943456275596517
9805021664258183e-20
0.00018870678621794174
0.007875022097167596
0.0004000719158346375
0.008087375904961263
0.0011137847825953538
9852791441125193e-20
0.005509042249921873
13559096581343898e-21
0.00010665123784916891
0.004002260996612522
4950527593235663e-20
0.00839884100281425
0.00027925284923982995
0.004488678558991786
4024430783613317e-20
0.00011344364418462551
0.0007497552282387771
0.0002024837583963967
4012382614255987e-21
0.0013898378868108542
0.000985005590952872
0.00016813004093950575
0.006864197975712816
0.00022056952033556166
5378417963632779e-21
0.0017587631524519076
9873013424283241e-20
0.0022864967121965533
0.0002447067182147856
0.00230486592167342
6143048782550455e-21
0.00019669860530599213
0.0011247418652603587
27461417231341002e-21
0.002040291321757584
0.0012486885177579274
0.0008012175090352589
0.0003856190027361785
0.0007349622753257643
0.0048823629816989065
0.001534269027797806
0.0004096207117867052
0.0002715050870448283
0.003564998175726343
0.00010036497732837352
0.003710564506802634
0.0030649425320125726
0.00029248349293422367
8592135119049847e-20
0.010771492748955953
52032250882911335e-21
31668199519134696e-21
0.006792853566036508
0.0004907810058531344
3079668291403553e-20
7648671836011266e-20
0.0005253527989614783
0.0006323014916449477
0.0026883738771222116
0.00010441908126022783
0.005648179383281529
0.00043700981833379036
0.00033783517980123817
0.0067425303245646035
12732362433236017e-21
0.002508230829628264
0.0017814257546017117
0.00032653240953294953
3835175956879099e-20
0.0002747854356426648
0.001734863880620014
6949266599679679e-20
7926058624681556e-20
0.0037390251920969538
14317463796396068e-21
2169381553378257e-20
0.000636060297906881
2925769641960808e-21
1300959935179948e-20
0.004182779633407703
0.00020345165202663177
0.000365193267434025
0.0008485882675889222
0.0037079044223815895
15142119755526732e-21
0.0011203135889634752
0.002174832400288696
0.004250258395220904
0.0003311340729457133
26291839497591268e-21
0.003716874777465098
0.0039627566645438015
0.001862987316472682
0.006254086120458327
0.008529050138891693
0.007424389634736689
20433605117150322e-21
0.0010216847351901673
6138777657676348e-20
0.00016837921555921956
0.004168276940845661
0.001641718207388372
0.006067978300185473
542333552132065e-19
0.005306600446832677
0.004972177530789795
0.00012801294361783317
0.00024957844747718213
0.0062804182197195545
0.0038616078006397407
4951870939960958e-21
0.000554074169484424
0.00042235238620183253
0.00232444045116308
0.004070327643083946
0.00021018709845140786
0.003977754919706054
0.0014561137913559105
0.0026068283856913446
0.02034444875610568
7994938679188622e-20
0.0007787817702244262
0.011482614653467364
2267920712428098e-20
0.002799039352708259
0.002661659003546547
0.005782359547526788
0.009510917312897067
0.00017719744832616705
0.001058684201832293
0.008431840328589464
0.005689408753606491
0.03983356013631666
0.011699621578962666
0.0002248098229815054
0.005616768144308672
0.004192757048174218
0.00023106043140861272
0.00023849659555670352
0.0042196440292162525
0.00010185253575448968
0.015521843672035981
0.002156359178467843
0.00024639424152074995
0.0003597240265973513
0.01968377011457651
6735247104306098e-20
19328248264246338e-21
0.00020048059909443555
0.00598942704812644
20089194525941698e-21
0.003329949204060801
0.006977370072698806
0.003870863504361078
31613149405236537e-22
0.0004959839112066276
35042648488377554e-21
0.006598142387978376
0.008376886781956696
0.00018813506675062868
0.0011293228948465637
2319817146673142e-20
0.002547392166609031
8100144918613596e-22
0.00046631587962542705
-4092172087860133e-23
5580009896440788e-21
0.0016714804907994102
0.002195749128824865
0.002265686636009072
0.0005546383902798147
0.007027281746737836
0.00011351671766941275
0.004203040044450907
0.001958077824884385
0.00017364444566281438
0.0005363655102735079
0.00010563211960280232
9499651896236441e-20
13065133834112893e-21
8108000584986056e-20
0.0009187860440746866
17288626809571418e-21
0.00016458899105374421
0.0007520470027816762
6761713936445097e-20
9993676007791725e-20
49206103769546723e-21
0.0016408117517937263
0.0003471534285958388
0.008567426687802682
0.00032859201439648916
0.0005115850559420903
27530054470515296e-21
5336907068273943e-20
0.00010851270582180001
0.0006668094429365056
0.00032858798301446
0.001539034763624352
0.0019314875729566983
11983482218545595e-21
0.0010075093554013333
0.0012119903286526065
0.0009762955837244684
0.004672732026158294
9961411657365105e-20
0.005947521371637768
8582453393330231e-20
0.002629409273411497
3524703712202193e-20
0.002802431500994762
0.009408295664314476
0.0029101314999005192
5444962582529107e-20
0.018313562705068967
0.0027337844016539813
0.004096125463918463
0.0005737973893633239
0.003507149558405898
0.0008261737307040021
7124741849108318e-20
0.0036733787531121227
0.002253097113902387
0.002442360023993839
0.003708218726869788
0.04754165330160413
5330190596144722e-20
0.0001532555184277627
0.00024224188425546044
0.00043060661941617237
0.00404879485501921
0.007077697115780339
0.00021652316835885216
0.0005286983126800353
0.007354705676245119
0.0010607608560777473
9621274339305384e-20
0.0006180459988086517
929906785953795e-19
0.00038348250192205783
0.0020124485818555716
0.0009264322320711069
0.0006906799897043416
0.00490407401578966
0.00029410006473652776
0.020412998101387178
0.010068971049661698
0.0002826386604402791
0.0006905421017603416
0.008877511087122085
0.01985638641757689
0.0001358700624331089
7011897058387285e-23
0.00033869050161282284
0.005353076457578761
0.006544034108918087
0.00026911817768978817
0.0004947117933910807
0.00042901137926695045
0.00031729368741151065
0.00023888400606883472
4824005152697782e-20
0.00025615194461494197
0.0005845327569872985
8626320025850212e-20
0.0032916427623439237
0.0001540153361730575
0.0003543352026757982
0.00033421572806147467
0.0019023425755324008
0.0018167109260467833
0.0004014050376288544
4347907159180188e-20
0.0001180188976753218
0.0002715904758701712
12049003949539762e-21
0.0018531928229623177
0.0006288125844701186
0.007318102639656421
59958959613066144e-21
13016796730457696e-21
0.0002957833853515068
0.006957822137760302
0.00091849573927774
0.008956180893290842
0.005368561159074881
0.0019467006757770606
9425163146273051e-20
0.00033236194621273716
0.00013248636568599827
0.0003598994529881636
34225366023098697e-23
0.00043746011558140233
30938244474639596e-21
0.0016281778720026645
0.0007646346184645372
0.00015913549399167726
0.00867131905342151
3691306384474741e-20
0.00503628820741639
0.002289328560759046
0.012407171923133991
8946625421891906e-20
4888001183160529e-20
0.0012486588830416586
0.01410331871872313
0.0005326863316117522
0.00017207824623089948
0.00036988695163080746
0.0036312925537464913
0.023526444688686806
0.0013376585451339486
1286973987008147e-21
0.002865464433092538
0.0003995888910954088
0.0020762467240873035
0.00405451999460059
550581866998473e-20
0.00010733809410023235
5585522664241885e-21
0.0010229652079386618
0.0001388666548978806
228652304097723e-20
0.0029306760410460035
0.0007991680849564348
10554084989593315e-22
5501617669533506e-20
730129492718499e-19
0.00039139686562050525
0.002319192286222089
0.00303274227922187
13741689833781926e-21
9987586429839109e-20
0.0056312340967273
623980870788351e-20
0.00014551386923177247
0.001018146809724578
9072482224324274e-20
0.002451444255007282
0.0011575861183629507
26871758027349824e-21
0.0003969360111543178
55950996977141886e-21
0.00031635668434684135
0.0023650881234359407
0.0012852996418951839
0.00038811966550124453
9679143122916333e-20
6495197720735647e-20
28932667680221817e-21
0.012624240871679805
0.007090282738941421
0.0017856243915790179
0.0016883375603376455
0.00014197272052520884
0.00015658871632416392
4470742566723773e-20
0.008428869367987177
0.0003621280023062018
18788377102058425e-21
0.0005144091857355322
0.0006322548789370255
0.0008350564855717748
0.00038749950904326053
0.0009267799074152283
27428823132133464e-21
1584100682540441e-20
15081779162296058e-22
4018127431077262e-21
0.0008163431354626254
4804362250507207e-20
0.0027296151070195424
0.010067672972763508
0.000118883105524149
0.0006639093585388481
0.0006530045084543103
0.0002918776130037967
0.00013317232216009686
0.00010703573844435188
0.0029165310329706488
0.00029890898033889954
0.007455561094081243
0.0006199702698659938
0.0008887563431438699
0.00028473954523627323
8064856076705249e-22
6345840665361082e-22
801730249223089e-20
0.0003548295384176629
1653303694008112e-20
2636974710626893e-20
7350231416344103e-20
0.0003427786221126021
0.007237888500107189
0.0003151026229673793
446509398287563e-19
0.0025116422712387824
0.0015575399152564604
0.0006187447595687604
1369661913751785e-20
6049275653444646e-20
0.0005261384804685949
20200967126252028e-21
9251733011163569e-21
0.0001651494207151364
0.00013397056419135124
40305065982839467e-21
0.0007589502523887847
571572786508803e-20
6786997033459488e-20
