9772019532055816e-23
3562378769536198e-22
-9004588615744103e-22
-5759986388954984e-22
0.00029081152668899963
30026684336013374e-21
0.00919912265315824
0.03888958946873786
0.014608129116223846
0.005059864992497646
0.07831646425834449
0.0846465242272887
0.006309073534157848
0.021172903660121097
0.42349698186518403
15992198132882112e-21
0.175735802208866
0.002072246912825579
0.03730503632441541
0.051094157885238356
0.006072228738676984
0.004989702509627497
0.006740141633749562
0.007265718535281903
0.0026873628372257436
0.010726959516191143
0.011595403072006488
0.0016710193003511998
2773330242794689e-24
5739158057978332e-22
9182150964663851e-21
