-9140691785858734e-22
36549880416636245e-23
0.00018071963087181898
7956651603792653e-21
0.00014594209899886765
0.00014041040140250853
0.00023145970362144786
19652132780362447e-21
0.0001718738970932759
0.05413527541057134
0.0019284449845145945
0.05475464731126615
0.45588836806655414
0.07243560176912572
0.14134153320847223
0.07730312817867047
0.04002889451971947
15847945580155513e-21
8602607503311567e-20
0.09422101086483396
0.00019216682462649606
231189003918653e-19
0.0007815990288266608
15720229973039517e-22
-8847159166604966e-22
0.0004634901888289855
1885440433359194e-20
5826886775788502e-21
7025106458400315e-22
0.005451132836224316
26176831926663085e-21
