-9723637845484463e-23
0.000124667726898082
8123732844983845e-20
0.00010793931496711284
0.000371697144775723
0.019783942644104893
0.0008175083880463446
0.060798782305727855
0.05101519090628699
0.001994394906073281
0.014276855933206373
0.015770985833078434
0.2507645892327229
0.0050371467408488165
0.4278438089284188
-2443927543752053e-22
0.035418925942592494
0.0450178304962219
0.040427935277543056
0.023392741604663363
0.0014868331728633553
0.0006318531019257419
0.0003168249849554754
0.0018407232546562172
-8098635213471028e-22
-12036713139765413e-23
0.00013717310287013625
0.0012827820422476228
9933672947171479e-20
0.0011594610906861752
10372548306944171e-23
