-9498034225818365e-22
2363026450738027e-21
0.0009324639335846572
0.0004622180701946486
0.0026359461076943666
0.0023813246893505994
0.008203496466557866
0.002985681125344765
0.003372071253357599
0.02614383309510436
0.20455166839950792
0.11958992435388847
0.18709858091709938
31135503346391454e-22
0.025811781459002148
0.057226313717846033
0.041575141640151754
0.012938801922181942
0.02113009142372708
4594987459025444e-22
0.09819181646704038
0.13727842857011674
0.029654107872058386
0.0009604490619045947
0.011428484337045628
0.002714308795543262
0.0006147100483455632
1956577385260676e-20
0.0018571176955384148
0.00023768256322391775
-9960313717133524e-22
