-6993765918885065e-22
32511335261219196e-23
16385318585721083e-22
-21382810136969478e-23
4305799907924783e-21
8323248992868252e-23
0.0004949025166865745
0.0002506300926236814
23087738881173088e-21
42601417930456716e-21
0.012745667664604133
0.05984435581397526
0.09673700220036065
0.40655110571342795
0.115356909481112
0.21732598089040428
4417207606148407e-22
0.015662749125550834
0.02589005492382459
0.0034974246589222937
157539675123677e-19
0.03511235688059993
0.003605173440094616
0.0007283493111928584
16887276091319128e-22
0.005494291150813414
6491664411142477e-21
0.0005450944880714331
621161832546719e-19
-5801169397147687e-22
9108713999356704e-22
