-2450039168667106e-22
-5873667812026112e-22
10066263661511337e-22
0.00030169741428342123
0.00040336779173921663
0.0029483160553500443
0.0032667578218355292
0.0007319648090921557
0.00013812103503325568
0.0740525173140058
0.2275493119915994
-442213772927859e-21
0.2850460837340138
0.00015979196546919794
0.0667322036078322
0.22917162610921987
0.00020086769342742624
4151070171506534e-20
0.014708212128787765
0.0005089430304211867
0.06629188670048243
0.002188793202357924
0.01586958655253772
0.003707558550685804
1763795211297327e-20
0.0058894499693556415
7363022586781734e-20
-38092234175489283e-23
-4663868471653788e-23
1051481180407859e-21
-1923192747009813e-22
