-8639424473070208e-22
-8182749433340655e-22
3331851421260522e-20
4216809250826835e-22
0.00020953150985390112
0.00020771278791980775
0.0008948225494531515
900942348916977e-19
0.00037421609463072857
29958940689190267e-21
8626533063036011e-20
0.00020938830960060356
0.00011319110995197821
0.004727246689789415
0.00408547289843666
0.16379612212546135
0.2853766412903603
0.17206931931979336
0.2631079110668481
0.05973132876431579
0.021992555485293063
0.0053743862364919875
-46736653655314223e-23
0.004561709812376685
0.01112498574611071
0.000580979578196466
0.0010941022552938622
0.00012761979907428684
12051921021252396e-22
2635874838207727e-21
-9936136142857086e-22
