-16290034373246484e-23
-8786317168986429e-22
0.00013955644642228894
5339304787999946e-20
0.0006681194194610531
0.006535117239595902
0.025565215634754303
0.0034972769162466178
0.0002608792215859272
0.002864228271021231
0.010769307748900492
0.00017904754277057823
0.04334316961175571
0.3502394388878901
0.0498371609200767
0.00449387224051027
0.00645651919614136
0.06964297249916494
0.09245312874288016
0.12688496041275912
0.038364553713208814
5534134462814394e-20
5850198101612887e-20
52555703972218415e-22
0.007552263713194602
0.1528022989249225
0.001470294308072086
0.005773780830454527
-6468308238811343e-22
3294188764304447e-20
30920895307193156e-22
