6199731768829538e-22
1364382635499632e-20
12897600509919848e-21
1864511963430949e-20
15011027698404245e-22
7904909131844513e-21
7930541375321127e-20
7347013275890703e-20
879850715015313e-20
0.00014669150928869014
0.00012143434059876922
5392490218534897e-21
1777482193696583e-22
42222632875463055e-22
2253378937466401e-21
0.0005954625245794035
9240279522861688e-20
0.0002833029964638658
8858984762057494e-20
0.00010044343657019707
42171933482546503e-21
6079397234877358e-20
8301255457119707e-21
8794381750688872e-21
0.00026820741039406114
0.004587290139001676
16193555621631043e-21
1897100590352926e-21
37544821842139236e-21
0.002365092345061881
9894677685161519e-20
0.004103298715448315
23737118853660722e-21
0.007563291732140552
0.00016081697783058144
4440863781502798e-20
16439654026067461e-22
583060100085303e-20
13460937001955189e-21
9567395363591399e-21
10504985747413313e-21
25437999452420812e-21
0.0005225017324614851
741927923758063e-20
4116191725693868e-20
0.00015741752831497667
0.0001258429023932103
0.0006832668952171532
0.0038428475042512236
0.0037275205265390023
0.013647191959822213
0.0001338414518495059
0.001278190653738581
1982184614820054e-21
0.0022405580878665727
0.006103922721940511
0.00019228725394623968
25007608224638155e-21
0.010553903096378003
0.00014824922845401619
20610196601802086e-21
0.003902696533972035
0.0001630071478965254
0.0073579539016513885
0.002381033797415969
0.0006135268733448179
0.003936299722299906
29258584899732163e-21
0.0005924819098275892
0.00018156840253472176
0.0005131313138039263
0.004719108595359744
0.000469931655147742
0.00014386135923299042
0.003527500341342848
30775719240486026e-21
0.0003754841213105747
0.00032663147181106604
0.006953728034242076
0.005732692203185107
1957256650590744e-20
0.0005543706770022782
0.0018077183194388675
21295081231345996e-21
0.003654265241518733
0.0019396229940667317
0.0010918865748369723
0.0025024678719537813
17744524708297466e-21
0.005048408676326062
0.009040701446289394
0.00010409255770653057
0.001992444670508546
0.00015144969852454992
18261093245831785e-21
946750722782274e-19
0.0028157720112205954
0.010758648025693634
0.0004391766644637965
2830226725512847e-21
0.0053718940224977575
0.006589454167435295
0.0053603334867217915
2115293240445241e-20
0.0013128728868005085
0.006246840863486887
0.0003298739405761537
0.0034950520444423797
0.0005344765770939673
42476310648802544e-21
0.00013089890868823014
0.0027988932750043203
0.0001233702860353956
9319930798353845e-20
0.009301373658370556
0.004346225000433769
0.000338275843292558
0.00038482829466814723
0.002955921970334013
0.0010218628261776054
0.0026777992228634966
0.00043644149435756826
0.0013322506504806733
0.00813729783890725
43434736027994186e-21
0.0030643332474653683
0.0001881816139967971
0.003273344381728256
0.0012104275235766675
0.00011888953728644534
9672177190233724e-20
0.0007016644926681023
11005039540307364e-21
0.00020505777636914752
0.0003783375058942133
0.00022749007011887387
0.006231017237607022
7682812733352812e-22
6882402911075769e-20
10253291717504495e-21
0.00017575947962679688
0.0030667633937401127
0.0003878834480164024
0.00019913898064861864
583022246105008e-19
0.00024042565296371492
0.00010487426897419396
0.0017418862725640442
0.0007353237211690627
4978230185911451e-20
0.003667298070054693
0.0005005068258742584
0.0020326652911612187
3443593569798405e-20
0.0003910496213302202
0.006916463511691474
0.00016961996090493063
0.0030765597961599153
0.00010829390282191841
0.0001479992683670332
0.0012565894290130133
18353123810201362e-22
9588227790638555e-20
0.0003235977057714134
0.005347982424560338
0.0012525509794504394
0.02520008150957971
0.00391232747210086
0.002095114124467977
0.005060277649165382
22655508775943147e-22
0.00035844464239430683
0.0035233834292261726
23479204911982913e-21
9471892460779706e-20
0.007225716640483026
0.005451892160005018
0.00709625554979653
0.0009075791052394002
0.02073056000609159
0.006088198830633886
0.005939999741003756
0.013420364806346017
1023798667914097e-20
0.005843690044911515
6757101410975787e-20
0.017150423258366455
0.004513247177298488
34028576304881265e-21
0.00487490589347544
5123252297126114e-20
0.00011920800623085747
0.00023727314863043777
0.007632923931621311
0.00020268127869587464
56693943382337554e-21
0.00021431018201853674
23197567831152217e-21
0.0034159005461836135
0.00020855810024311336
0.0015733399959559525
0.0001555392802163024
0.00013287181467040387
18752227018991885e-21
19493819730689386e-21
0.006171669791108769
0.0023392719380197057
0.006113451510220508
0.013916688278094039
6951943268704901e-20
0.0045234498766866145
3690920744524705e-20
15151868889095084e-21
20111323052950077e-21
5812990039829849e-20
0.009201326219111084
0.0014859706415674646
0.012927075297196056
9080874257710823e-20
0.0046072937816718455
0.00338541717153323
0.006099475049160064
6566896622809722e-20
0.006430049409178263
0.006401506782895203
0.0002569377930039153
0.00045214572691469975
0.0014514747776886115
0.0036963846542097246
0.0016375385285862566
0.00023312407132460508
4068624659126739e-20
0.018933026701960773
12449954456787411e-21
0.0058256332497114436
0.0011109953639411132
0.0019797370555705734
4065026218830409e-20
0.00024080751942172357
0.0020043308025763603
0.0021428888231110692
8420136405454323e-20
0.0013121550741384382
0.0005305728794516661
0.0002381192174199025
0.001464838997554174
32901787541713865e-21
0.00012072956852001195
0.001746574355038222
0.0002160988942923569
0.00021903051319199473
7865084604960024e-20
0.00041552389850450664
3734508852722722e-20
0.00043585713731574216
0.00012427468071650645
0.0003863249187285879
0.0017147506272132964
0.0015455964010052236
0.0014623237178539564
0.003451055832967708
0.0024427177934346488
0.0003462134628945651
0.000163506545985456
0.0030004414028506495
57945485364568024e-21
0.0027797300159778477
0.0033352581579802402
0.0012669407705835241
0.0014511483163258108
7426517539055352e-20
0.00013519862452011488
0.0002679267550067125
6611544761247909e-20
6124019460112099e-20
0.0003295373432046856
0.005547428256676791
0.005042634653118914
0.004727518459045069
0.005049503018793017
0.010292109098103843
0.0014279503240560772
0.00345293683943881
0.0010980880525272069
0.0007345927627427643
0.00851544705430085
0.006652030534877515
0.00044487700471435986
0.005233169581868974
3479276223571424e-20
33555680581695025e-21
0.0007432879037645344
0.013216662979533538
0.0001040848375291365
18884445777640798e-21
23268763291687276e-21
0.0037503125952224625
0.0043922594484456165
21447401801226246e-22
0.003161697914898379
0.005840358393537438
0.00017074596202997346
0.0019735076686429624
0.0008274769900644507
0.0018807310391832346
0.0005021987515744274
11848413756126963e-21
46343484412935715e-21
0.0016303677939422834
6997133894268289e-20
7698142617517862e-20
0.00018867070917372186
0.0016053704050639607
0.014526373982806451
41005481164259116e-21
0.003237296274113513
0.0037109982203100745
0.0010999018335379055
0.004392099991000629
4693235804533889e-20
0.010227361016300687
0.0023572426740352554
0.00021743701138213838
0.00906269286389736
293394103522855e-19
0.005280781405367168
0.006340408033410583
0.0001394930368489395
18816324505771552e-21
0.007221339459861163
0.0038248783853885703
4141984887650203e-20
20817013029438508e-21
75565626995720015e-22
0.005298810716711878
0.003656969057880308
0.00029447324260978855
33037021847822634e-22
0.0003052715948520254
0.009782080422383547
0.006027198450338273
0.002521479305135764
0.006378600146861723
0.0003586709607129251
5660714812156048e-20
0.005474747306841777
0.00021718935382897262
0.0015168694202541612
37538141063929694e-21
2142283529249691e-20
0.0003887674906505922
0.00010544931763584578
0.0033763596230562973
0.00014868747341984832
0.0018489251548561984
6373979595072935e-20
18560626308990807e-21
0.0002575514982717539
0.006115235140997889
0.002099231431767165
9037020839536111e-20
0.006976012163415752
2184005474443073e-21
0.012134537407477084
7436705261775454e-20
0.0013388858066267348
0.011383597824697849
0.001870703625933604
9648889978344926e-21
0.0002117093662337146
0.0018906188287785477
7584952595067598e-20
0.00041723381676785944
0.00029007326265271887
0.0016825051780787845
0.00012860545109190515
0.04438476109499886
0.0026142675280066484
0.0030977862974014493
0.006095109266605628
0.00010256587428247722
0.0016119331654300916
30414445576436208e-21
4603543561419445e-20
35776600880853115e-21
0.0001560708746796742
0.0006700266200321396
0.0001438697117047333
0.00416487493779841
0.00020226495973539566
0.0005117561313561952
0.004703058529726824
6633138846386361e-20
0.005354727436321174
0.00022798453221877941
17038032378806232e-21
45891067288778565e-21
0.0005201225076952103
0.00016852796312805772
8096619421040622e-20
0.0033834167388154864
0.0047212393339906835
0.0029095183511819874
0.011305287025768423
0.0003338413500882398
0.005880230895316402
0.00031071153882461256
0.0006651902962582834
4721050972850636e-20
0.00011946979775743745
0.00017625291834973388
8011953904445481e-20
3993966757741499e-20
0.006263057404462278
0.004389075079482928
0.0029388927620641624
0.001389290772970324
0.00023731762089282234
0.000942168635456946
0.006658120369014117
0.0003406564684062214
0.0007214383271767358
3262453413160415e-20
0.00036809221039880654
6280393847682836e-20
0.0016426685297524926
5840332261083027e-20
0.0009489649479140976
0.000479654934846302
3760205367203041e-20
0.005579974294255852
0.00019023274015071554
0.0015303277481627242
0.0004201597331733351
17974018321775613e-21
5439261333412579e-20
0.0016172068163608244
0.001244490300800846
0.00018981283019978314
3446462452330936e-20
0.00012245164482404416
0.016838559046591407
6517841343132306e-20
0.0002707169922057545
1811453950749605e-20
0.000143475634564306
0.00019834066236308528
3419009742541624e-20
0.00126463866466962
39393545911528995e-21
0.0002662652169285104
0.00023470398740216714
0.0006216875516114505
0.0007686788242735721
0.00020229407725586184
0.0001569288369079241
3544371206340505e-20
0.0003959889222645725
11907377174901595e-21
6519447849482254e-20
7964407714191974e-21
0.0003084112063713204
0.00020613817985129762
1328885551253457e-22
16690902502600614e-24
