9174573820648242e-22
32485016585283485e-21
0.0016913295584693939
0.00825425367351703
0.014951441385672152
0.018011126063327654
7642660590257909e-21
0.01718550738701034
0.03881720067603364
0.004916771648841433
0.04695693975338014
0.014186241527458187
0.09619435432173547
0.007885359317206216
0.01242318831039322
0.01133580988420154
0.004248893285960992
0.004816760436234311
0.023603423633514035
0.04301802387988047
0.00038770471652606813
0.005126076509013461
0.04516968345834489
0.01112623353989766
0.07270633169898119
0.013710945030173284
0.005311752880976994
0.038530201708060534
0.13123815158554597
0.020565062312361132
0.005323026667028962
0.014611069526119196
0.00022763860010822682
0.00011896006158296319
0.058108984940123
0.0038291181267135995
0.04375023406346015
0.021855747617821
0.003926814249583982
0.026300140151724223
0.040183566673053055
0.050730874255963315
0.000252771462311752
0.0013943605687148637
0.002259005450410268
0.0061796655816815154
0.002889438890136184
0.0001257786977152428
0.005416879482449072
0.00010611161602444672
