22687226242528405e-22
26144400241327896e-21
0.0010452303819955306
0.0007476082599677671
0.0017456452121648938
0.006903798856011872
0.004196789765757211
0.0001969055165653733
0.0008419503279751398
0.010644460955199875
0.06724170584354265
0.009681294146190591
0.000579875690278595
0.13379123404519463
0.0090004020446812
0.05986442035357334
0.012057483711556549
0.3436960963915983
0.03570467331519876
0.10684361616366952
0.045966846326264285
0.03408707636911398
0.008197519742388488
0.03656125963170752
0.0041305609466001465
0.015225148218396366
0.042899598323898135
0.007793011796827264
0.00026493715700620066
4466337449945112e-20
1777400931076751e-20
