6550499261984938e-20
0.00011417115197337357
0.004831521823536375
0.0076179698120403165
0.08982400635202208
0.01133633936205026
0.01105408089266173
0.010014777699530556
0.01257110085671008
0.05542322922071356
0.028803414583739015
1372021395115282e-20
0.03399243696314317
0.002854843377482342
113072730875781e-19
0.0007928821732936692
0.1371385445918828
0.017691145369203118
0.3454195166489862
0.05154245463089979
0.001430593207623698
0.006233142948947302
0.004145220851863029
0.057000482546155945
0.0009219865938410722
0.0016312674867365793
0.0028254658103705954
0.006024283257932193
0.030330019175509492
0.00812938463459887
0.018819127509751087
0.007672839396679905
0.011298881380476801
0.010340395695985393
0.007854696698835298
0.0042292448151656885
