6061917948007504e-21
9620770662337445e-20
0.00010017709608327796
2146673159741753e-20
0.00016627681462228839
0.00014499725230017016
0.00018323343859264767
3038116922742803e-20
0.0007642085408847266
0.012939001672180341
0.0009972270068197683
0.024828293955469566
0.006946122556190395
0.0001272140819662084
0.018804489792334282
0.011427839318032968
0.02294362781405611
0.06206112592736151
0.013127763710015823
0.0011909793128628294
0.006826230718229343
0.005181250853393536
0.027123046477921936
0.013140629069251262
0.003036158334913831
0.004235321082400955
0.022109042988730166
0.014191059758296327
8891428280655134e-20
0.009592953635963424
0.10309389451403375
0.001228587497540676
0.00024511982178942733
0.021492550700884905
0.02220613518340387
0.009969977575703896
0.008417179688999146
0.05701387184562273
0.014496459832299894
2436501237051951e-20
0.0015128115903153712
0.005666270344954579
22201915558938058e-21
0.0013487813307421987
0.0005235833803081347
0.00038058489430906045
0.0014895153113152239
0.024919053503527498
0.002724340534509135
9679412402018695e-20
0.01083612033927283
0.04688762233517773
0.007549673319226694
0.02506366520322969
0.0003827617393953678
0.000889418070806591
0.0022818121555509847
0.0041215531891181665
0.0022460681175370625
728848749076411e-19
0.04671614889993617
0.022490386959543456
0.0002483050068355351
0.001627715316264092
3434147963566066e-20
0.006929924688388548
0.0046019826463115365
0.001845891603500501
0.006716430210954348
0.016222552178636034
0.005245363823031794
0.02634903748637558
0.029857750775919754
0.002373227894657501
0.030662344939081237
0.07073086956499128
0.009063401768230658
0.005719093778304468
0.0012851298163231084
0.008435597491472874
0.00482415844749672
0.03577478908250811
18165522628343522e-21
0.00027029694629572234
0.0008124700565173504
0.0009557868491773858
45846701888498385e-22
0.00021550224090322235
8177527438957462e-21
0.00032561136494271197
