10608651829840922e-23
-7005968931771064e-22
5152268488101878e-20
27357597772209735e-21
15479332257388688e-21
0.005546470934064205
0.002643546481677588
0.0046968422810901075
0.03845455026307288
0.029603219194374426
0.061212089929825436
0.0001357417950059352
0.00015212537679149405
0.022027384575588286
0.04968527603603027
0.6073694400380224
0.1316945242724821
0.01106734670562427
0.0005040513611621338
0.005433016760822001
0.0005307212678153874
0.0013771957851804262
0.016393220408460304
-7453533752740359e-22
0.010430872464715864
6519170767772059e-23
0.0001748838301112658
-7168651304330175e-23
0.0006854370042335922
10569301011315967e-23
8892428448443582e-20
