4420161808124375e-23
-19924859693795346e-24
0.00033130516362195187
0.00017834163646843722
0.0002882500546448687
0.00443231917214962
0.003995428616227501
474929000264383e-19
0.022725575135539293
0.08655444769800746
-7972086811776885e-22
0.09292966221905591
0.016258850520892567
0.00797751927368686
0.08641933006991767
0.46355588858473423
0.06282374487303208
0.02898829099545375
0.07980604778785594
0.014981689559968972
0.01125309319000677
0.008967988458614457
0.004046461812817582
0.001607183406939305
6711172935880381e-22
0.0015557198787144817
18866360457836767e-23
8776812107693475e-20
0.00018818579440241012
-6717728309078539e-22
