-706141831922438e-21
13322565101981165e-21
5629531272680872e-20
6441842833043971e-20
0.0031998667893418592
0.007633184683736975
0.00034287083950829464
0.011932067862488719
0.004775712185707861
0.03826202380979525
0.1342116688245816
0.0016513553323844496
0.3684327816484598
0.13956418647825758
0.2643535959554819
0.001698125703153169
0.016878126236944107
0.0009000258992236605
0.0004178974701879916
0.0022273390627371354
5130434956525107e-22
0.0015447906094616293
-4317406901939177e-22
0.0006002606892675463
-5554611841597322e-22
0.0012391051200009776
4572475810716676e-22
6281856107553378e-22
-9232819843359862e-22
26382238119904615e-24
19702598852525307e-22
