31182010646457074e-23
227124936420904e-21
-7078060099449133e-22
15523093151830437e-21
4056167758988147e-21
7272791202583773e-20
0.00017432346470766172
6272263815704216e-20
0.0037260628251420728
0.020634082568896275
0.02804752795914751
0.005473662723169726
0.004133354610160151
6998256131305038e-20
0.13315469643698816
0.019854468372445436
0.0914770010431208
0.14193823696436098
0.13765885969953953
0.000602012478682874
0.0024536804999272244
0.1460606012235294
0.11601253802220701
0.08399932925317173
0.032675638240135765
0.002597005303866992
0.007621271645731509
0.009045007030551194
0.011319971649874425
0.001115824473203875
