-35125702532224023e-23
45610394063460827e-23
19234125405293632e-22
3902171779718893e-20
723590759565938e-19
0.0010190226938769753
0.0006074150288935256
0.001857542272968979
0.00013510424718429407
0.00931178343805662
0.00031409561812106027
0.0032427734485760925
0.07842660128692218
0.10491485503723816
0.18420900572756616
0.0016914354303953188
0.016376273939609515
0.08226731636096041
0.14737356486141764
0.026103763951146657
0.004947702037988982
0.00041093188265275976
0.03232951251502126
0.22098688422170815
0.02242408437775073
0.025840116743544278
0.02781581287011095
0.0067044374723203015
-9606965282310105e-22
8583161943111322e-22
0.0005766578630935111
