44655943406724176e-24
17918173254323156e-23
-45754415097184857e-23
1749806852237744e-20
0.0007825898362881625
6968260978635408e-20
0.025153300329942077
60693242208746105e-21
0.004215042379634569
0.031635133660368374
0.1027768464847995
0.10792548211335468
0.015868500370803812
0.019581981486729357
0.0018260178347075289
0.10499270166900501
0.4632111352146081
0.00910230064543417
0.00016317572020730368
0.0003168439457414836
0.03156967585558219
0.03697609320404084
0.021181912082155335
0.00027514510675161305
0.019590017443017294
330883217100396e-19
0.00017851755879022215
0.0024977100767243333
-5133100372338289e-22
-5641922357009147e-22
22594783460343423e-23
