0.0005525031858785467
0.0035085715311592588
0.00542592292291812
0.007542038152354082
0.0008577425721952319
0.003022276531260494
0.012227433246598737
0.013749934174582201
0.015951562652189392
0.026989271206854782
0.004548162465135967
0.01885149854984823
0.0304948597694697
0.01695327654054389
0.010494762551460528
0.012561175639821011
0.020062357209308136
0.013532468758319875
0.011922773495298805
0.003145002968085454
0.003131586363832482
0.043873271690764
0.018519803198395215
0.014319228840603895
0.008671947470319461
0.09123726073245735
0.027465539197227922
0.03300877313367847
0.013977898755514846
0.0776719073102088
0.0033519160359966695
0.03445819348382841
0.02907872228464845
0.05811992222765943
0.07491465301930715
0.05685374870321997
0.04535030406752041
0.0018487823063067918
0.009020804640632941
0.0035169254346962163
0.04561091024620358
0.006592173662780122
0.021404111701126074
0.02144374221507617
0.005940726469565219
0.0010089618784291864
0.015907609542465034
0.001306981264253365
