0.003608347629063571
0.0010907947090042064
0.006456961186858242
0.0017509154358827917
0.00025945183356770673
0.016688266260853703
0.017882718556716453
0.00012402103030296954
0.010216614490747618
0.02602516582088697
0.0062462985275848724
0.017264854333250437
0.007585508156113048
0.03062867148702606
0.003581769272405184
0.0018198778780192167
0.0007863596155676754
0.015176828538467198
0.008083762430345181
0.0034485986023905816
0.000990053474829864
0.0016045910226145843
0.003000560805965821
0.015473413262282864
0.018595544565594632
0.010128782003969525
0.007328800231802454
0.0063428663504425335
0.047698581282712954
0.04396728917760159
0.0036574580662176253
0.020454942327340086
0.003843919827773981
0.048240498576395396
0.01982002259505771
0.03468114484206808
0.004319351256912755
0.013655450882913235
0.011782927868457815
0.016646885843641965
0.011683860328835597
0.031491582594233423
0.012293578538832669
0.043967884136563044
0.06445039118728756
0.010184001304772905
0.057745078431728
0.024239137008638376
0.0036414301047420577
0.004352183169616724
0.00490290766221316
0.02773740712264762
0.019577974539932923
0.020197091811819987
0.03076148981361871
0.022797523775619374
0.016193304249157926
0.019140240006142707
0.002163617327556578
0.026549628038703102
0.010141838285650061
0.011428113592269563
0.0028891431083012077
0.007052603442516797
0.0005444203507583798
0.002785214514897723
0.0001294854932948661
