0.002031716944151422
0.006985597119255099
0.01177700236504858
0.017243011381820016
-5155620473975762e-26
0.030981875647623967
0.03702260327903726
0.01565183332483524
0.04149061786157359
0.03288655990501072
0.07460759267549395
0.0012202880874068788
0.0019319668938327593
0.04149061744790568
0.0900126677177708
0.04888754386050119
0.0019319659427239919
0.1167742658426641
0.0746075942678925
0.048887543311234134
0.01565183282553001
0.017243011579713766
0.05898426902807585
0.03288655893703204
0.09001266791095094
0.0370226044856848
0.011777001933161058
0.030981875052094356
0.006985597568326988
0.002031716855204317
