0.00014875329634982774
0.00037582769795201684
0.0015976631840177444
0.00028677397603179666
0.001623877140368652
0.0005726901590412042
8805302847683891e-20
0.0018792766549370907
0.0018732625669243032
0.0006336336519992
0.0006904375130507892
0.007299033343054495
0.0008655730480510995
0.000394161925813339
0.001035086776767548
0.0013675257572815117
0.0021603464790913517
0.0007302149050810665
0.003692513039884729
0.0004461814948456653
0.005076745497741331
0.012641818710746586
0.0004995744624360485
0.0004112491011298771
0.0022985808916805373
0.01519558208973837
45753409102487184e-21
0.003493136943303495
0.0011278194508488315
0.0006696390800964826
0.001891303411121192
6601755178251957e-20
0.001030798405957458
0.0036826033089428735
0.0034970462982152066
0.003764980915894399
0.0017433648352286639
0.0008325885445359974
0.0002684176665603285
0.0009407348239566199
0.00046682062317654553
0.003230150347855815
0.007400874463140482
0.0009523748128314112
0.0007002841889600537
0.0012083643498757527
0.0007204412190419609
0.0006955804029623239
0.00113434458916155
0.006546543367763457
0.002342711307091621
0.003967456668073769
0.0006315964290343449
0.0007022829739618399
0.006367219050276922
0.0012668474574716987
0.0010981805772552918
0.006335088882554601
0.006943243437141328
0.002098707677297171
0.00575914223007405
0.013700084079067266
0.0009937848560735041
0.0028372524534417743
0.0004459353410678206
0.001242764184167749
0.0024836568459130994
0.01830254418264934
0.0031707445535810647
0.010409398727589487
0.0019146053810668447
0.006241899572571379
0.0039257251078511765
0.0019939365138402156
0.01426996741583548
0.0018392080936922735
0.003980487538912474
0.0001851967473132704
0.0031467066800663444
0.0006575664460662661
0.0040011346750671705
1772421556494215e-20
0.004712094065799305
0.0003392852510010079
0.004083187064180199
0.001968430682345759
0.010569870335852017
6191907284225182e-20
0.003416520241097018
0.0031480275145972956
0.0003987291027117728
0.009785167427990809
0.013224106987610555
0.012113235113752991
0.024691163293566624
0.002001863677421699
0.001321697577769339
7408535653516892e-20
0.00032524117149924735
0.002866728229967667
0.0008332880602161631
0.0013706209330995283
0.004340237727981917
0.0021999679240830884
0.002833005284408259
0.0009742352899171695
0.00927093324406301
0.003301481429902758
0.0013997461616429424
0.0014554244234103089
0.0025244048063866906
0.0032411927750462845
0.00018926817415671873
0.0005426600014874158
0.0003680251942612738
0.00016559229548401372
0.0019026732272351427
0.0001148803855180564
0.004962356193192593
0.0006099744278874195
0.001752099440638668
0.0042735489241622175
0.0006761582766526348
0.0004238565012521565
0.005990623286951357
0.0046407462965986045
0.0018447176073726353
0.0038306422773806276
0.0015745403510165545
0.009971486867722557
0.00013302613847620122
0.002070368515790034
0.003359847523223899
0.001551057401809681
0.002998346376874785
0.001751206561865244
0.0058117024520935815
0.0002135433352929642
0.0004541389471954198
0.0004545420102901424
0.00951835769369371
0.002189158555134146
0.0011808774844037247
0.000680755717756058
0.004995687784450701
0.0026647259418182746
0.0032381927361625237
0.000998819710697978
0.013262545475569376
0.0011431246933059141
0.009940673089342426
0.0018352838842896704
0.0023624719800963805
0.00586697315566218
0.0005416021501980958
0.0018303035442486246
0.011094842426483316
0.012251190946101496
0.003379212683147274
0.0022043370751319486
0.00026788227838304534
0.0040710239599496744
0.001119555060594254
0.004251888960513418
0.014311347956763965
0.015785014010389776
0.014806657431042444
0.009160434403625135
0.013096546643914844
0.012810337580322356
0.00508535445919646
0.0031068993934731887
0.0181163601016784
0.0058115171648465466
0.009840270547582151
0.0008647403031277431
0.006712268604078205
0.021834124863064304
0.0016435637348519267
0.0077710988763219834
0.005056788465053245
0.0005351546971307328
0.005078756084714635
0.0012780233717210332
0.006075438517640142
0.010052101392939317
0.01784411244139556
0.0015250275425842915
0.007095444087352824
0.004609062201953453
0.03308448318597309
0.019247683307927487
0.0076422578313309515
0.0038017518535497126
0.0006297438031787893
0.0027439759455346216
0.004285514319525138
0.0031689062074770004
0.001526192977662758
0.004656119441989278
0.001831382499938299
0.0034761941983864008
0.004749081930790233
0.0006075849981944286
0.005163993270757088
0.005661423726367373
0.008430418106229683
0.00010884936173217633
0.003089687524045659
0.0033291800162985993
0.0031044234313611163
0.002538361659504769
0.011517560131441064
0.00957814681910534
0.004108423640277448
0.0006120559679302195
0.00021388550188672725
0.0011902394965532914
0.003524484491495604
0.0002992498444592836
0.0006605685671133848
0.00502158969866874
0.017414953347821022
0.011607990491945969
0.0066602637451550996
0.0007360116873322669
0.003074779207491374
0.006962210687823024
0.0032398133842553834
0.0005564351078240102
0.0024804070367507574
0.0032768827829023966
0.0034784530145078227
0.001288456039806148
0.0017026924228598264
0.0010804833950294982
0.0001702439806791701
0.0008576945076637911
0.006743704582157142
0.002993856587563156
0.001727856895113055
0.0038545788479212514
0.0007450740952592721
0.0001822518429486875
0.0008286251768148757
0.0024960148108289074
0.00043072763310253746
0.0002654541448371976
