0.0016415455698134684
0.00011453793485594444
0.018669334449835217
3181168669899901e-20
0.006623028518891783
0.02469613279249371
0.006314296771645704
0.007430936271268374
0.0006366734226403499
0.027088252878566886
0.0011023278431209747
0.01182803382187703
0.019003022613779494
0.006545553267904037
0.04888838454476407
0.005635789495312346
0.013386863712803721
0.00023159433899124082
0.0069695749740898896
0.001218512135961146
0.0013264992251514486
0.017458737018082305
0.00790532192823899
0.027699237947997123
0.0013295600153174782
0.011622739341690932
0.03743282173441704
0.036037185335190805
0.038431785875987404
0.04056133141067168
0.022840698659521316
0.005447471791451284
0.03126843257189156
0.002615243351631644
0.008823121666520285
0.0009131448209080666
0.007089799167978439
0.025084899683561642
0.05526000574325351
0.008085575697230228
0.0011168244351157511
0.004024450417234405
0.027258606009137102
0.004831348099885519
0.012225774658147715
0.013975577972547346
0.06132563998310929
0.047362780885810765
0.0060370506903177365
0.010716759630080461
0.007159003678752105
0.03304539711911377
0.015196577848904843
0.04226166639416623
0.01716325681628818
0.01707116605776801
0.011046001819583233
0.0007041437345934766
0.02879847982845902
0.010290676308481888
0.0007855075895550252
0.006475640949301323
0.0007017027214052793
0.006314816008057707
0.009730330513103085
0.007119774671359206
0.001971225127714102
