8854131395638626e-22
10142798853615838e-21
6309750774650263e-20
8730923057366255e-20
32907280656285296e-21
0.0001452756867172993
0.00013703128628047453
9291836000737964e-20
0.0007441530883397926
7468191575470886e-20
0.00011872079598483325
5677529889574311e-20
46081908919118214e-21
8709186020697931e-22
7724325963289678e-20
0.0007129612669685412
0.00023770545463224692
0.00018074628516871286
0.00018710747845958754
0.00017673863973579235
6347891131043867e-20
9573820620101359e-20
7456104711338954e-20
3406503083498874e-21
25704784224229757e-22
6298119924647815e-20
0.00027078408457864486
0.00015682002858709925
5481169190645297e-20
0.00037112851262810736
0.0005499602271764218
0.000244467075636551
0.000293508120612572
8550598366565422e-20
0.0003624858681729874
0.0009061923239806111
0.00018395481125287088
4948201017257293e-21
0.00010415303034417742
0.0008628358821328103
4040076079274945e-21
0.00014407438343704042
0.0012560808367312638
9491499795080394e-20
29607642572139662e-21
0.0005659152529211942
0.000319851351620553
10852215430824183e-22
4932982125729967e-20
2259243629187111e-20
8337167347299376e-22
8569869372496898e-22
0.0004206320049215079
0.00017347270658139797
0.00010200953826400774
4617271890978372e-20
0.00016957587466764055
0.000133054227237168
0.0009251700520337122
6537080711440205e-20
0.00016732753218068263
0.00022899994099080426
0.00036830269760793267
8487800663052033e-20
0.0006848906747003979
3375981739814384e-20
0.0003172663991997167
0.00013470953491005925
0.0002407177318257361
0.00011495098176734811
265004648404095e-19
0.00015782221430497
59717057620882306e-21
0.0007167714552787307
0.00012240973601432612
22944608771228973e-21
4227752497075194e-20
0.0002890632428714883
4041203900385569e-20
8433359421231804e-20
0.00043122496968757846
0.0007146591291013521
41758153445661805e-21
0.0001783212435157168
0.00034997848742284143
0.00046306996631394594
521203621035369e-19
0.0006653632136866986
0.0008254824972431031
25170331563068906e-21
0.00017309655430375863
8279174363301878e-21
0.00018209162287499917
0.00012113519615907254
10515089125459969e-21
0.00014323275797408668
22254617055419555e-21
52925527670200915e-21
0.00022929378686341092
0.00023535350197261614
7783476331299362e-21
0.00013546549312152412
0.00015826650814525754
7283642126716928e-20
1607163435575877e-21
10204730411757943e-21
37797237994244876e-22
17445074039118366e-21
6501131027312806e-20
15048158415082756e-21
21130371454879286e-21
5409097407880957e-21
0.00013616015764698487
0.00017702848958583035
7662453269315397e-20
4853874633726755e-20
8309045847301296e-20
0.00023885730200977608
17501321310459574e-22
33640156488118053e-21
6276223716717709e-20
1745857169262486e-20
13151259113972342e-21
0.00015698502986369485
0.00015040627430770677
0.0006872200895211813
3485318776263414e-20
0.00038547754568992566
0.0003200229931712549
0.00019835431485464456
0.00016050252156142705
0.00014136434303091178
0.0003060644885822347
0.00011547627603004695
0.0008196051256899633
3894244294498662e-20
6957328184146916e-20
660246888051489e-19
0.00014143885075668802
7962321396789975e-20
1155899067024819e-20
0.00012490163561849606
20311565941884352e-21
4220669683881202e-20
3775296623199929e-20
0.00015442355591360507
3031357762106147e-21
0.00015690839920926616
8761554194497487e-20
0.00013040236849946857
0.0001610752779129953
0.00010473845955272042
0.000533445246269192
0.0015701696676520623
0.0002459859203237029
14444525691328947e-21
0.0004812852450521977
0.000844772520898608
0.00015530174115766844
0.0022237931023184688
0.00012424161762841218
0.00032507768948755077
0.001206823343589191
0.00037887742717949047
5791024509241103e-20
5312481061743995e-20
0.0002143151781745106
0.0011736093150035395
0.00015937351308079238
0.00040059964673470894
0.0006759302984926845
0.0006804114308660392
0.0002561353354756818
952718594371833e-19
48334912354320194e-21
8179187752004411e-20
0.0005141401789568727
7243159587597214e-20
0.0002372817652040745
0.0004899188331219124
0.0006595252213387903
0.00033140277059492366
9736883729114066e-20
0.0022955315919316443
0.0015652619776499602
0.0005600816550782933
0.0006140559497917938
0.000594028954189865
0.0027964723168516057
0.0007537498994035471
0.0001909358509030201
0.00030504217638660774
0.0005609582425992966
0.0016001136948840644
0.0005719114383168932
51066114180992855e-21
1739453656225152e-20
0.00010272035935058295
7514612729212504e-20
0.0004704381826051963
0.0002646514223580358
0.0007740494234105216
0.0021567596922477564
0.0010323495032400062
0.00045255970517074797
0.0008041991466008867
3415533080667548e-20
6207843154545394e-20
0.0013461602698781544
0.0002400005346825973
0.00018067480452550063
5704110265584308e-21
0.0002028631810384327
42064039688752755e-21
3187620069528364e-22
0.0001461106670190271
0.00010403130964568418
0.00028563198309903263
0.0002275399313381028
0.00017227874487589856
0.00021983895695664593
0.00025432758535131103
0.00028258380663553136
0.0006542067017231231
688468364954275e-19
0.0001367804585681286
0.00014315889136237565
5279099538072462e-20
8351683386253116e-21
44395926638870397e-21
15913332051724477e-21
0.0001316755558559298
5170393601352202e-21
0.00013117629351075142
5649384518352596e-21
0.00010662798585488892
627650293963243e-19
0.00010539287517550482
0.00033457003928041764
0.0005934183295914643
0.001016567758289192
0.0004314809869947195
0.00028957079988672934
0.00023770531242588426
4193779534546153e-20
0.0004363732508651636
0.00018779482108537588
46879262074397085e-21
0.00011244968758999335
24415128719950676e-21
4257003702565859e-20
8397906660704675e-21
0.0004182490573609042
0.0007493840758529619
3943088526669168e-20
514057685198104e-19
831987210584627e-19
18761982558929146e-21
0.00016597900517560638
0.00012672547833981912
57391240244260995e-21
0.0003975337631340523
0.00021569186592911105
0.001095712249959963
0.000136918771756241
57558568576471495e-21
17330835740016388e-21
0.00023520586945000512
21485037576706448e-21
0.0007574207870696929
0.001248325691154701
0.001172819380533809
15678520452977276e-21
0.000489825779798855
0.00043658856873511577
0.0016167233168157451
0.0034611572912948193
0.001641808021561449
0.0007864270534175789
0.0005587564523881531
25374876018575017e-21
0.0012899003984588944
0.00031379785462900444
0.00045006949809460483
0.00046844535430721817
6643096987236539e-20
36612873890994346e-21
0.00037791770832788015
0.00020210461936296642
9182355137452106e-20
0.00012484189252705302
405004883869115e-19
0.0013458218069933082
0.0009085703885511056
0.0007363353648454608
0.0002690097897477639
0.0001045998520433929
0.001888079929889724
0.0005636618828054901
6859087756087375e-21
0.0009866519166347853
6703417341615338e-20
0.0007656805193902229
0.0009226255695227065
0.0010257271713040293
0.004959956091769018
0.0006053381116789112
0.0008102869200100191
17448983203705527e-21
0.0005151553103179284
0.0013166450401089593
0.0004607597057694497
612504972230084e-19
0.0003496348583854576
0.00017172655427049173
7755056635926217e-20
0.0005815334003693886
55779755340128155e-21
5683314756492015e-20
0.0008293059012163883
0.0004570579004597569
0.00038915711909948884
0.0003251301891459433
0.000918492320348404
0.0012436824809723061
3071255931782202e-20
0.0009803654120547174
0.00026920646755089895
0.0007176001785744588
0.00011576456732041845
0.00021622593134763805
0.0001647151651265411
0.00036497350311236524
0.0002650828130614743
0.00012905704010059303
2699023205411995e-20
0.0004361947348408081
0.0005690493757302505
0.0010621710595301913
0.0005747077365691642
0.0019070436251217861
0.0001630995430572281
0.0002100802320298604
0.0001345706739743333
25164941848392637e-21
0.00017826458134246971
0.00015092125552305883
0.00014133173250838285
0.0009978539529456442
932094349678067e-19
59069580418747034e-21
0.00019729111210642358
14878095142459622e-21
0.00010109629576036007
0.0005974224540374857
0.00015916174595249566
21853805737894732e-21
0.0008116291224515503
0.00037202665325718225
917993264417059e-19
10962516414106401e-21
9854856327359028e-20
0.00025633477667465004
0.0002270256134178763
0.00020886609301877968
0.0002199887523379256
30008008905345294e-21
9795643476023383e-20
0.0003482383307431718
14416540734175757e-21
3258049253115642e-20
52139215450074126e-21
13385741145424778e-21
7349591946219867e-20
0.0005393551734098184
0.00041051646770831526
27524463354584054e-21
0.00022724098334494697
0.0023211602186375955
0.0015144771762043909
0.00039257917858212467
0.0023419648966842093
339527241871169e-19
0.0014842774896472396
0.0013937509895578942
1806373001567772e-20
0.000596681803304919
0.0012631140463831556
0.0001897388690964652
0.00014442269063878605
0.0011160139264333852
0.0005458262772062136
0.00017087663668978996
0.0005367216357063946
0.001033040020549055
0.00028628288737020104
0.0006175158471362678
0.00010774770217702987
71544442102622e-18
0.002104062270477338
0.001607831190618233
1234489431443567e-20
0.002061867462947585
0.0007298966361177899
0.0006435778365003776
0.00040620345829430827
0.001350755635530539
0.0008867717345500919
0.0023225722203466755
0.0006372413367155878
30788745884329206e-21
3216403062829636e-20
0.001421015911774718
0.0008594974154542519
29771934835968866e-21
0.001185192182372228
0.00035984837669463405
507685058406397e-21
247668370236858e-19
0.00017395355405789347
0.0001548923222076633
4308144840718432e-20
0.0008209691562283142
0.0032755063724191832
0.0005829880924875451
0.002647621095222621
7513656713687608e-20
0.00026094156009166526
0.0013126502565162484
0.000754907557529396
0.0001564490953063757
0.00046999009724661125
0.0001389866406508277
0.0003433192780464858
0.00024319056858110923
9206855587806286e-21
0.0003745926903963334
0.00018584684231495987
0.0004892286902172667
866808601742897e-20
0.0009094119884098735
0.0005375053836813897
0.00030478155854598215
22133388642115438e-21
0.00013279393696726495
0.00039537173243177245
0.00036041794915335495
4345498366616148e-20
762556980292372e-19
0.00010815381956483072
7571051471905956e-21
5426454097745867e-21
0.00014654771082022746
0.00019635709411075928
0.0002357324292780338
9894645562669989e-20
2414757461798804e-20
7389938879401698e-20
45974844448228354e-21
11270305681403303e-21
12908605181318105e-21
21752929414008636e-21
0.000834689659036732
10861309938733839e-21
0.0002860633607462283
0.0003897258993193652
577968353484015e-19
0.00037377981501366824
0.00018274986430713406
0.00036194570504662744
0.0008290436476343987
0.00031559963939459387
0.00036017315543901776
0.0004299224873831709
525142960181047e-19
0.0015968711374022336
0.0003673095122149131
0.00010173709283268695
0.0015661749477602742
0.0004226615931105243
0.0006441510671677303
0.0002937886813998554
0.00040624207823113594
0.00040665645499127375
0.0014823165585010087
0.00031682792653721527
0.00018053591593387614
7085885108374054e-21
2420482507161805e-20
38523600760660386e-21
9542002764984336e-20
0.0004863687686245272
0.0009884859430388734
5931238800859514e-20
0.00027984472242904634
0.00013666727520700856
9033186947179044e-20
0.0002064167936971663
0.0003156081586842444
0.0004004163777151755
0.00012682615880616854
5601355714268086e-20
0.0003708720225946111
8992861653144135e-20
0.0007194137644108899
0.0008823952985680102
0.0002969651348621765
0.00019749275413747763
48573600548460507e-21
6505205636939041e-20
0.00015990251218364124
8444894419935735e-21
0.00013302553412687085
0.00010384820361267586
0.0007150136239888746
0.0004266501486869264
0.00023950631205793896
0.0020525925236372557
0.0003477688381787467
0.0009584619767418804
0.0015844242534585678
0.001410078029763009
0.00017001322998398815
0.0007888545354028208
0.0010413882702984371
0.00022841411477536993
0.000852196463060944
0.00020040928736162367
6544003054794179e-20
25168905788851602e-21
5938682625597788e-20
0.00020554647798598676
8112411439501543e-21
0.0007605859238997753
0.0003228095923246644
0.00033893629814808854
0.0007038323475064419
0.0011360523524612028
0.00010910492620709354
0.00023223036369438184
0.0001693490953625573
0.00034195827126990596
0.00035708622150563805
0.0002086236716349178
0.00015914503802647367
0.0004078560284349941
0.00036507418256361696
0.0002542338578950156
0.00015437678808465706
9173498972612832e-20
0.0002322221756448333
0.0004055960267784871
8793358062797093e-20
0.0017577010143021957
9093981391651762e-20
0.0004130152528773277
22276365575202883e-21
6231650594488328e-20
0.0004237648953897584
15730390327738125e-21
9670646770927407e-21
9548444758341533e-20
2147672962354557e-20
46738382607068775e-21
1656224721567485e-21
22255344095219596e-21
41685686228277664e-22
15087642565104483e-22
26175894181546718e-21
17008011341778703e-21
3866528567285122e-20
29293004943713447e-22
35091073553234026e-21
0.0006274701953435743
0.0006217541121401456
0.0002975934193288164
0.00029010871074510667
0.00010740141592300698
38002828254514217e-22
0.00010971136317116349
0.0007170383786394421
0.0011057978245782325
0.0003983992489628178
0.0008780871838016702
1309118516408288e-21
2566291296242293e-20
0.0002561510374966899
0.00019443717794639904
0.00010211146799419804
11497498044849845e-21
3101667151883079e-20
8221552122242186e-20
9970924725379467e-20
12998247818968119e-21
5961111427311406e-20
7123746893106997e-20
8666310031985996e-21
1069632250097711e-21
8941479348608778e-21
2002815432502465e-21
0.0001256972137268024
0.00043067903772004047
0.00037531377354451236
902660332505825e-20
0.0005105943156919463
0.0001759229948346783
607708209606648e-19
0.0006034512796056499
0.0008582550879918851
0.0003018679962783907
0.0001854984811793833
7212518618516943e-21
0.0006231849811652032
0.0005747391190213053
57889130676790414e-21
1377400794517859e-20
9500406733566536e-20
0.000193956256154416
0.0003569904501648143
30962235831749866e-21
0.0002643806160564386
73468809975106324e-22
0.00013143571415040928
0.0005954578309846441
5031911324646595e-20
0.0005332196551613925
0.00022596789729977456
7741626702463353e-20
0.00015907127495860623
0.0011117749137537643
3191586343219034e-20
0.00013371444674466267
0.00023552571652106177
0.0001262527687855028
7257607782030442e-20
0.0013001032710580895
9652228664780228e-21
0.00016563858001511617
89277399936171e-19
27247658019571735e-21
0.0002066187469838557
3745101038992837e-20
5584663407814188e-20
6370400314255131e-20
22248941306061797e-22
967451147181825e-19
2404581149092025e-20
0.00011640085571491261
0.00021802909945668392
7895832903362343e-20
7165156319239717e-21
7669410720192051e-20
35119045918331997e-21
18908337601485964e-21
3803896000324946e-20
36781829380821096e-22
3516373930546575e-20
9274638185239588e-20
0.00021297208637022794
2345091540130733e-20
3812617562069769e-20
15038280176378262e-21
2217337385788424e-20
0.00024743894730321373
0.0009527898939069203
0.00046643929060268354
6070838078859021e-20
0.0008280904693960931
0.0002861341470351812
0.0005800883162751683
0.0010491658584753602
0.0006607305887782916
8857506701901513e-21
0.00015236516509200472
0.0008643762202730392
0.0013951598535140788
0.0004569459382644897
0.0002678597428263673
0.00016778059606265108
0.0010636240526397114
0.0006343765109153705
0.0009228993741465904
6210341960203745e-20
0.00040575987065847956
0.0003664607408635236
0.0005075645255284432
0.00022609563087940904
0.0005319259099757101
0.000529700758727477
0.00047414650004453025
41005937853705704e-21
0.0006732074092712299
0.003373549430019405
0.000816510313934273
49460217506302565e-21
0.00038135098102477837
0.00026804822574623904
0.00122763280574593
0.0003162943202300973
0.0005172550087516845
0.000314661140423352
0.0009213036280373325
0.002260857687727319
0.0003995747332923622
0.000744285061855906
0.00022994858125832088
0.0006338098270440449
0.0007468167439979477
7122561086720408e-20
0.0002447960941682802
7255320631435921e-21
11390602894583084e-21
0.0008489784561857903
26637586209939297e-21
4664526243811892e-20
0.00010830959888114637
0.00035276486211632563
0.0001463715835088461
0.00021579045477538247
0.0006341935841943973
0.0011468868385406024
0.00043617633241875033
0.0012960842651214251
0.00021034369572685757
0.00036047035260743066
0.00026055281613544096
7485426879993406e-20
26796634943232786e-21
0.0003188780232034965
5873474834737494e-21
0.0001459471760802079
0.0003510131735096959
16392265821909547e-21
12938497709270313e-21
0.0003403797708096425
0.0017375053106112113
17990933918318625e-21
22599704839285126e-22
0.000500884522629308
0.00014358431217708796
0.00020334855350927976
6300321768522355e-20
9604437627627009e-20
0.00030372747494368096
8418428474078064e-20
0.00040534434027322705
0.00226179972626727
0.0013685184048286465
0.00014641937629647755
20365329279719277e-21
0.0002473093778344559
0.0017636403605832116
0.0033153872320173523
0.0006874654040754867
0.0007116028063183389
0.0012518343663848726
0.002483360890321784
0.0012037778781800257
0.0013356426700826137
0.0020971979451954947
0.00047891217034923224
8016152484185762e-20
11662646312280971e-21
0.0003101133369432518
0.0004567977551584459
8607172540442617e-20
0.0006554869802345146
0.0021614862034459352
0.0005743984740215625
0.00026418425032650854
0.0010073819000810558
0.00030307735015901014
0.001578446991823789
0.0016551543725280885
0.0002872184086671568
0.0001358942905762821
0.000834870111657715
0.004494221009836721
0.001463687675254369
0.00018007860573974522
0.0015113638092592368
0.0022853273991260137
0.0007327506132782933
0.00640348282681911
0.00019029755495769506
9289335437860209e-20
0.0004210884526156864
0.00046935423968081947
5789037637950203e-20
-20177744704265825e-23
0.0006506063347759885
0.0009356565859471674
0.00021705919257555354
0.0007153821467433607
4370339569804046e-20
0.0005483385390103047
0.0006055946075650816
0.0001348233888535154
0.0010343028154581617
0.0008935062025792993
0.001598516401982841
0.0005536287347450064
0.004213713895589787
0.0025201178571255412
14265668460699281e-22
0.0008792376545983509
0.00035201956946400294
0.0005223140787719724
0.0018119834065061819
14449816037726474e-22
0.0003430128081651767
6404297623538795e-20
0.0006151055100321869
0.001365954630111776
0.0004735208544810759
0.0006723108961106982
0.0004928477481338761
0.00013069205058011105
0.0014135097662197193
5834135920370687e-20
0.00034414475601966967
0.0001369462350791104
0.00015470879451460145
3114445129400268e-20
5969136112593932e-20
0.00021587569639922925
0.001297884662569628
0.0003714476297824416
0.0013831225223839853
0.0006844007134210238
0.0069484151211365456
0.0016775638716664703
0.0006290093880277145
0.0006796969371813079
0.000594408739410525
0.001110351384941683
0.0005450562402516137
0.0031740251964780747
0.00021290507621600426
0.002077004631734806
0.0010010975680314683
4127524260423632e-20
0.00015350473740594091
0.0006957670262658739
0.0009468190456178645
0.0008095607682879432
0.00098727477726674
6694249594188681e-22
0.005544538629029297
0.00216055015871359
0.0008062333094224546
0.0029063071737437207
0.006374045492940771
0.0038429238163368165
0.0024235647784635267
0.0006936723121825476
0.005197240441658629
0.00021461704384484692
0.0006455204816552639
22938741457549414e-21
0.00011184589328756581
0.0012095477733373484
0.0032468711833429217
0.0008703839067897466
0.001308373489568201
0.0010917317774766855
0.00391202609342775
0.00493643739990698
0.001813576522534589
0.0032228800791926277
0.0021922994942392636
0.0011017191738708187
0.0033535250890954424
0.0001503359873858588
0.00019541061414490353
0.001879278293514925
13490031165458556e-21
0.0024615006313825362
0.0007287786118202277
0.00043109988776526706
4262162898219734e-20
31049144181408664e-22
26033412114087847e-21
0.0002888617424548614
0.0005041875298705056
1885407094608562e-20
16697125150344565e-22
0.00014452344372892326
0.0005416804427149423
0.002108133526430443
0.001895805043258595
0.0002703120128948624
0.0005632356031843722
0.0013339272238749415
0.0013803671333019148
0.0030580921299996422
0.00033415046924705285
0.0013055345171168547
0.00019686625368912767
0.0010539973085003035
0.0010836293008982018
0.0002088911815252346
0.0002620443505142559
0.0004265545847586892
0.004024147219564024
0.003284276855894011
0.001346551717320108
0.006698123415956385
0.005804667934618917
0.0011031315068945695
0.0003403187151844031
0.0012654084420970985
0.00040689551355788307
0.0018141570072778227
0.0023652874599315215
0.0031616613254829705
0.00026595284417190845
0.0009132809365879457
0.000354899379101006
0.0002617827524261161
0.0012313072831791414
0.0016943758433685438
0.0020407185071475947
0.0008621484430549068
0.0048318422036262645
0.002989739485601933
0.00024286454360592142
0.001393089382050237
0.0006044507285231711
0.00043609105724969624
0.00278081956929407
0.00010882934488879329
0.00011960785581338038
0.00048799847646296366
0.004848755604010946
0.002725442092621903
0.0003974476207045492
0.0002717710210540857
0.00042179874911320195
0.0003846122454845013
0.00026952657148953123
6945389484704057e-21
0.0009686106782279208
5272962450835183e-20
0.0014913587904007203
0.00017114112933883595
0.00026991401727573136
0.00022208423831531626
0.0004924543144216541
0.0004266661159300825
0.0005646109644604084
0.00043575503330315447
0.000379938771895659
0.0002908000097136904
0.0018672894296583005
0.0001896762760670326
0.000526157184556423
0.0003241323039151624
19331339543704393e-21
0.0009713444111521288
0.0030359574151356088
0.003066948139239723
0.000521098022776871
0.004224460843000539
0.004167669442078609
0.0025394856875526643
0.0011324993229142482
0.00020733883238061008
0.00275682572069843
0.0007075682353183687
0.0004682198853223282
0.0002363220380176105
9352119995883856e-21
0.0014455145305705213
0.005350198349127378
0.0007357078314263185
0.0014381193356554445
0.001009783120660046
0.0014162035283989884
0.0003010976744264537
0.0008031648741501606
0.0008419180291589281
0.0011116864271075507
0.0008283000391088
0.002535184891779615
0.0024768611541076124
0.00135323675006516
0.001184288018066942
0.00014272253559196335
0.00028776527101745055
0.001070092520622005
0.00013622535056415175
0.00019265075043301653
0.0007275182968663875
0.0002361201321250652
0.00035892623617723003
0.0009734058755314603
0.00015155557658378914
7424853468459612e-20
0.0003078102534676822
60966632849253794e-21
0.000332828498176862
0.00011336684320658538
53676399414321854e-21
1351269939000469e-20
0.00020459020223190575
60300425191428367e-21
6057540313589607e-20
3285119884366067e-20
427757277825133e-19
0.0003486663065142361
0.00029765239070796547
0.00012478010757628328
0.00013855618660293264
0.000766443972325143
0.0004155464680807599
0.002014618685063406
29402334457301576e-21
0.0002068447916111769
0.00026260597129208437
16443051724958753e-21
0.002059580741828142
0.0017010899515335497
0.0012215763728629578
0.0015986597420009677
0.00042353598838872064
0.0007039671993453271
0.00029218422295867677
0.00015721478228403673
0.0006003478015581381
0.0003607443448572998
0.0005607132602642313
0.00039823160585147286
0.00012271361683152012
0.00014671811316206972
0.0007033708669993662
0.00026241036424820265
0.0012008198274073973
0.00015560201684630052
0.0004520853604200494
0.0012296504676343773
0.0005533495511408285
0.0005180951696935341
0.00019954171803565857
876866120503707e-20
5128599366068004e-20
4231402157390654e-20
0.00048449102041464885
0.00018104640196355242
0.000464943825228714
0.0005334640079201064
0.0012968597523591275
0.0004425379954794362
6230980542114815e-20
0.0003100373359587862
6804473323299655e-20
14081757726957464e-21
21096723106224913e-22
0.0003068699263143617
7421690034414945e-20
7601436893038648e-20
0.0006001643512549734
7802419748897505e-20
3376409496705891e-20
0.0001116158945510948
0.0012004980652873924
0.000334305888302825
0.0008196676472951897
0.0005428716850891748
0.002740933124810204
0.00032081122067522907
0.0018721848849538006
0.001876364864201377
0.0001739692904990423
0.002453065915201901
0.00031602793992547353
0.00026269508974362135
0.00035026140896812037
0.0008568574039407944
0.00026839666308458904
0.0002222757655622253
0.0008556204229897933
0.00076404694480408
0.00017276418049091196
0.0006611358577668252
0.0014269727119311589
0.0013586115472244197
0.0005888995222202816
0.0002871796064080722
0.0021080000575521268
0.0001324038292489224
0.0005306787632171381
0.0013262656890079595
3382171836039553e-20
0.0007780112998421524
7657453606332795e-20
2341848556107537e-20
24594345069274633e-21
0.00013494686526289152
0.00010433606071267958
0.0008975627936763481
0.0004640537982957921
0.000770750865900196
0.0001798978377250767
0.000194209653642653
0.0006371805714004862
0.0002474805775385967
9170683831246432e-20
0.00014557516117416538
0.0005015766500740072
5647950883227125e-20
0.0005103848497409936
0.0012712438436751333
0.0023525316068550716
0.00032075884315562364
0.0002793906762786889
0.0013253224853743736
0.0005559144542571134
3890032514913504e-20
0.0012484741666989384
0.00719849870277007
0.0021655639643546687
0.0009467527623121391
0.001597159948265643
0.0021918736724223834
0.0018398278670402582
0.00038421801805641284
0.0031643443037887822
0.0003978690338071348
13488774203545506e-21
0.0004398747772866452
0.0011195709075864345
0.0014102744716409886
0.0003165444728281694
0.004478037818982486
0.0009641336794214984
0.006707353339396489
0.0033957901524522163
0.0007045792157455924
0.0015708346773621
0.0021360378744994042
0.0008992308881584279
36354296782179884e-21
4950989685393298e-20
0.0014914838677081814
0.0010004329691855585
0.000375325310848505
0.0011904846970549239
0.0011209904205983399
0.0007179545280017686
0.00046971991317851344
6339578744828184e-20
0.00014312480140152027
0.0006091967423428313
0.00034563316400184154
0.000443576272460837
0.0027535106074786657
0.004896759640329903
0.0014057439803975853
0.0023042517914085786
0.0008167724864128767
0.0034709886380033636
0.002937219516557645
0.0027557639225914855
0.002142208655854587
0.0005053230700564576
0.001546026782095949
11118235045093519e-21
0.00023953047054741267
44689777454549834e-21
0.0012506793732224345
5651555933852432e-20
0.0006117244805210769
0.007074973208463909
0.0019905551076831907
0.0008861758266731818
0.003390396014260297
0.0008569020497230415
0.001398476035476122
0.0019730467930164
0.00030002875001010576
0.00276104811328645
0.0008681100465439885
0.0003192286829050321
0.0007385883583919882
0.0004912116192179331
0.000656088711164677
0.0005104023675405187
0.00031473772657887334
0.00024793325953518174
0.0008715520623042728
0.0009279420957947007
0.0010429416357114036
0.005187419022447554
47958978907886606e-21
0.001233056392239258
0.001840021734707073
0.0006811140482610925
19569609849535588e-22
0.0005507373170807262
0.0004596936898891277
0.00016873109240050604
4283724629053165e-20
0.001467612262866346
0.002969141916471115
0.004568030781276599
0.0008527955412264385
0.00018410026406066827
0.0003216028088945565
0.0007893336773098684
0.006190811455130799
0.0003687449675374511
0.0006386818426436846
0.0006702237380121502
0.0005536673845327842
0.0005647345571152403
0.0007850474487730279
0.001678161525239265
0.008597565767167723
0.0028399712975284526
0.010284881152970961
0.0045482425979168324
0.0013751374167890922
0.002992418215054925
0.0023977495249582403
0.00025683613941786216
0.0009589591324155457
0.00037905891289389236
0.0032831972059439185
0.0015307954194130882
0.0011849228803027132
0.0003180377250950219
0.00019419415000126438
6408565460150428e-20
0.0010790300662535484
0.0008735017111908491
0.00021103716913141348
67159458709887146e-22
0.0024346319832731656
0.0006964376059523915
0.0002481857927562664
0.0005193652298444056
0.0011372436779504569
0.0011848866168971488
0.0016925666668194536
0.0024390880217513727
0.0009300041691972964
0.0007908438189653641
0.0032872940915098284
0.0008058115959525615
0.0006398156243187553
0.0005204870459603663
8972194764291191e-20
0.0002018872888226973
0.000126288676303894
33767368338702154e-21
0.00037094909264637004
0.00016551733710335552
0.003041245185373254
0.0003827951709259963
8265026489180583e-21
0.0001815287736521953
0.0025597426232767504
0.0019672985565439773
521940958478426e-19
0.0015282180823240113
0.0012038691924779093
24576019632943437e-21
0.0004256008804824119
0.0005828401849315061
8051760682281197e-21
0.0001392720872523444
0.0001903770834179164
0.0005056964198479572
0.0004999004267218861
0.0001544372989485216
0.0006742212427604716
0.004077020803368684
0.0020192703512466183
0.001009123085540172
0.000695988135255914
0.0012777547831946071
0.00026307403044457825
6081931772030156e-20
0.000389826771772807
0.0011902091737445704
0.00041015831303452965
0.0006619205925549777
0.00016285400699664722
9875355902975018e-20
0.000552858844415201
4901935911692227e-20
0.0006940667465559106
0.0005832462499441945
0.000383108602502693
0.00039431191904831147
24985040070846054e-21
2469507501472661e-20
6985558005420585e-20
45170972235969496e-21
0.00012190071076735817
11534539416792585e-21
3461838164635644e-20
7600715818199927e-21
7640993679755893e-20
1012562953531758e-20
0.00029265031992275635
8851058980543448e-21
0.0008566724363911454
0.0007356535587548876
26617753916720112e-21
0.0016499624638962145
0.0013680424592119034
0.0001789926309357969
0.00026322555879401823
0.0008968340891146391
0.0018021665772358455
0.0026632308638674307
0.00022338742620657244
0.00018762776018232095
0.0004774415006534484
0.0001346872115859258
7973216114941181e-20
0.00021571271159016725
0.00171141394232506
0.00022395910566126915
31607793079664526e-21
0.00027659407151372145
2040988094941757e-20
0.00014900558710831762
17225781656411808e-22
0.0001643912193285478
6229346807753009e-21
0.001537007626946597
0.002466550737098851
339159055237463e-19
2636766506084256e-20
0.0004364884547509793
0.0010266490840967458
0.0015920331265723282
0.000793438622449331
0.003246884784138425
0.0018818675711147778
0.0006587134809148219
0.003323899005365704
0.0002798062650036991
0.0004342292151030697
0.00024324710036058886
0.0015891475751396134
0.0030146454677858186
0.001439333195089411
2873392333609055e-20
0.00024696674725089933
0.00024821696030460856
0.00021597565922598026
0.0005033758214682118
0.0001671697483185922
0.001584725702096077
0.0002923285318632039
0.000865076727786929
0.0005349388418046341
0.004925753995841717
0.0016804368980782966
0.00022796148560365236
0.001966776824130069
0.0005779831634430439
0.0007401393103305936
0.0002269520939953675
0.0001257132760497641
0.0013162216374978388
8349617455371873e-20
0.0016193184275628341
9142516513781163e-22
0.003887980958456575
0.001823431411221619
0.0006256286463148088
0.0009809503557942725
0.0008409913808977752
0.0007436759822831914
0.0013679148746510944
0.0006746042157492265
0.00047859011006983127
0.00037357838871760065
0.006017262354301016
0.005504423634375135
6741509912055249e-21
0.0006021911559526205
0.0010946190872180477
0.0015365715074478307
0.0034387010556877332
0.0002561028553836145
0.0002864554564169579
0.0007876130775399073
0.00010802546165410559
0.0012744345983652546
0.00012377619719907229
0.00014740999283434115
0.00028516511016796615
0.00018784811625144565
0.0003458705787369311
0.00028065356617466673
4020472398029042e-20
0.0011125205815629216
5023997626482982e-21
0.0003231220086999042
0.00015809048497641677
9243679560720534e-20
0.00045282422039045377
0.0024227164239222056
0.0004000283084662102
0.0008503692653083976
0.00039820613964577944
0.0013853674996733092
0.0001609272441437143
8161844381331032e-21
0.0004280801174140752
0.00010570725479218945
0.00015436375264050984
0.0008128517560270934
0.0003888406677284607
58153293478184446e-21
0.0002929707249006628
37002219031211614e-21
0.0011532483701520964
0.00022962886665562542
0.0014320815541747256
0.0009524542301595656
0.00021057205150263786
15632781167260162e-21
4808689140078318e-20
50396298261975403e-21
797113210513378e-20
20453524107273703e-21
56564321618081115e-21
6426101110476817e-20
19113377197726366e-21
7766271369311047e-20
0.00014818555031676447
28116695985798412e-22
35558273222470745e-21
53219406410892095e-21
41290453390411457e-21
0.00044194643113042756
3385490165584674e-20
0.0004634029457832576
0.00019385618942043532
30183246754192846e-21
0.0005715375699408613
0.0001100309644910849
7531165447379925e-20
3923653110905528e-20
0.00028860975487102696
18757116254515864e-21
6441591220614172e-20
5321960566707246e-20
63165593268007585e-22
0.00011929496868738355
0.00011996252960851187
0.0010191215533679574
0.00011050848218488099
0.0008881994410131431
13749546573974803e-22
0.00013816146396725977
0.0006355966782711932
0.0008909863702247611
0.0004328510695568779
0.00019703836842259104
39435238070365875e-21
0.00036090869704201363
4914975496610702e-20
26235306452946382e-21
32339267259410034e-21
0.00021547998009814622
0.00021849186586177504
0.0002612446132980144
0.0006965404151805237
0.0001343948747172889
0.00035735809480181825
0.0015000860202172381
0.0007005987202402589
38243868753575154e-21
0.001140589049969812
0.00018104006292786492
0.0010017244378899624
0.0009121234759745906
0.0003714739954022692
0.0006330641416101153
18213264248344496e-21
6434202463509788e-20
0.00044547108664740845
8929877275307237e-20
6916493253360081e-20
1544917858081828e-20
0.0003460605568565849
3843297067050098e-20
8352114435280384e-20
0.00011061358110325123
0.0004554691304114757
0.0001140827346477259
5422677729112687e-20
9636721669822808e-20
25415463197879503e-21
0.00018763826044482362
16825641656454873e-21
32793007944109755e-22
0.00011016776774385729
63649038845671e-18
25180914399937516e-21
0.0001565701472847876
5107774184898972e-20
0.00026811437706270464
723258003186227e-19
9218200189367867e-20
7159386338323932e-21
33107470593881714e-21
13295284689159224e-21
