6462366345387183e-20
5101540229230357e-20
6274156615615497e-20
0.00015366636430092637
0.0004611926569438747
0.00021279812778982851
31973561952623066e-21
0.00011873522618778933
5537846180738742e-20
12417163846191128e-21
0.00012937484838345547
0.0009285450724694076
0.00029439709630241624
0.0017368207011789142
0.000319473508998499
10154464398885768e-21
4329055751255803e-20
0.0009818664288048931
0.00010914677442727172
0.0004884382791368362
0.0004902027527321515
0.00015844467941428765
0.00017795807793087083
0.0006051307678024662
0.000147793899903669
0.0003095980750569166
0.00042978588917331773
0.000219694255702214
25546424429228094e-22
0.00011316383769570279
0.0005130159061963607
0.0012009698398542
0.0038420412138315224
0.0009831824488210116
0.000518386711663973
25769707338786274e-22
0.00010784095765459227
0.0013757021104107699
0.0001561806043985592
17454324373526912e-21
0.00019235388015309576
0.000790972167352715
0.0002591276845458095
0.00029776152399881413
0.0012374413658229892
0.000685293956261943
0.0007617713685994944
58016971312753036e-21
0.00193431300029161
0.0005928519666563916
0.0003511492406360393
0.00011853039266589767
0.00014172105881207872
0.0001778739985895984
0.0003217498530169932
0.0020539518605462597
0.00039507491023534134
0.0001452803997993812
0.003244750456760933
0.0006173225509597634
0.0009213938344248228
0.0004707004194204477
0.0006371896323291604
3797766330361332e-20
0.0014462391961682982
6739695806640352e-20
0.00042548989891715017
0.0006498995559936177
0.0017337799431345615
0.0007277986030762681
0.0005360278593910804
0.0004385399876472214
0.00020078876134272156
0.0002617095690782632
22785452388694427e-21
0.00034734112843867314
54565480993969755e-21
6565771068879835e-20
26040018327384994e-21
0.00013847213141246752
0.0008762927866942045
0.0004247573608545608
0.0009811992651224289
0.00038821005119670833
7960843077331304e-20
0.00059098344358984
0.0010037733481446393
0.0005578872035801753
0.0008568736457539406
0.0004218131820333129
0.00019042593836180312
8511082789572371e-21
0.0017025187539731796
0.00010567507533617125
0.0009135590470029879
0.00042163231940031595
0.00040793805634640437
0.0016914339639275808
9070591261071347e-20
0.0016530490685781089
0.0002569956648144005
0.0003015625272490833
0.000382726847336766
0.0005306331695030071
0.00027811862769757165
0.0006680279610348889
0.0020182182542580786
0.0002555425912455905
0.0006110982707241164
0.0018217815123662115
0.003947507721574622
0.002095185729801889
0.0016234015776796207
0.003202699096327421
0.0015815664105889515
8502675586195275e-20
0.0009621436808707788
0.000988141992108502
0.006228902041887014
0.0011346601627492928
0.00037283449450583743
0.002225850075954372
0.003024002869911558
0.0003384951343305878
0.0003892929561398915
0.0023823543674861333
0.0004848775026531659
0.0015199564843892946
0.0022142525568720345
0.0027912086892111923
0.00010284285384429062
0.003237030194797206
0.0004679928155277925
0.0017607944170064578
0.0018136191106004132
0.001400518838560727
0.0001027210834418856
0.0014098437775442517
0.00015746384140307324
0.0012500218782344442
0.0006685677075071854
0.00029509889921749326
0.0001533417013138361
0.00035209991010927595
0.005724787781888319
0.0008880302386616356
0.0003536637853919511
0.000120270707958939
0.0006689303160909688
0.00011840085288863555
0.00023238804124286658
0.00014198066341400534
0.00022869740163604125
0.0007342600918744353
0.0005891523233878764
13844697720477688e-21
0.0005515414063275714
5567353187208652e-21
0.0007102239718253263
0.0001327760200405991
50449517550070886e-21
0.0007125021296203493
0.001128671200141939
0.000797162383919779
0.0004035253169014807
0.0003544198859465865
0.0009242879911435226
0.002325919308983098
4617011079485367e-20
0.0005956693632172903
0.00011908431688241946
0.0005320286719256626
0.00039591955937276973
0.0007534339649677914
0.000379399009021662
0.0001839795816150661
0.0005744693260130761
0.0017874150787061446
0.0006771263064296641
0.0008071833369301089
0.007994842386344285
0.0033835015463250335
0.00046511426093272625
0.0014832040657160493
0.00213609661247466
0.0022889452096907827
0.0022115267726271585
0.0010742646183581081
0.004443387584282583
0.00022737689237346272
0.00200523517718054
0.002231700382451153
0.00031846244152571707
0.00020343222810403436
0.0032511624586495274
0.0012486393551728546
0.0038124152419094968
0.005953177526516125
0.001907484232537975
0.00714454172776587
0.0003547472418300678
0.0015718806048105822
0.0020277202903429955
0.0005090849115511146
0.0017569678334293085
0.0002682488744922301
0.0006199117128234413
0.0005618657460481131
0.0028789436256259795
0.0020079416090439616
0.0008658018242381426
0.0004862841240878182
0.0024064303334416733
0.0007461512935336986
0.0002533211161280232
0.000179747665183969
8477336034273536e-20
6560502495839308e-20
0.00034369098051085123
0.0004246009800913147
0.00022727230880088898
42544837428896726e-21
0.0011129226046504397
0.0009817453928861381
0.0004540679701655863
0.00042011123643184625
60657979221472746e-21
12015834631418665e-22
5815907510272105e-20
0.0002046841292554119
0.0005330026991328578
0.0001615023202749765
0.00010177727502717578
0.0021668794045438255
0.0007034984204153659
0.0025834837256841167
0.0006799619658349358
0.0002418698215384704
0.0019917462059942477
0.0016408483765614182
0.0005973364498172389
0.0015791208079733172
0.002235972734803154
0.002133512968858967
0.002584591050427421
0.00178348394239793
0.006662475421271763
0.002238755879730738
0.0010711093442111908
0.001854590473084046
0.0006667440507212495
0.0005936766733311066
0.0004932189904828155
0.0011738716058998923
0.00030152085764754733
0.00016777804375946726
0.0005783568365544503
0.0003553084675958986
0.00017903050972581275
0.0024266848837441817
0.0008720475315334606
3399968191988846e-20
0.0070506225458162415
34824613944624046e-21
0.0003399351034799847
0.004017431247405582
0.00129209954073039
0.0012950776573927448
0.002953151907599663
0.0002090793135839991
8550013766959861e-20
0.0008048054380830042
0.0009418696053986412
0.0008157691945883648
0.0002873570675151169
0.0007138114463076456
0.00126055613750533
0.0007596364192153857
0.0004239761543356531
0.0007268944868206378
0.002129820974438773
0.00035641632315054335
0.0004300561514306001
0.0002510314582768071
56947060299100035e-22
9983921133567679e-20
0.00028089424792789996
29203524258642725e-21
6728178301234482e-20
5244617835631017e-22
0.00015804372622183795
5601435563377317e-20
555891158158125e-19
0.0015921843614096654
0.000283067709332192
0.0001230304434528802
0.0004930575014107472
0.0015221339845744582
0.0012508400817767967
0.0010673825974136803
0.0004934966002596856
0.0012323510271194345
0.00031591882923378027
51203319330253406e-21
0.001779663163506037
0.0028072093826645786
0.00021380229503074695
0.0003014996188970861
0.0005316576149018794
0.0007155055598639591
13264614651447295e-21
0.0006772031233406847
9158802871989303e-20
14638867877437403e-21
0.0007394940371313128
0.0002861539965093001
0.0005514080850572496
0.001000215347375214
0.0005495276564258602
0.00027385067599042305
0.003662212066732193
0.001666434317859976
0.0006427311201825371
0.0012178504308312094
0.0008217288068420879
7545579834646899e-20
0.0021203768999380926
0.00027271534572292195
0.001137610952312302
41953652098665765e-21
0.0004581846360933511
8868441250535437e-20
13531812629764701e-21
0.00012760578546222633
16121852380564444e-21
6986448455201289e-20
7821752886124261e-20
0.00040159859789432885
0.0004069463217067327
3875768243780418e-20
24547703382011755e-21
0.0007267402893242136
0.0008101061791387201
0.000320487860894248
0.0005076726798418181
0.00041508718116271836
34303683619651616e-21
0.0005909234479272318
0.0007382526929583685
0.0011674877605631986
0.00042422078541814014
0.0062179809059285576
0.0063440736847623705
0.00014587234468006212
0.0013938281411808862
0.0005639843157315875
0.0005738653032725603
0.0002671960465700685
0.0016094224401280994
0.0005094918503098223
0.0007798101259347659
0.002073042119494703
0.0009114094452581725
0.0010848732356518228
0.007003743159559134
0.0032110980004938267
0.0014621502215871958
0.0007227643899313622
0.0019396254230707834
0.0005720409872196623
0.0009304933615394612
0.0005793052798046081
0.0014416667619838101
0.000948861037233618
0.0017055526176194785
0.0013067833716777235
0.0005320717340839739
0.0004387436143258165
0.000986012049344587
0.0009889701461496276
3206874925456412e-20
0.0002574528636353547
0.0006860848451964831
0.0007169153091180283
0.0007505964794527383
0.001193069251347144
0.0023563806655971537
0.0019807723971268306
0.0005689741366558093
0.00013611797551496373
0.0004454214243809585
336055209214581e-19
0.0033352191696556033
0.001956454780015184
0.00011960140130632249
0.0011956827673992852
0.0014397045374247594
0.0005358783736007086
0.01047486063493306
0.006974937222443729
0.00011010365760923139
0.0006962085580450949
0.004330230758381148
0.004663375987264167
0.003401595850816278
0.0019260906353220362
0.001021453196404977
19088398426273327e-22
0.0016777808990729919
0.005149936009494926
0.0035690091236630266
0.0034691887441512495
0.0023582112229567275
0.0067246855319758134
0.004722537984261681
0.005019359521652475
0.006082890330398078
0.011134967808082966
0.0063014753546096055
0.0010601056179083467
0.0013982689649595364
0.0004222064887140551
0.00035113413269734754
0.0013528905823151898
0.00337628862977322
0.0001938846790440562
0.0032915261808449327
0.0006711131528879771
0.0001902747827585943
0.0005447899188218859
0.002866970540632596
0.0014072594727206115
0.0017470058762765125
0.0011189750210409142
0.00644603489911662
0.004051520690263045
0.0033972914402858917
0.0014742401045244554
0.002036318952993511
0.00126576965379615
0.008747770627278424
0.0011460373722103638
0.0005181482498103762
0.00036946318564026
0.002859319549351572
0.001332834190899885
0.00425389853408433
0.0018114450479106876
0.0028917949080291064
0.00792686420911814
0.0024747773041806703
0.004015542485784449
0.0028632205057846105
0.00917876981023139
0.0021927759365459867
0.006869941991253653
0.001326529963984798
0.0049221334019131716
0.002896733168913563
0.00738996326277443
0.004722172633031117
0.002392346681811845
0.001927215239415056
0.0008854932061166318
0.002368366961145073
42775745871585675e-21
7738417931342048e-20
0.00026600193906669954
0.0009283678487147955
0.0033555800802285924
0.000990759604101394
0.006387169263846778
0.0025064375682698086
0.0015477668131615274
0.00015373547563927694
0.004649768455879329
0.0019410901326614325
0.0004036750520807023
0.0007751113200721107
0.0030110474382096506
0.0035908987428925326
0.0004246461925812683
0.0004795367688785411
0.00048183238680344465
0.014202611631396824
0.009651684585434103
0.0019622955052973757
0.0013794222910865335
0.0007228865951837851
0.008324097357424615
0.001997597114759204
0.0011376551027096303
0.004072386186572687
0.005168320279819101
0.0008427011596840216
0.002399449887470758
0.004683627189989414
0.0017898196789049021
0.0018910269796762248
0.0010671937557676049
0.000792743772674575
7733476787382265e-20
0.0004241242812497015
0.0014650743047220141
0.0008545835441526426
0.00025180349248738625
0.001248913803905043
6474050910094282e-20
0.0002545378303836331
0.0021846449356339916
0.0012070005414142862
9819123487048459e-20
0.0003244851465907206
0.001535589030725749
0.0010326562071953688
0.0014744440957060799
0.0011153572821220778
0.003148813064143617
0.0004613733341829848
0.0007480204420635475
0.0003904859943447173
0.0007535203158223979
0.003949391997012442
0.001416182559973871
0.0022783077035614377
0.00010731335037556569
0.0008453894116477977
0.00015864251084562702
4867011146164735e-20
0.0008032743982046066
0.0014572073986046465
0.0010706981950776508
509769999317529e-19
0.004160388858300542
0.0004120138709917582
0.0007490585148444121
0.00010621199355387291
0.0010613491685328822
0.00036581407073365624
0.00029608531872576824
0.00021475476842445647
0.00023431972073607277
0.0002471916381855524
0.00017424561961259976
6363313338645053e-21
3514400294331789e-20
0.00041680590212427894
0.0010391764516514235
3982789710740395e-20
0.00010325915214748153
9158529651261138e-20
0.0015563298392421352
0.0011569392375677828
0.0007831772570129837
545174853400306e-20
0.0001723797821261118
0.0005774893541643502
0.002979234331309115
0.0018777774779227293
0.0012865966157963233
0.001656966831487982
0.0049952828211178805
0.0008228537628682153
0.0001373842936029643
0.0003026653946913342
0.0013508925552296461
0.0003752783436472536
0.00011790266389135526
0.0008398157582642725
0.0019111870395361736
0.006458544133642044
0.0006144711283293845
6560772268172793e-20
0.0008892631124068367
0.0002360699464179991
6395615466906859e-20
5984582936884928e-20
27729357227673916e-21
0.000504054081915462
0.0005160527258356401
0.0001348219258969642
45043361837381715e-21
0.003906899077219942
0.006575587998506869
0.0034262657418786253
0.0017555451798085266
0.0022222328762785473
0.005761742535753378
0.002287246407509198
0.0075758531645505325
0.001108772024377631
0.0024880359742800867
0.001198864848115033
0.001320384517132665
0.004841453985695951
0.0014384625166642877
0.002435145642521673
0.002604833844516445
0.00015378073017920013
0.001259466298039104
0.0014273086417062105
0.003110387266594181
0.0017351241175350932
0.0021642704024515086
0.0006601721250337418
0.005924886357654993
0.012504959475771793
0.0004912337290185609
0.0040766510990928395
0.0022134424622777147
0.006839543967193094
0.00021909106861197657
0.005250881898025559
0.0028269352248483045
9406310948060803e-20
0.0026777792186282543
0.0009970599487445545
0.00046910429581529346
0.0008775983221957172
0.0035476733101650923
0.003124051965958129
0.010898558129935997
0.0018306159840443968
0.0015710373278396282
0.00045403094237686254
0.00021596926113381866
0.0006476849256979834
0.0033834075159189926
0.00046973498312526867
0.000339658657534001
0.0038517823263557933
0.001712632506727306
0.002492359137501783
0.0023379551983056545
0.0019512426375429737
0.0034919372618068853
0.0034000546996187323
0.002148128974736794
0.002057117209567327
0.002738314970936508
0.0031758263419481634
0.001574017057654245
0.002085645650318872
0.0002338137729558967
0.0003208488883693201
0.0016559628516479355
14294716573804085e-22
0.0008959418453930125
4399382670861026e-20
14046528326162475e-22
0.0008332025878349773
0.0011518569425482664
636157622867128e-19
0.0004766423735746714
0.0003392175939312277
0.00245779299036074
0.004084569307263976
0.00030263948321656225
0.0005354397327080871
0.0023641308167896857
0.0005223920192346874
0.0016829670242423309
0.0007656594193809394
0.00033509153325198514
0.0021263510180714717
0.001537974790605111
0.00020404160577299567
0.0003244462870651262
0.0006235253739848067
25399076694074833e-21
0.0009531551681554743
0.0006955174940949609
0.0004161989226960624
0.00026528801163277387
0.000998206519517956
0.00010942814947233387
0.003028328745532723
0.0007500195290733828
0.00297528975199614
0.0020198930081755584
0.0028450418303177555
0.0005880609936256423
0.0017457744322566756
0.00011839928062315652
0.0006458304424604137
0.0009368941064837643
0.004426312828532519
0.0023593842668030306
0.0007790107114216148
0.0015023338352655761
0.00020042886102707763
7017527759446083e-20
0.000561162628319783
0.0018407400783471486
0.0002118574534315075
0.0010943524735530534
0.0024598654165329556
0.001156106417792656
0.0004734354351316579
0.0004477507137603129
0.0006469753724308437
16922808425265395e-21
0.0002063278564777664
0.00041934678008815235
0.0002744114216537643
1294223328741516e-20
332457414413085e-20
5985691862085767e-21
0.0006578534303663039
2739263311704688e-20
0.00040967018513608935
0.0002819443974652917
0.00017335155887897712
2401551629316345e-20
