14985697272665777e-22
0.00021551360664270772
14533584837749482e-21
1248276791126552e-20
0.0002142778311744385
0.00018591246690233523
8235762091519235e-20
4466050209665039e-20
0.0002489594975831781
0.0001913274377286521
0.0003811034588643021
0.00022825819032815643
0.0003208925467905598
0.000462382497132605
0.00023499131210944749
0.00019060135433648467
30852121671633694e-21
2821180437352428e-20
4432598506798719e-20
12657974251291915e-22
7294956725786629e-20
6717970010374261e-20
0.0002463851790937996
38346045755257854e-21
0.00018935392648601355
0.00015124062048654384
0.00019895012069367355
9523210769736201e-21
0.00034407806757055
0.00024203261934611478
3654566842102035e-20
0.0007016837696445584
0.0006240377048691388
34844859065030904e-21
0.00032600098582116803
0.001257580265093173
0.00034839578950768925
0.0001355768066937326
0.00016086363371507713
0.000268246985947484
0.0018341395854097253
0.00019605580095216404
0.0005268997942876881
0.00026440181418462417
0.00010415333332757513
0.00037636708037929904
12923421000896418e-21
0.0002420235698454772
0.0002894022733165673
6405977540039621e-20
8007917198424701e-20
0.00024233453365007208
8779249238903329e-20
0.0003497545191269025
0.00010733367433581741
0.00014465978496320996
0.0001440601624138863
0.00012325591252816041
0.0007514751877282477
28003440196279756e-22
0.0009749077681410379
0.0003497705604874338
855065081152358e-20
0.00011873646431045571
16327922883013596e-21
7120351942760757e-21
159856453917035e-19
8033606528628721e-20
489711933592989e-19
0.000215589202126421
8236871838694206e-20
3702791109847451e-20
20084597801711663e-21
3656962864000749e-20
47910490514689115e-21
0.0002531019087135682
0.00011164521536006621
0.00015225004017463655
0.00029932393806493063
0.00011264483083499786
0.00013297069220536385
47320758733777325e-21
0.000137033705460447
29326118034914034e-22
0.0004535410666642211
0.0003153282186295607
6621267270383596e-20
0.00045909373156884304
0.0013790450163485087
27286924685270136e-21
0.0003404521579121704
0.00048296237578363454
9234636101894968e-20
0.0006831865547419789
0.00012431314442764197
0.0003574479150239357
0.0001833651165248375
0.0003052380366768389
5253637657175963e-20
0.00025830059205932154
0.0007262402159225487
0.0005122985151743034
0.00017541576560438355
0.00010910952160754753
0.0002787872742189106
0.00019875497733440095
25491443531059648e-21
7023916817057274e-20
4702878109691645e-20
0.0003326408803642174
0.0005036317846925573
0.00027323285489346455
0.0009902236150905028
0.0003471106675743583
0.000763149523476684
0.001548467173018573
0.0001141760554982249
0.00013566248361205867
0.0002810114877018598
0.0016150922754087224
0.0008859902560367139
0.000991615217068421
0.0002722804859627154
57610706587266466e-21
9526239805035914e-20
0.0009027821959929569
0.0006958847003179278
38175042561318876e-21
0.00016189275929150054
5662346488016885e-20
9596873164151186e-21
0.00015336084655840566
0.0005417012611282645
0.0010311761047894024
0.00015352194942128253
0.0005301644387592522
0.0005429196173568462
0.0012438995784862436
4089227228299928e-20
0.00034871954548687387
12580576155095225e-22
0.0014207025532278403
0.00012970001409780157
0.00032667413581599105
6556050194410792e-20
0.00021006678443690467
0.00019715604736580053
4783606511874638e-20
0.00013909875854434863
3003459410989195e-20
0.0001378490081109586
43800215517898315e-22
0.00011813607682272062
0.0007313218053164122
9405366094247007e-20
8450216907282154e-20
8601290817205188e-21
6256703028495851e-20
4395231386048775e-20
0.00013004796155552742
1053381124244512e-21
4299717455109478e-20
0.0003117849110798163
5323527834400067e-20
0.00011033647381052973
0.00013666004473841817
45449474578876785e-21
746329632907383e-21
0.00041464031733377143
0.00042123504158021356
0.00011418166239203715
4535559334489781e-21
0.0003396704671396219
0.0006721952981463823
9319784287731521e-22
0.00043625569524897105
0.00013170122260731734
0.00041366431666792084
1653871226844928e-20
0.00013898747124181532
0.0007194138514103246
0.00012225682286922963
26192595222866478e-21
0.00023755252901915585
6754375142138342e-20
0.0003289702948846213
6328887029126278e-20
28912748002485906e-21
9089489750535623e-21
5701823672894476e-20
0.001846985955071662
0.0005871391467459247
0.000574903908984237
0.0018760751011352185
7020800424001384e-21
0.0004904045562805286
0.0001259187905348622
0.00011626862669398716
0.0008755043671265846
0.00043933119124352606
0.0009326430888607982
0.001760632467839228
0.0001143211836450756
0.002780103562545998
0.0013302472536573036
0.00023117844230075414
782084713654533e-19
0.00033345371399772276
6546683479847469e-20
0.00017939068814592856
0.0015587823125446335
0.00010637602397170467
0.00022727302607018538
0.00033968925067574384
0.0006060748998622499
0.0001495434841000316
0.001124709013176102
0.00021635828660040554
8855337616944415e-20
0.0007274290668684097
11972728898638924e-21
4328086805502962e-20
3048435239899234e-20
0.00042677770171238366
0.0001242639405255403
0.0004948778427729599
0.0002597945191482557
0.00024543789655125407
11416422224424976e-21
3156286023772501e-20
7290914722094666e-20
0.00021892985958854133
0.0002429689351663734
0.0006051282345898579
0.00023479724223148327
0.0001347737824264096
7348104848181021e-21
19240576137667438e-22
9679437513165776e-20
834108229769985e-19
24078270803225285e-21
4069391674883886e-20
0.0003494059079860172
0.0005270469184598724
0.00015323705942823338
0.0003614020391546916
73201810859322586e-22
0.0001811198803434086
7901677893312676e-20
0.00013221580706816992
0.00011362874908027
4902366890651145e-20
0.00011606276227600378
4501338749169073e-20
9606585309476117e-20
6205468286916491e-21
8472200461253628e-20
0.0002651288806671016
0.0001621474153613032
0.00035297864281590635
0.00022798687960136132
1639425204123128e-20
0.00048489042309199723
0.00044586910298660665
8906378230681314e-20
6499024795663717e-20
0.0002480498496530247
0.000209765732031574
0.0005093359705892692
3250520304287796e-20
0.0007862447608515263
0.0002728727000118149
0.0006089246591069235
0.0002002373027949878
0.0003928590425273381
0.0005639573986593848
14513728976365576e-21
0.0001940732769684654
0.00041404178537373607
14095456464303909e-21
0.00024833250125690955
0.0002131794364889674
0.0004522640897214575
0.00022543067439490712
0.00017978959972837994
21797833895732073e-21
0.000404298741285416
0.00018579371902577755
0.00031094303494134
7006289929091331e-21
0.00015478236168559877
9653698886962074e-20
0.00020501961943327477
0.000583907974122623
0.0004140267010407681
0.00032671942689697025
0.00036319265831407684
0.00011083927305645741
2143740432595587e-20
0.000244660974862511
6790248447871741e-20
18893930457914886e-21
4897094878643949e-20
0.0001919841654278822
0.00022895603762467217
0.00010234799786767251
0.0002925996195011354
8639500752212416e-20
0.00010698811920961668
0.0002851838734025959
0.0007843896734744029
0.00012757246559116583
9718849542865264e-20
6063813183155069e-20
0.0002075582499883603
6028662876623846e-20
0.0008936280822924213
16920921653690833e-21
0.00013190088736365083
860825425192575e-19
0.0001670208253591606
0.0003738428507388474
0.0007026752174708866
0.0005833761245000666
3285779759220153e-21
0.0005243737005557197
1564866028385996e-20
0.0003261483754330159
0.0004833893004629544
0.0007601112750230538
0.0011677900626062758
0.0004364629661248814
0.0008769657215831709
0.0002153746048089456
0.0003559500598710824
0.002168652097795929
0.00017766449212047915
0.00014759803933428112
0.0020218222953786074
0.0005934903458304013
0.00040289198081851457
0.0001407593753833312
0.0005646015117263655
8932935026212128e-20
0.0002289311317225847
0.0005841136099592582
0.0003926290451292538
0.0005382350393505417
651929996731778e-19
20899478974919024e-21
0.00044775311803854894
359976190681199e-19
0.00039090675993731094
0.0004126906431621188
5314069259723194e-20
0.0002742456760267769
0.00013616447096934933
0.00010234399554382093
0.0014213995336484363
0.0001148076406752515
0.0012906334662500618
0.0003525800909867266
0.0006486562708488041
0.00023214883738200318
8207078038768848e-20
0.00023844159907544487
58012626051595045e-21
0.00013062376028343494
8572329021370637e-20
0.00024349309742545855
31502867593010656e-21
0.00038575022576062186
0.00016259517095216843
0.00025792475566622673
0.00040949537319350096
0.0020551744633899895
0.0003981327287401506
0.00023516974796681394
0.00048511191492795006
0.0014476876655625949
0.000352063134234496
0.0005928384391415962
0.0008358534892519089
8176479703619851e-20
0.002486273620562546
0.001953440272370502
72671869811693614e-22
0.0006993158925632151
0.000618225196703764
8287407208384309e-20
0.00045281155574073594
0.0005715105178447631
39617768169682415e-21
5142501657807905e-21
30437408106509287e-21
0.0001381102032215232
7404107035270541e-20
0.0005474052791131791
0.0001141412847650781
0.00046128606584138225
718740421545453e-20
0.0021141677253414468
0.00235383959737634
0.00019000580219051102
0.0009166196865885215
0.0004909020204124235
0.00020775910291013027
0.0013160202883390705
0.0015846007941946409
0.000810830595635302
0.001675394369865169
0.001144142696203539
0.0017768398424148405
0.0010488166748742875
0.00044729154664062415
0.0003131616573615745
0.00021583218739406048
0.002098420799849601
6264457274075724e-20
0.0020836344711608087
0.0007152169256679998
0.0008030658077458966
23742714833867237e-21
0.0018877086191793912
0.005893112492252647
0.0012139386320883698
0.0007312257310434686
0.0003189077131059401
0.0004325628391113242
0.0007544848329433654
0.0011465330186025218
0.0006351903894357277
6205514255785101e-20
0.0006776089816449778
0.0006131816274128106
0.00010203812601017404
29190684789143606e-21
0.0004130728031828983
0.00011973883063478273
0.0002590177204330846
9133315168960654e-20
0.00011657867315274037
0.00048328988636152457
0.004765265370404416
0.0003170198461622576
8072685032299183e-20
6498748435327063e-20
0.00018250821330213372
0.00033993510859449893
0.0011072474641767825
5702232611100544e-20
0.00010392379960002333
0.00015418622989552507
0.00040806033055721243
0.00020588495131519324
0.0002323184683982671
24190297483672302e-21
0.00016869742378295967
7608678829026106e-20
2375498995520358e-20
0.00028140679015157535
7418280361012051e-20
0.000469215953133502
23061157223690276e-21
0.0003383473906688428
0.0006019900434865952
0.00018590660837581124
0.00038270411020233065
0.0011376664717714798
0.0012302972676432598
12894249724307728e-21
0.00033485903603700716
0.0013564237908326477
820873320410663e-20
0.000932277848169576
0.0004446488152619868
0.0022365119929676765
8967841314034589e-20
0.0008371211532367023
0.0011996220256523978
0.0007074108992259135
0.0011964386667904319
0.0009447318339029993
0.00020670097566794402
0.0019378052619087838
0.00013863722921970132
0.0009640080554487
0.0009630687157068254
0.0007845902428708318
0.0004776559686414642
0.000700873058385856
0.0004263213210946001
0.0003805706404340058
5414213798489818e-21
0.0009469935012766574
0.0013037075290853787
0.00014706311933624245
0.0017078934375324671
0.0004462153315451561
0.0002614496573990007
0.00029663488672305094
0.000345057307408617
0.0009552487608708775
0.0008726694886037726
0.00042430850202149575
0.0001937557980109327
0.00034129264470882093
0.004891435706992992
0.0005050744269659936
0.000833809774895438
0.0018768052133050132
9428332662536673e-20
0.000367533693896711
0.0006382275230179514
0.001656805063530338
0.00030370228994739117
0.00012034722903608157
19615607811818164e-21
0.0007120684530860194
0.0002732388036833804
0.0003895812911248206
0.0002199188557965311
0.0006850604539839796
0.00013189720821952015
0.0005627960511638712
0.00043516433966508906
0.00032498676039072015
0.00016071797092476393
0.0005198447501740825
0.00014527843590416388
12927061239386487e-21
3703337684886654e-20
0.00010678542295166564
0.0013802931672790815
0.000937259703770836
6744214491954136e-21
3281244076892772e-20
8140736811015178e-20
0.0001541815010106874
0.0009069607515227049
0.0004907516805672516
4087024577608138e-20
1014931228604743e-20
0.000115094262204559
0.0005575429481783054
5186527244581545e-20
0.0005321280056096748
0.00022491589792343787
0.000691644733836246
0.001992538031270256
0.0003025242947718365
0.00022512046715743325
0.0009211942441199321
0.000512522071786739
0.00020706294535840868
0.0002533586160482812
45367885664834245e-21
23234544810284077e-21
0.00027791977630598104
0.00024943268424600703
0.00032679855824512525
0.0007434997517859537
0.00039434371441277554
8676639293706004e-20
0.0003052727758103414
21303005920582752e-21
0.0005363785025716118
0.0001834223410186942
9157668071425923e-20
0.00019026499118699546
0.0014682355836530866
0.0004829984143936699
0.000498488694036417
3033201564615798e-20
0.00032989857177326677
0.0009755343920571828
0.0004005385992870997
0.0003445569370191622
0.0002446083584921009
58254770268050754e-21
0.00018612623947656388
0.0001851602219824585
29474050341326434e-21
0.00020769414530699787
584308127824002e-19
0.00039304099698134556
0.000110626597576531
4878213877536967e-20
0.0002925230561503014
0.00013011454016706344
0.0002812732999441528
0.00028494738285721703
6015825277898271e-20
0.0006680871609627608
9508382327305467e-21
0.00010323623808710338
0.00010949758500990247
0.00012905469455696888
0.00011868473068997113
8480847327098429e-21
0.00029357370870731315
809311685618786e-19
0.0006463795973874409
0.0004184562315693953
7549635371799968e-20
0.0002153230880883749
0.00044802395350765643
0.0015484605949328389
0.00028757039857029245
0.00039524013725482723
0.0026494495130321063
0.0024816268939107803
0.001118871531057242
0.0010235684377359552
0.000157653896941804
6184269311474861e-20
0.0003148540011062357
0.0003732922390171167
7032596996459184e-20
0.00015305608936589388
0.00034363572661481753
0.0023928578282774436
0.0008402077810445327
0.0004815470651918333
0.0005337636864924452
0.000433323714444486
0.0005190392734161753
27046298754491755e-21
37308263052246465e-21
0.0005485799467808108
6745416295955774e-20
0.00023389834425914166
316752024879191e-19
784613481026386e-19
0.0006984332734033359
0.00030849562789890994
463827521028131e-19
1904374424542485e-20
0.0003748811244457318
0.00039019539932659173
14109128701435825e-22
0.000836277183470878
5535562290352025e-21
0.0007144489641799297
0.00010456626764242958
0.0004392086334000924
4190568409667238e-20
0.00012817380528514226
0.00048323869665684965
0.0001851282852321754
0.0003828560375945202
0.0011530192421949558
0.00047556301140768125
0.0002958812511516119
10720760435271774e-21
0.0004947472602049876
0.0002981054116791094
8590845401795772e-20
0.0007787958708656593
2878732179052067e-20
0.0001850630194978214
0.000801579245637185
0.00012287210607736968
0.000584380658455679
0.0005876033896790904
0.0022213692893955942
0.0012436215174386673
0.001812190909922771
0.0030043088672606967
0.0012218114632670076
0.0010065214617412327
0.00013579104424980132
0.0010061220576119212
0.0009555308170832611
0.00013010145074545768
0.0013522825719837882
0.000513639282049411
0.00037057574373874235
0.00038316524478458587
0.0002547175518251949
0.000653782543414921
0.00027030067422127333
0.0009348882740837601
0.0021254384903097857
0.00012722652918234086
0.0004035550775854923
0.003784054864380445
0.0007244395906360354
0.0019409136674758802
35612442883196714e-21
0.0014968093356386438
0.0009899858498326846
0.0002122330590155995
0.00023008121870165467
0.0008742687300620282
0.0007850296900310727
0.0004491606362303935
6128157698178002e-20
0.0008066453634716939
0.0001344375686484103
0.0003931444655334436
0.00026217582361860313
0.0013228405950624982
10970402280980368e-21
0.0008789614860259715
0.002182364180681783
0.0004568765745542524
9650398420011799e-20
0.0007180743034724238
0.00030599246099755994
0.000729029556275653
0.00028803278608051055
0.0007772644945853624
0.00039750486973709443
0.0007846509593980071
0.00042348399980264676
0.0013954346749640483
0.0014250803964384266
0.0025044168004443386
0.00024855270347103064
0.00039108714299596764
0.0020462260577440083
0.002776953356576611
0.002637142455340586
0.0010461853917082496
22842513622350373e-21
0.0007553406270607295
0.0002628609241352862
4587342920287869e-21
0.0003963828258027499
0.000594119921736974
0.00012379825699827747
0.00023589062854998655
0.00022011177405955318
0.0016909678346082996
0.0013283475840647283
0.0007344995034592599
0.001032138437933487
0.0008218040804742813
0.0006707918748332049
0.0005010564721883595
0.002716253102185115
0.000197272987688212
0.0007980893944335498
0.00018298755118242795
0.00018066222230603033
13648080233263106e-22
0.00011657409753923668
0.0003687419043008148
42385996114046725e-21
0.0005403290657548473
5824919094436855e-20
9834611301068994e-20
5493276529596068e-20
0.00012245365710193538
4523233957381805e-20
30017154496499182e-22
0.0002654537571217509
904029654200755e-19
9589222779805452e-20
0.0002351598067167237
0.0005964011577647642
6117498313628779e-20
0.0004309323704365596
0.0006465735857909982
0.00016855110801134343
0.003064579403800213
0.0010266067505726156
0.0003746149220768104
0.0009877074830987249
19393827256903376e-21
0.0007279356350821907
0.0015218335400732524
0.0010287240871744078
0.00026043934696912623
0.0002775094315139297
0.0007091155600250386
0.00036846761748038934
0.0004499555073051454
0.0007682713346636362
0.0002026430267623621
0.0001109765898705074
0.0005815182464636259
0.00039810163301794805
0.0001509246154370141
0.000517372453873443
0.00023988513733911757
0.0002419648562260627
0.0020904103504472953
0.00010055857574101729
0.0002903357708501944
0.0002671635048282342
0.0007809406080027378
0.0009054161782758125
0.0004718686081859236
0.0006903907716075871
14763758262059806e-21
0.00026781479527338806
0.001058402604938869
5073793509720841e-20
1919753341390967e-20
635753724558095e-19
940744020723611e-19
0.0003529948811156385
40523274782627965e-21
3907632703694201e-20
27371095495185526e-21
7062352441812221e-20
7152937658107093e-20
21693135895355567e-21
5048392901885264e-20
9370437523824108e-20
7024020190892081e-20
8685048208175698e-20
0.00022515239453852387
0.00028318714139394843
0.00020590159205091435
0.00032385832209692823
0.00015380438666216326
0.00014171142028529809
0.00018014390244332226
0.00011280891022050076
0.0002991079153644026
0.0002624470972329839
0.00028263397049356313
0.00015550728312821845
0.00015132676749792724
0.0011722837606700737
0.0015037423049570993
0.0013026302903617257
0.0002943676357130915
0.00021352773354845004
0.00013374540262242325
7835933493851684e-20
0.00013743563176057806
7330138549654691e-20
0.00012472126299123833
0.00016763859317323027
0.00011581332462369965
0.00031416447563229247
0.0005213456052715899
0.00011780989554264058
0.00019669008811314893
10377638002789308e-21
7002004233540662e-20
1553783205223281e-20
51524153003701895e-21
0.00016039049208704725
5897093511673059e-20
0.0006301198591803321
8525953610141853e-20
0.00011664133030600939
0.000728475943613161
0.0008645924253718034
0.00026762927052884284
0.0002968753927461992
0.001735867896292701
0.00010978498529897474
6417469276719086e-20
0.0014908080812856288
0.0004326068482668178
8777305710399317e-20
0.0001663409155385674
0.0006009931387937444
0.00021879499049824226
0.0004028293268976559
0.0011751768594995351
2462103732701303e-20
0.0015173511415567836
753323237495903e-19
0.0004040987496431217
0.0008402298132702535
3596094645299769e-21
0.0010344398044908158
0.0002525351207464227
0.0015962571943915326
49746165135185285e-21
5804685218367541e-22
0.0003311097705055801
0.00020115582400064949
0.00026924519520625973
0.00041571057586889723
13542054796314943e-21
0.0002570050212951387
0.00025419185277050495
0.00050355847730954
7674064409346868e-20
5329138955140374e-20
0.00038980296967492886
0.001031103159249523
0.0003023995643743215
1535731874208982e-20
0.00018561288292364737
4325905339006595e-20
0.0009068558042855759
0.00036868370854539154
0.0005757006844041169
0.00044059286815298186
410182154812859e-19
0.0010679991550032286
0.0001266606406049597
0.00017319413726690487
0.00037205606911358937
0.0005327368494116372
0.00023807074066373006
6622907807290435e-20
0.00018404446146368735
3910989015854457e-20
9692801117785932e-20
0.00036185069087230385
8894158988278803e-20
0.0009783667129951968
0.0002714132778730201
0.00016135680493588398
0.0011406201372864677
9942368407887701e-20
4826701957192368e-21
25049177856562565e-22
0.000699829038442877
0.00015858085658020481
0.0005932270443864201
1185317122525162e-20
0.001057101655267028
0.0001701874022571559
0.0008176807647794853
0.0005647147574647602
0.0008919572757133456
0.0010618758325792626
8298767243938206e-20
6789508541220744e-20
0.00048317257547794045
0.00018509416946832017
0.00011425500532293054
0.00011779660658594462
2724299339053483e-21
5109903417968403e-21
0.0005290246264481923
4985484452889599e-20
49865430587922554e-21
0.0001254984123288881
0.004768223810021153
0.0002507165628641204
0.0008223127748479751
0.0005817286172467679
0.0010258338931917793
0.0008574558819322819
1218060122425167e-20
0.00013969690778192203
0.0002037591095023399
0.0001757892098410007
4255016143402563e-20
20525744523742666e-21
3773469406050262e-20
0.00022180011829941147
0.0004871982425976972
9480534693841076e-20
0.0002743026296462601
7771415388999625e-20
0.00010658657412868429
0.00019736497187578414
0.00013372164965236896
0.0002627651670483927
3295389627606812e-20
0.00020818822022772117
0.00014424685639916458
0.0015386574321433163
0.0008007807716036198
16188331640468205e-21
12319759435153483e-21
0.00013089315245143451
8947373592950281e-21
0.00043371325652471175
8094165828168686e-20
0.0008260833871431881
0.00010639002250729948
9785679214940715e-20
0.00011272592818668371
366861125060368e-19
0.00014675142826438414
0.0003140845506434468
4324147118524133e-20
0.0001445058624033837
8644392055458407e-20
0.00040568421255034415
0.0003164072313492786
8794323692791737e-20
1781999472636514e-20
0.0005192510776953046
4984443893098774e-20
0.00031161229713423796
0.0004301064811398764
4725468607053827e-20
8649232429513833e-20
0.00037779758359807495
7239931991395746e-20
0.000233456862800069
29123971734674876e-21
2622372168461136e-20
0.00024474576874156556
0.0001789327672204719
0.0010368571941817726
0.00018991816986842894
9829938063873959e-20
0.00028392886066180964
3200430779408764e-20
0.00021791764916947198
8315349113440458e-20
0.00020878490404041233
0.0019193873397741583
0.00035373420786150153
0.00042350800942118444
8552341141781353e-20
0.0004431221399535228
0.0004496691512311668
0.0002970233474787837
0.0005190704671404937
8042209544440757e-20
8679062342881544e-20
0.0004330846376002259
0.00021277930443683806
9872657447485727e-20
7113462069816497e-20
0.00035155513716083014
0.0001338507108049616
0.0002972494358570575
0.0001423223977643014
0.00040202473017804017
9661860950693834e-20
0.0005034178818081187
7577366630105804e-21
0.00028797455641135225
0.0006488162168901751
0.0001302929016964362
27458559659042312e-21
48253420551064324e-21
0.00020072709744056383
9511574566966797e-20
0.0012908014937479486
0.0010736191375493949
0.001649366160583108
0.0002544933556836621
0.00022915000924655108
4795201692352049e-20
14767042520801044e-21
0.00021521104447752524
0.00019207963098643072
0.00022616799974434405
0.0005204241431720309
0.000305249022552787
0.0005441079953968983
0.00012933171452338883
0.00025992670923154936
0.0018950862724651067
0.0002208558208577474
0.0006452103589973736
0.0009787525213889973
0.00050305467419527
0.0008028408406927838
484081739150731e-19
0.00047747847422526527
0.00034274246909410887
0.0020652727543589025
0.0018231102320982841
0.0012349441088167726
0.0005076810288446372
0.0012497058843607075
0.0007807896382244857
0.004224580947429229
0.0017883300527493093
0.0023920507868128516
0.000952330605957493
0.00021319629619205376
0.002213666854936851
0.000147217543285287
0.00015114124763875375
43419654409872326e-21
0.0005393851059273255
0.00017160753474436622
0.000584571855175715
0.0005797113751198784
45691845633280204e-21
0.00030097864993574235
0.00015467491756909768
29696576582234118e-21
0.00018960688801824158
0.000860734360512123
0.0004690089858581882
0.0003620107291488192
0.0001556806752693926
0.0005173984427575033
0.0015126014133364741
0.00040746303328972026
0.0009559639972981968
0.0008456694076434569
3276116361758486e-20
0.00040835894749733834
0.0001505093674895318
0.0005403739700481974
0.0002596716066650305
0.00014723191708637402
0.0002490507718368345
0.00023883687644665129
0.00025916149767987604
0.0005239529047586124
0.00020813786572346807
0.0006830605292090981
0.0010297784487239329
0.0018297697370654885
0.00045166723805162604
8873605378355583e-20
0.0020184809986596992
0.0028927166293184854
0.00011514961439358931
0.000279765087984391
0.0025227111132579212
0.0006717934959652363
0.002257531668054678
0.0003058140495452442
990860898022449e-19
0.0005122305759906928
0.00020561141828652133
0.000552600745030568
1400925158346588e-20
0.003510775421674512
3465077553187114e-20
0.00023124845796031608
0.00015088256913937725
0.0007268412036683458
0.0003363543512771763
0.0011614246741400568
0.0010661680065790675
0.0004962993356659434
0.0004483357436738649
0.0038989450072950595
0.00031395132214071263
0.00040317485698749514
0.0008860025280782527
0.0005312356884258227
3935076772109588e-20
8077937173509115e-20
0.00032613864494965744
0.00043841446089568054
0.0013919499153351319
3961926293139067e-20
8961996644759851e-20
0.00014785072292637977
0.0001324709118668455
0.00041476998445324646
3523485476371656e-20
0.0011966292663671417
0.001648296456394063
0.0006309627551819905
0.0006318303611353178
0.0003034305375873359
0.0005831460211539961
0.00041257943524393296
7587630039985175e-20
9833231163975923e-20
0.0004716841559697968
0.0003490172508284652
0.0014141508007238712
0.0001605804370043139
0.0004104151361129882
8944719675849402e-20
1856925253339166e-20
0.00010620582492412566
0.0003971832942897635
0.00041957638315384574
0.0006712300474608874
4152388955930329e-20
0.0004282702171622787
0.0003672900523129163
0.00016310165768838002
0.0011196255184114262
0.00032714638042182485
0.0001106831057190939
0.0006207980871435412
0.0013063817498492785
0.0001741466227041525
8598028823677241e-20
0.0003289586048962886
8536850767975591e-20
10966203427043375e-21
0.00021918133894601274
0.001068051061962932
10462304886436856e-21
0.0005027656464664844
8914939238931848e-20
0.0001355606390239558
0.0005827770888658594
0.0010001920900217297
0.0009209198214155429
7094699498220772e-20
0.0002455353153452214
0.0014055833849426157
0.00015613262155208626
0.0004366042654026646
0.0037280911283371953
0.002678847491994434
0.0007041890226483844
0.0002541874274632354
0.00011007699196559993
0.0005754214913952415
0.00036288404787438025
0.001417195330558656
9207795914550286e-21
6219237285569363e-20
0.0008756323326185165
3218014030233911e-20
6742729570716549e-20
0.0005898885364968374
0.004232557058430739
0.002328297026842583
0.0028483717656364073
0.0024345858032286585
0.0012024578249989295
0.0011928977806696397
5029135263409327e-20
0.0004557783123835099
0.00016501702383777306
0.0003512737365021254
3397291660428268e-20
0.000807645295228075
0.0014007994597693282
0.004745650971931425
0.0075930553552079815
0.003649378061671858
0.00035482719812504767
0.0010541665664918353
0.0027847710820166757
992871780911149e-19
0.00038764599149793697
0.00044984594475011737
0.0005108838861224874
0.00220859516526393
0.0019952910969812418
9222510573530743e-21
0.0012484370196167386
0.00036273755473363893
8158567827433554e-20
0.00024481221219182706
0.002671817132476685
0.004015244049171405
0.0006862492088592479
0.0013626030456627427
0.0025122412751984883
0.0026018328359872452
0.0026909735926702516
0.0022635770494184855
0.00010341039347490247
0.001546818334889925
0.0010871489966135797
0.00042470146838390456
0.0014085745973546643
4861988305571892e-20
0.0010592534940013973
0.0018307738379018262
0.002386764082870598
0.000521211940784035
0.004935798497830818
0.0008897360321888366
0.00014496712504885733
0.0009966180043750922
0.0026183064244965264
0.0014452691552633158
0.00017440757613029276
0.002152331974150046
0.0008026268401993185
0.0001214758250865757
0.0030892562044131677
0.002642608317123224
0.00025898512915090925
0.002224385801444868
0.0006166123758043708
0.0032925569123535606
0.0056567266333530245
0.000358810129900953
0.0013686447848897292
0.0037347986361539595
0.0008114378479170981
0.00015328826813897287
0.0003752793717990795
0.00010108010442683971
0.0011015819972287843
0.00047379590917990183
0.00020605166846856933
0.00034743757738898436
0.00046773962408596433
0.0007499225454262663
0.0003462782784761358
0.0005203866593288954
0.0035855973015374333
0.00018693938294152675
0.004850328878093523
0.002495318443161646
0.0006843797318575865
0.0005882350229590039
0.000634422863467017
0.0009235198784215543
0.00040121968207745937
0.0004601671199259955
2836178967045554e-20
0.00015422836776145027
0.0026612281504547653
0.0003369112736567447
0.00045730120149065724
0.00029253084480144125
2380092062650925e-20
0.0004162166829618621
0.0020882437453782626
0.0036955490854546336
0.002886648708086925
8922832688249489e-20
0.0007791837896547948
0.00031605184643597207
0.0002013990775352521
8672823171742398e-20
0.00026830945895131044
0.00016947584757049554
0.0017562731080184753
0.00030843882501166507
0.0008211992964820638
0.000293832114646231
0.00012748251719827826
4345078908790297e-20
8989752077374567e-20
0.00023846545690234578
0.00015472316753233545
0.00023596540135430256
32811836652158273e-22
0.0005687011278273414
0.0004604171693553735
8317089519704523e-20
0.00048730333973756465
0.0012422652671551311
0.0005068344330727987
0.0012754288876736532
0.0005137466633615769
0.0008076231205374333
0.0014450135583790721
0.0001732144586005179
0.0016215232488189452
0.00048475987031765814
0.00026952932841781704
0.00011770607373180086
0.0004754117068848381
0.00011198955681539861
0.00029455722479671486
0.0005896325004513341
19110919913567716e-21
0.0003511796400333743
28368192409896667e-21
150967244657415e-19
0.010026898598018214
0.00043446872567448364
0.002991103542498411
0.0020994277473806514
0.00011342896120693876
0.0009126522660592093
0.0001160845352516655
0.001635382949743005
0.0007345025391469948
0.001211248804235822
0.0004924322400177723
0.0010590007684574013
0.0005120208159323744
0.00023945801016811742
0.0001898685505283796
0.00023290791644376373
0.0011467302054781123
0.0006651012285396182
6609825463437945e-20
0.0005231009270701134
0.004861907726980458
0.004842670844987541
0.00018011871097867746
0.0005108222954241062
0.00381056477505046
0.0003112217949011481
0.000927685325976927
0.0018092338696137397
0.005837832380349731
0.004760576887925728
50885926418416886e-21
0.0011894195971356774
0.002831557134583105
10487992863742048e-21
0.0020765997311051223
0.0005249282502975362
0.0004946583654199401
0.008028522853492124
0.0023992065386347025
0.008553270995630587
0.0003261426941762304
0.001349648930130378
0.0008829079861491721
0.00021416409484523922
4848856706234507e-20
0.0004430977563963563
0.0001835002942051079
0.00010667361197188074
6645922546907557e-20
0.00044500301405195976
39556698923148976e-21
0.001713491579215184
0.0005708862424937147
0.000533989786061761
0.0002305371623552964
0.00047270464350315165
0.003536232748130257
0.00021129862242319446
0.0007052789529496107
0.00016249259175861845
58351044429830065e-21
0.0005628318620578728
0.000525954871370733
3450595566987716e-20
9667595882077932e-20
0.0016163924978952156
0.00027330667471861937
0.0003468876246951559
0.0006304355590383078
0.00020347850853789663
0.0001738203660720229
7638161480325355e-21
0.000890300547045805
0.0005470710603722378
0.0011270241575998645
0.0001267178245547514
0.00022682541589195
0.00010261844458016032
6141396860393755e-20
0.0006809517458007833
0.0016437278111470157
8069606392311664e-20
0.0001484794380656938
695469325298151e-20
0.00014181084830983744
0.0004775678680231888
0.00080001211230957
0.0003565415750409658
3772203926743868e-20
0.0003330217878448306
0.0001760774462249941
0.0005292627903175593
0.0007383356298563195
43868245616534694e-21
0.0017940002819111912
0.0019882157850173465
0.0006701506666299947
0.0007047629451347677
0.0006032753726167727
0.00010032338075802019
9134795816091475e-21
0.00015074361321933285
26799485810996044e-21
0.0005368973593079632
0.0002578046149108033
0.00039273630778377403
0.001450808188627554
0.000287377433671207
12285030566565162e-21
0.0009115832059711503
0.0006698554039748854
431100530682335e-19
5315466803338339e-20
0.0018233529278872615
0.00010540032369564512
0.0017416448469047654
0.0002452859966239335
0.0011844791379838227
0.00016658676513679367
0.0010461871983060665
0.0006283338236086904
0.002208654750950131
0.0001420356513397306
0.0005317108975175643
0.001371197351096435
1081511712067912e-20
0.0006370745321110372
0.00017106279362685183
0.000603063619982989
6859441014209057e-20
0.0003509213321048241
0.00033278904673221543
0.0021044534117347644
8599357784518614e-20
0.000723522088626805
0.0010616882176679434
0.0005611461221287933
0.0005358667546633962
0.0006350397412894792
0.001322360679027384
0.0017306299130913337
0.0008973522639923713
0.001318004567962784
0.0001765339989348625
0.0011762617649244253
8511732098152568e-20
0.00023291178231354712
55995384613938566e-21
0.00044322917614311963
0.00013903547685047715
0.0001246166912921449
0.0007184741589272377
0.002357725470788859
7659415846983001e-20
0.0005187518556252419
0.0023153164124925644
0.00016210880968827398
0.00010632586299993002
0.00016050487000342513
0.00037703081022836545
0.0001260859211932652
0.00017686793257671993
0.000507772426284295
0.0001747137360478973
19879227451339642e-23
0.00027677658453841914
0.0004288191486392764
8183870360429744e-20
0.0001249452532895546
12252629142230004e-22
0.0002553596026105248
31560469600217933e-22
733586510202493e-19
6733801981357165e-20
8793959669807165e-21
0.00010637749562226716
1734589674432436e-20
6966548822001076e-20
7946680925005988e-20
0.000517546827259757
0.0010215698127431752
563621179988969e-19
0.0014148078925055538
12858888797735127e-21
0.001185939926140435
31838943832312763e-21
0.00024337872379319033
8719889344024629e-20
0.00011629346508108754
0.00011593883859514679
9724268035167525e-20
6868076332980738e-20
0.00010704184989753085
0.0010525154190769608
40440949475068656e-21
0.0002623692730042268
0.0001624911727475428
9047053325914463e-20
0.005432204173700493
0.0022930303445008195
0.00030673712754135146
0.0010450051780710279
0.001222594669613282
0.001556367821975689
5743216988946457e-20
811045981652261e-19
0.00039358401681418366
0.0017793914932561507
6363964033363547e-20
1352768217117486e-20
0.0001908175574379995
0.00021100477847842218
0.0003346999099782213
0.0005047463642951555
0.0005762712245121994
0.0017523575554877606
16178312909583837e-21
0.0006518117898810269
0.002730946740325919
0.0013819479443922275
0.00023915993404081712
0.0004292577246179036
0.00022039998577001992
0.00016392468925255363
5767776685562073e-20
0.0005706540455251903
0.00010429762460386881
0.0001987019212916494
23763663851975032e-21
0.0009642392515228149
7918757105427777e-20
6325676990855961e-20
0.00020379383935208455
4257687383408665e-20
0.0010949609673773526
0.0010915346034640792
0.00016054137853373788
1899485258645832e-20
0.00015718715769265178
0.0008606688526534738
0.00010322391384238728
0.0005546624179076041
0.00026560593222572384
0.00017260868629451448
0.00012844683177425407
6709685319433247e-20
0.0009031574049361018
51271026974164145e-21
0.0014105167071892031
0.00034489310653910683
0.002270111416951052
8532193399638795e-20
0.0005716081043236352
0.0001630013375855819
0.0008335648291292993
0.0007143700120996356
0.00047671629509313447
0.001803057400681766
0.002586195417671248
0.0023969092797945083
0.0009754514648847828
0.0008247186694018653
0.0009450692864183638
0.0048682830061368264
0.0006290517409684638
0.002060377200804674
0.0001559907864338827
0.0014517464683968487
0.00030811960710260114
0.004315170010185448
0.002889797764993448
0.0018875138984014797
0.0017797115366081288
0.0025580043485218663
7235852130696564e-20
0.00010562106948016459
0.00032292996060508925
0.0005679884941139312
0.00017261231561718895
0.0003053737298594325
0.0005414977483280275
0.0004434935248761002
3488900644622964e-20
0.00011309556534156074
0.00018513221944505492
0.00010515026981098479
0.000341003513379856
0.00010845494961741183
9060298573349594e-20
0.0001504406532663359
0.00010172858203611994
0.0009187917880636919
0.00012365575460116483
0.0008738954710333154
0.00017485393316914503
0.00012330646932578296
0.0009310026893754046
0.001833759890648143
5242775755554643e-20
0.00016358816192036624
9608612873496103e-20
0.0004220715480502879
0.0018172012830111898
0.0005477926677927227
6841628367048953e-20
0.0007264227944531479
0.000601621225292172
0.00011487129431336063
0.0003252333408227717
0.0009466435918350506
0.0011798414580265453
5672518031715796e-20
0.00024477692601636113
0.00038624029120369336
0.003241026438480717
0.000945549330248994
0.0006542112994944372
0.00012050974830705575
0.0006135606041739119
0.0007913564159134683
0.0002768858983403343
0.00031270503635243943
0.0003465209748231274
3028727222464072e-20
56457751073216885e-22
0.00019748381151468
0.0010749473532752384
0.0015767063524335216
0.0006616735655119028
10089179669629056e-21
0.001674650209278482
0.0010456829677372701
8712288247637206e-20
959891731449389e-19
0.00028449164325706073
0.0009409104601357421
0.0002788459982113063
0.0012972125888359948
0.000628534877095754
0.0008151723002127232
0.00027219929832458063
7128522328734271e-20
1867287140342851e-20
0.00017305351280757738
21018985842863833e-21
7546512271092196e-20
0.000689080438269578
0.0006952083738373259
0.0005904120279677653
0.00014364591788710348
0.00026373337896695985
0.00035877151995310463
0.0002596560515663647
0.0005867817468571042
0.001144395063538702
56907828569897585e-21
7676595106986487e-21
0.0001695092474455811
1899842923184794e-20
0.00027961711297887464
0.00019358637530243297
34389333238459775e-21
0.000533575541263673
10798207735439321e-21
0.00016126672733895965
0.0002468546537703357
5919140676272532e-20
2429485362485538e-20
0.0001806188085716648
0.00011584478079612402
3545324360751772e-20
0.00031447417693082483
29900444161306457e-21
15926625467050304e-21
5610712891132812e-20
9486976693263527e-20
0.00014586781304385164
8819977947203903e-20
0.00013889172447559595
4972331935906916e-20
0.00019121104954107659
0.00013632376609742626
58946328125014174e-21
3871059651413986e-20
30086143554071844e-22
0.00021449503003260987
8629583003357671e-20
0.0008309161098064507
0.00016323926174416006
0.000531049173595294
8780350731711343e-20
9246710964643628e-20
0.00011201800808610008
19278218642009558e-21
0.00018558624322995563
0.00017650576687981869
28787222086434537e-21
0.0008811008920548692
0.00013884864763358991
32917383727350146e-22
489383635436073e-20
16379436244291024e-21
14336586737447674e-21
