0.01206850053937705
0.057578209277246925
0.07146709816610916
0.01173139158576025
0.0020226537216886703
0.003910463861919495
0.0006742179072396237
0.07443365695792663
0.007933297375042458
0.08724379719525967
0.0040453074433629155
0.018338727076604867
0.004584681769127511
0.04497033441207663
0.03634034519958872
0.052656418554468676
0.0217772384034442
0.05373516720605157
0.008495145631047757
0.04881337648327311
0.03337378640776998
0.0019777058612012502
0.0766585760517823
0.05575782092773627
0.07827669902912311
0.006135382955770372
0.0020900755124206496
0.00020226537216068793
0.02346278317151782
0.009866055375745012
0.08333333333333542
6742179074864579e-20
0.005978065444072647
