0.00014099904017771258
0.005437760809735193
-3446447481784936e-20
0.0003545065968523775
0.0005534008930370664
0.0009349687576827389
0.0012724736773432296
0.002760406242428814
0.0003211667130416597
0.001866118673594907
0.0008795929092861034
0.004713921161424875
0.001545286676920883
0.002955288924795478
0.003384440342616988
0.00018882456262838985
0.0017108989654381374
0.0007073766553940795
0.001925703588454302
0.0028567992839733432
0.00292428744214205
0.0008098550315511141
0.0041211440419304055
1631588082056152e-20
0.0029705561113256944
0.002492641822914166
0.006266580594726438
0.000513688698771203
0.0007521433826144291
0.0005153678870312014
0.001402647795737465
0.00021590577682567192
0.0001794187521262054
0.0005359170930132216
8987561806596834e-20
0.0004288588740581731
0.0006445116444062509
0.001217815329311755
0.002381943668834833
0.005070071129276064
0.0006028572542579908
0.004610987507574012
0.0062779664739041445
0.003409418517475881
0.00025772669055472886
0.0004012557821175594
0.0023062231751462595
0.0017270542781242925
0.0033217026176094065
0.002358926061561661
0.006610306931265328
0.0007378527402443144
0.004205838174096256
0.009880678363815154
0.0036540455833618795
0.0026046745977424818
0.005976783129108937
0.0004927984855585546
0.003898078611500118
0.0016351069033217782
0.010503492334619804
0.00024004043178226306
0.0004956524316424621
0.001015808691464038
0.0005919212957710979
0.0002744744670873007
0.0005986182832899568
0.0009610218447137772
0.00441159849777149
0.0004092955410005782
0.0006307687559344951
0.0002588150426948182
0.0018399582569449187
0.0006901821403569313
0.0020200864845117362
0.0009356590493011077
0.00019603593548344847
0.0011734094245309165
0.0010280961452119055
0.0026520881310022966
11778417277886738e-21
0.0002359009819415399
0.0005666993898110443
0.005483297094116563
0.02890531820716572
0.0004772095812024636
9653391122454332e-20
0.0012400700224217663
0.0014214679887914329
0.0003204018804643133
0.0021658375319314085
0.00027481881647232033
0.0015305657324988474
0.00043426847060242695
0.0021638512015985665
0.0034721660452768743
0.0009420162156335029
0.00014675811703073832
0.001040007485926755
0.001153754856405748
0.006959012227078273
0.0007669165462727359
876076700548726e-19
0.001057304916766577
0.014469454426730734
0.00720838081649737
0.0004488856611789592
0.009454394193148965
0.008978650536602286
0.011098914835031807
0.0007457619799133901
0.00485787493403486
0.004476645717756987
0.0009694669691968998
0.005642483060097573
0.00011088802080977422
12119735481846892e-21
0.00255475877830857
0.006337809110096113
0.011941582756768711
0.003609714082224577
0.006120294632587913
0.007562075897124263
0.002697473533604551
0.0014887226103855187
0.01036025759846985
0.019333345926214503
0.005083514738778862
0.01741050496874059
0.014983420666298621
0.003386764580072761
0.0041751147698833105
0.0021866978844786813
0.001770431593421359
0.00029585496328398916
0.0030075468176620065
0.0035452447945001466
8133449396783916e-20
0.0018831516568058346
0.001621890462453869
0.005527603766314225
0.0010666106153080581
0.007019959300935244
0.001723576089848153
0.0024533828637624882
0.002578615202329596
0.0009761757957692806
0.008270439087997463
0.0007351286162223897
0.006129437793556771
0.007097602175570987
0.002483349494410717
0.00394785710624705
0.00014520228381431608
0.0033233545686560118
0.0023569636446940335
0.0001697305525665316
0.00016240298609406303
0.0012868676613053205
-5426163193054822e-20
0.001321826798495845
0.0002738627030777821
0.00923019450863173
0.00042995629697310345
0.01166020217065908
0.0005663447402706927
0.005943553907254187
0.0007088074281242957
0.0025373342560737525
39663030996637036e-21
0.00425793043815796
40023739652296625e-21
0.0031024587029801634
0.00019649708926987875
27989410561497006e-21
0.004008050582586583
0.003282757582864042
0.0017216786278901129
0.021497403403046036
0.002029072022704658
0.009476666386836889
0.00538276165837535
0.0017241490441135098
0.0028433322545381363
0.004382335237956366
0.002948014116584085
0.0001771608840174753
0.006966498343491852
0.003508968065371844
0.0008249355504450353
13867260064564445e-21
0.0007175251648008305
0.00012027706212726885
0.0002852153922488069
0.00021850375305621265
60376923839905345e-21
0.0018932738536324863
0.0002279784582184553
0.009050369354371576
0.0018970772481350692
0.0009941642723266494
0.01152531497249214
0.001454737296222446
0.0017467530611071029
0.0007188474490793437
0.0006124769229392347
0.0001844736791951467
0.00023122583566716524
0.0015171806722009229
0.0022727651788707693
0.00034087211298523536
0.001640342948827368
0.00028340129231995385
0.012398944714877376
0.0026101397369733656
0.01841725955216378
0.00280917890326841
0.0030618333105622638
0.0004447036239190898
0.005773143110523704
0.002237729624653216
0.00837927565977816
0.007770785062217481
0.01501271258509976
0.016810726903229795
0.009837720982722505
0.0049607390812534315
0.0026029605141308578
0.003202012401002807
0.0012973031588342065
0.0005000930957030752
0.005131480821022438
0.0024934526025011342
0.0012298434173315036
0.0025003688153885204
0.003198086738088975
0.0007817858270316117
0.0020279167097205708
0.00013744413489388593
0.013523809540875184
0.005192928931712727
0.0016295023998128854
0.0035005497584133984
0.004121320443596228
0.010041064195622933
0.012819161520589529
0.030497649768256967
0.02368834030966437
0.001804652861657598
0.0035873296143551147
0.007131103545993066
0.013249830293092405
0.0012047488448527223
0.004736557164550738
0.010836065370637093
0.00011953638517862107
0.0024817327757398287
0.004136252241975858
0.0007130557080188733
0.00023337108280191613
0.003588073765028519
0.000882923291515898
0.0020079789939682386
0.002199455636682684
0.0025259678263809715
0.0021663645686742766
0.0006112746259276401
9444493833119866e-20
0.0032067414971022365
0.001089251702807863
0.003991949434733248
0.0046519680522983985
0.004865705133085437
0.0031873042540583427
0.004847840054641468
1540869680916044e-20
0.0003749598143722751
0.0003788273558472493
0.0006601774313202063
0.0009848084852564101
6490646122722025e-20
0.01050717698105036
6120596106176345e-20
0.00023494479493629407
-15924739127096156e-21
0.0006664062512986344
0.0007997424124145242
0.0021998841699868545
0.0007915098329672437
0.00016301709783969067
0.0014993467831622967
0.0004991843824390515
0.00022630808586110947
0.0007906727665748319
0.00864606036118926
0.0007596037312673596
0.0015921727522024136
-52707886844040514e-21
0.003933885931494414
0.0006954961758527901
0.00027338266797163
0.0005925612201528258
0.0005587741321584986
