-10979129373612581e-23
2827565568526479e-20
20196863758149025e-21
4645539997022308e-20
0.00015996758072377778
31645914086748433e-22
5038662267221768e-20
22880829204518595e-22
8686118463492671e-22
5894885546460061e-20
11698186989973499e-21
1009620720191797e-20
0.00010816307707662331
10743844782333344e-21
53287047210559396e-21
18011297320990545e-21
2538930178581429e-20
0.00023524174921280935
1786883092498019e-20
49320898248501034e-21
39032550964979784e-21
1634982036283526e-20
37893327535891262e-22
29831255968451926e-21
0.0001594987642592309
0.0023148023593090633
0.0013618056256271068
3871273981754285e-21
6395079309642166e-20
0.0002571366433587627
0.00029188873879463346
0.0006468257546175512
25954856277678545e-22
0.00018439944741557501
3379002043748504e-20
0.0022312229219375495
0.0077931611261478125
4075243955792156e-20
0.0027667310127893613
12855420473060431e-22
57258488106112115e-22
0.0002999046178511496
6481016663378587e-20
0.0013344691472889306
0.022550766832986964
0.0002786248263868726
0.003744650868658132
29142916467945587e-21
0.0031262051173959696
0.00037420182166303433
0.011050751439956392
0.005555803556486291
0.0005393211228474686
0.00012238019309610262
0.001617284342931918
919676250125952e-19
0.003921301040734947
0.0015946687407067017
0.0007440308851409659
0.0023287646641261452
0.011169056871353578
0.002056710264130591
0.001297883918676677
0.019031604478966492
0.002490068716962775
0.00015947297716924864
0.006540457376825752
0.00034554931458894507
0.0049354282319515165
0.0001418267115574948
13899000115111998e-21
0.00014491057012937307
0.0009790291705601803
8100470789081206e-20
0.0002628025091560654
0.0006368932758370091
6041091683650762e-20
0.00013919311446566462
7861599868489619e-20
27907850605639385e-22
0.002779894006108797
0.0032696262917236473
0.0005255799639220362
0.0022578232930721615
0.00010769287081122448
0.0025197481240464958
0.0002295867825603878
0.0002307297762161428
0.0008170826211283515
0.0004265098393697865
0.003322636079439826
0.004941949578994432
0.005158761838027806
20937840071351617e-21
0.0023719126277661723
0.001351180208043051
0.002354856094503536
8789292888657225e-20
0.014018792467920265
0.0038263202208000994
46268489109688885e-21
5496076711375707e-20
0.0025330737160363537
0.0003071517501619523
0.000445800879989058
0.000590033175160369
0.0041443136442723145
0.0018084142811434774
0.000627354097684268
0.0015004836651003278
4500983133321082e-20
0.0032905239869453927
9180578917813595e-21
0.0011439691361443145
0.00017172184074222256
0.00017277227967344181
0.0002444259675214013
796932723184969e-20
0.01019592240964805
0.0008394619593092788
0.0027534810852344435
0.00019784159175909702
0.0076804741557735
0.0025108211599072718
0.0005152626777851847
52102531610448706e-21
8787100827167471e-20
19635429758411106e-22
0.0003137710023143229
13099394258247234e-21
0.00023854562302266222
0.00027057152623346636
0.0006076874607218467
0.0009369405784033942
0.004494043343957202
9443857679081157e-22
6706980697331916e-20
6304435906884731e-21
14013493334446693e-21
0.0001319985953712994
2471195748257098e-20
0.0001493760971985459
14013542855503513e-21
0.007198317106528964
0.000645555990296539
4040746865241316e-20
28803340446676406e-21
0.0001099241439533871
0.0005570454379556066
0.0032937490144889663
0.00024252858869359124
0.0005897594633621817
0.00028843654629362393
17156657711565427e-21
0.0019902356132557317
0.0018985921024248478
0.0032559316699919414
52606365110388663e-21
0.0012826677956646177
0.000181723412888047
0.0015071232194905915
0.006307553767072966
0.0036764970387718914
1278922416970725e-21
0.016118284196803292
0.004180421569932814
0.00011668047803689247
0.003956564550223985
0.0004893108708451874
8419435003788019e-20
0.0015333142901358164
0.0001226095887266176
0.02478715245616206
0.003283525741774054
0.031551894258373805
4001865167310728e-20
0.0025815227379426655
0.004356780423924408
0.003983627940517177
832503695848056e-20
0.0004006117294911019
0.0022468940139821927
0.0008207626290270153
6261191942734814e-20
0.0025658416694529463
0.006853768607141249
0.0004303259366889475
0.00021663872936081272
0.0004974266213305488
0.0006280092178092096
0.0013497372057842036
0.00015964130632844235
0.009826458555976497
0.010266055474580687
0.015346535000089735
0.02009083010812151
4042387957527086e-21
8664936149941792e-21
0.006814766131670748
0.00946536825771534
0.00032684425789045966
0.0015798321693850001
0.0019430340233910998
0.006430551684949761
9694324058247192e-20
55946915775917225e-21
0.0002326138318691393
0.00012729059187814782
0.00023127945749259145
0.0018128436718454445
0.00010145345035984532
0.0001396013707909424
0.005283472715753118
0.00583570662167881
0.0003222689145331995
0.0005490558193631294
0.00124485433203324
0.007781559607500525
0.0038976092749543243
6110602037836511e-20
0.00021274943855604343
0.00012167205330728847
0.002246097525529302
0.002466105219960612
0.003581972372715503
0.009695957972898999
0.0003024780065254403
0.006893711587467085
0.0040644884993468215
920630627355985e-20
0.0004526041880436062
0.00017243644240664985
0.00044328365895351626
9214138135981653e-20
0.000379113821718282
0.00040146206415016516
22717031933676477e-21
0.0014961400760794314
22751074819868908e-21
0.01026148236938001
0.00020344428000868497
0.0009680395440639032
4450148621026946e-21
0.00012598382630851088
8734550827217549e-20
8925548053795957e-20
0.0006740798976060496
832716988955097e-19
14791921453434127e-21
4745396582577247e-20
0.00038413052934640086
0.0004698997474006508
0.0017865342466687748
43671792859739006e-21
0.00018490908124303845
0.005071677105006024
0.0004023341952402016
0.0060061138229189626
0.0003608216413787199
0.0002574795888737678
0.00029620388565344005
0.0014983537645883458
26987267540350525e-21
0.0004167090217308809
0.0008074219767065755
0.0005229156774069859
0.008173595679645039
0.0006386221223281989
0.003013825679200246
0.0008746199913519171
0.0006620234780220888
0.00500872333491382
0.008858595308357017
0.000205601263585227
0.0008233043492499714
0.0036096414442708343
0.0037521382767425264
47391543023985215e-21
0.00030302780080137696
0.0009708180798903368
0.0003885533985441751
3540430321009405e-20
0.001420793695915061
0.00035216728907394324
0.004044088793406621
0.0011062435469184593
0.003781131400240211
6594752116540828e-20
0.00038112645007136816
0.00017883697459165253
0.000728090937078051
0.0005068878117362725
0.00046461817054045196
14454112542409847e-21
0.00026034849242696843
0.0012523060558151744
0.0019014238611363163
0.0002279930006232948
0.015110380818021385
0.003652352887423483
0.0038019406657919686
0.0001486414969406459
0.0007503495469884847
0.0017008347745025335
53390591538545986e-21
905020430900371e-19
0.0006196593322189284
0.009531512805268686
0.0006796668504014529
0.00018331362467502002
0.014618162114517566
0.0004261862674258438
0.0006909244121981805
0.0007344931998866259
2071471792279848e-21
0.0008870122743988554
0.004225508708059031
0.006337003091561896
14257784033223846e-22
0.0020887322862985593
6711120231298935e-20
0.002002860792338863
0.0016707356858738495
7272708507162392e-21
5684123131365745e-23
6222467969978202e-20
0.0012732147580309119
0.0009373485156385259
20182330440945342e-21
0.001149274038404738
8660848861390294e-20
8081102388825205e-20
0.0013021323907193266
831607454021257e-19
0.011691871061636246
0.000580677865206819
0.03511076482773854
0.0019467866129788732
0.0011091991067000981
0.0022443335453667264
5080268202659647e-22
-39969274478703686e-23
0.00039463433654978575
31695643590073034e-21
0.004921983336956768
0.0007781252419451568
0.029298445350204566
0.012015000817941567
0.0012337927835218612
0.0002586830222136147
0.0006312836211837784
0.008714479533207984
0.003531287105314093
0.00590106596063022
0.005343489416212184
0.001665857206102744
55077100974064554e-21
0.0009713094910173113
0.00031334157945864824
0.0002936360054537614
11092890546433901e-21
4817898166343107e-20
0.0007517176216842009
27876064638126373e-21
0.00014508198967321429
0.005143777488898316
0.00018771232627205547
0.004688597876607541
0.01680106368397071
0.002728003902838929
0.00010809045122999712
0.00023518999841606186
0.005656875234170089
0.0001089035807056586
40247845644652355e-21
0.008599024781626403
7734251946802741e-20
0.0016842841054997004
6142741393511565e-21
0.0002467624702175151
0.0024526430002074135
0.00265019443463166
0.0011425556447362138
0.0005530156033190855
0.00010536338336718248
952118417834276e-20
4619421269998897e-22
0.0016517105793884734
0.0013169833365928244
0.004923801023975317
0.0003226577572253686
0.0002242380598918557
0.00035475326360040206
7864420582337932e-20
0.0008250848003051493
4750631234722433e-21
23423903872218534e-22
6710603937372426e-20
9192683163231002e-21
-68050527297002464e-25
0.0018803219946421283
4990952608669314e-20
0.00010814064395425516
0.012888605958834055
0.004030946912136283
454320777410977e-19
0.0030663058577872935
0.001996767398650381
0.004233398002658932
9684152721054085e-20
0.00033024525346564995
0.02223229868707792
4846967728447865e-20
0.0032960272584606778
0.0033963640272549928
30228535822251895e-22
0.0035755957273341022
0.007776826415052791
0.00012974297870477265
0.00789768566127957
0.0008117483376056285
0.0015542150984419211
14649754015038168e-21
4452806078999069e-21
0.002857448874531902
0.014880121775287695
8051950200647248e-21
0.0008515352078435254
0.00012434845142532137
0.00020545580690855094
16033343570611303e-21
0.004236137823110594
0.0003703659370930591
0.0007147374392417644
0.00020835635925864145
0.0025158757246916213
0.0001925077261347124
0.0027937615699780813
8695018321844211e-20
4515492404934082e-21
0.0004145112258737612
9272639148687207e-20
6483635868488433e-21
48020532806361955e-22
0.0001698220112173689
0.00010650390335665639
5190521131799839e-20
15334012987770128e-22
0.0009087464337202274
0.004118745011121217
10162506449131693e-21
5003748114943497e-21
0.00023156006043506758
0.00126218170714916
5041367804528534e-21
0.008709891980442497
0.0009228241862398229
0.00021628588666538413
16291093295287172e-22
0.0003153277283689767
383144906506983e-20
0.00032722104807118564
0.000764741295909015
3305822660921958e-20
5497623368013724e-21
