6514010273060613e-21
0.0009047145019563032
0.003292004042949441
0.0035898646895358016
0.01816207207928584
0.000917975935423352
0.001647121733677777
0.002764692848755806
0.0026079603367500145
0.016726948284572437
0.0016649973281384124
0.0056891963476741626
0.004749516734897634
0.005739839447821064
0.012044133428516682
0.012561778879645581
0.006634347176067364
0.00704388423434049
0.005488998722716506
0.0035881399517086183
0.004145723775433104
0.009173454442240329
0.005038191798398187
0.0047608629732350536
0.005111801031641595
0.013497938081894688
0.0008811409177367663
0.0012381991760238506
0.015395292406442787
0.01907909750904682
0.009160136224614217
0.01978378689959695
0.003617304148158486
0.022620055038302046
0.1492015395403379
0.013680955809781414
0.016538069881532984
0.014588006212321937
0.003211188156491649
0.009036715457973937
0.0318448348287784
0.025248071069571023
0.053509786846548786
0.006121063113445677
0.01402857920991078
0.018435564651593368
0.011862025476693187
0.026071372065992818
0.012902273153853191
0.01714112140959669
585543241970456e-19
0.0007881550138914724
0.0002169268445584887
0.0035228091852508893
0.008359850585247708
0.03129553294848481
0.006700501104867051
0.004431955386336669
0.01994502202654511
0.027426138468288296
0.01976333392230958
0.0037364551569484643
0.0031924232323233066
0.007577898964684948
0.010311060949577771
0.0014505601871198988
0.004500897656546671
0.01119423435692599
0.0012831324178919187
0.015938801917888896
0.02892834725547565
0.005679972135641834
0.015003313727731175
0.018183423130340243
0.003499652460381917
0.0013837955511666403
0.0014100052667239548
0.003980678108006723
0.006707127294393177
0.001470708539457889
0.0226709684856391
0.002858231956940002
6692354918981579e-20
0.003039566995140213
0.005007684788198186
0.0021576968957248066
0.005485094834218061
0.004225274244043242
0.011525727799147038
0.0022727103106604846
