11738169399678192e-23
71344000313940995e-22
26845598667164526e-21
0.0022626236733100163
0.0004654634133839065
0.0009376327098805676
0.00153270833848777
2469071287400587e-20
0.0011406685760028887
0.0009251844362993278
0.00045482912603752164
0.010224009032972967
0.009443429006195292
0.009512965048502115
0.0001407844863373656
0.0006558302437139202
0.009900513656048937
0.015768490096791193
0.06218400177631967
0.01424242343385906
0.00014897458715583276
0.0003445368985975533
0.007687776161864462
0.04373406337502856
0.008889166684642631
0.027711605528886185
18982808526019162e-21
29969571422819517e-21
0.0002252793111392413
0.02114314743420097
0.032818745248014404
0.16902355746944633
0.013176259044620641
0.012483670006748522
0.016710624694155195
19437883234937472e-21
35048072702759015e-21
0.07259694883438375
0.03315512953647014
0.002152454066676542
0.17737408140772895
0.0008885610495766636
0.005600530358198001
0.003883872149265884
0.00043404573833105925
0.0002797387697161721
0.010142681990422139
0.007392700995160381
0.002987782152270901
0.0025735783161677183
0.0001942094822900795
0.00046165485696866875
6519467150520567e-20
0.0013142307819996697
0.10587012445067054
0.0015899610959318965
0.010547281528564253
0.0008542029203279992
0.009559732649739194
0.017908991497653348
0.0013647761002831776
0.03249163203413171
0.0007270142421218789
3831374535967908e-20
3294660436895584e-21
43348047244592636e-21
0.00040862667258835083
0.0024972421535483223
0.0001117706238873976
0.00024765797111724416
0.00018744452146558812
