3849276909822641e-21
0.0036270559382142456
0.006320146805037333
0.006403041546039459
0.0008769195428788092
0.002667337604344692
0.006048879789300252
0.0015277570701272593
0.0001811887847417909
0.025695306794157612
0.0010756996914772347
0.022121662449285186
0.021474396826074573
0.0008623081644402097
0.0034106670146157934
0.00042065000943515595
0.008924705177048478
0.021931394340102578
0.01304506434460744
0.017289079945067308
0.05807010749113708
0.0014719507149911545
0.0014181801197272555
0.00029400738088369393
0.021536279614734092
0.0015783732677161118
0.15858752035236848
0.0007237091207561922
0.018495907439604848
0.03155152559866237
0.072877033626369
0.07356205445651197
0.01361842708189509
0.02596821629524559
0.0028277189720908383
0.00010084927220716399
0.03232096408826272
0.011872270663540034
0.012127980161379358
0.04014872202854226
0.04490036092255828
0.024871719272872315
0.024683830124148296
0.03986684642439717
0.010701174254133524
5077836209701403e-20
0.0005055849064268535
0.002732545910796314
0.03781826101131682
0.019582705189392792
0.021576190256834712
0.0205799411207781
0.007496225016531399
0.0010229743156169038
806843466365091e-19
0.00023089776644649336
0.00021659953106723488
23772407418713118e-21
