3822732513731426e-21
0.043494985921361674
0.0010539575656936812
0.017660863754185057
0.020026726854592
0.0139912171760124
0.011354503410369804
0.0008459322579066679
0.005238378933585461
0.026778299657750294
9506245764464198e-21
0.03165303175389116
0.019015510638059483
0.10227819616737599
0.028094604408228425
0.41280764016970994
0.009570059652737608
0.0004732789000160668
0.001457180490864078
0.011061656401133544
0.0014990941837203242
0.002241979063268742
0.20675376608656795
0.002896791512080515
0.0009588930565872101
0.004529153673634787
0.007218112181460303
0.016121297737513706
0.00014694796531378843
0.0007375265034494885
27084944651688287e-21
