-959298253402155e-21
6949644124583278e-22
9328428660395264e-22
1204028410002054e-21
2002354441996227e-20
7613358787704211e-21
0.0010366886268228092
8603362882080447e-21
0.00022356220617176115
19829627461571304e-21
37874681663704904e-21
16805430297784266e-22
1011387343547781e-20
0.00033977465099368907
0.04934243343123966
0.16948948421702403
0.007996354646466022
0.17906251735939313
0.22238759595448637
0.23132727056277314
0.0021998614474845646
0.07524510957571634
0.05825499414669983
-6571008919456149e-22
16285319108449667e-21
15959073620751277e-21
0.0024169304379387906
0.0002493160910698092
4224091309169985e-20
0.00024755030880625577
-8833971305392477e-22
