3383771126872165e-23
-6073121046752415e-23
0.0022431936021621705
12861371721841026e-21
0.001267130244927404
0.0033799629418592436
0.0028561712570801053
0.021640024082200792
0.059216794102370345
0.025024998154295857
0.0268245841178491
0.0012453325181446414
0.1374606101197323
13844048302611934e-22
0.4036438949005827
0.13729876800391336
0.0004077089070875499
0.018596966591461848
0.0059595521060654254
0.024544030657609857
-567934644524279e-21
0.09284767881029234
0.01770956048283899
0.010981382382660724
0.0014279981461271943
0.003962866359921934
0.0009084969957199899
-9698685265547388e-22
702040689240302e-21
-2564658544402127e-22
0.0005391678603791708
