-4755064150782824e-23
10784414282345883e-21
25764341614853356e-22
0.0003922205881544669
0.0010899176135329733
0.00027575272941010793
0.00025554523877237295
0.06050294103248565
0.32148863278528267
0.01042728674692513
0.0009757081018999547
9129715478773358e-20
0.0011166337005056358
0.26093394572931977
0.005394018481753923
0.00045413172359452797
0.2688339003985271
0.017473674194540437
0.0004447972282762762
0.007733084344379288
0.026322364322337664
0.0004048470692403046
0.008447160234677164
0.002191348587868768
0.0006894329133685827
0.002831159397592976
0.0007810787137082674
0.0004364712226437795
11942846823117282e-23
-6510620841560147e-22
-13191777165958296e-23
