9256280601347853e-23
-8626899634438044e-22
8100538511059011e-22
0.0001671334210377332
0.0001230161068174545
0.024343080496984987
0.0031410736475329963
0.00991502843186553
0.08438928853571062
0.009996254284481022
0.0366238954893596
0.004421796318687143
0.0023516552915865043
0.07524873780193579
0.00943154139320952
530189535524283e-19
0.39718092834824514
0.15061928405009242
0.0187504960834393
0.00793516773065308
0.1361470860352365
0.007109720536792727
0.01996110051368216
-7228494861115073e-22
0.0011437835704822459
-32932114562342997e-23
27303369702245772e-22
23063420727146856e-23
0.0008603155240562479
8539132433649753e-20
-7426170170428325e-22
