2281100333213201e-22
22403107331163028e-23
-8189056905418752e-22
-6111847714530111e-22
0.00016495202347708112
60554449146760105e-21
20205891823687277e-21
0.015862134478534372
0.00014567488359081793
0.002940648451046058
0.08030735203738407
0.1178330106309248
0.039763802143513306
0.04114526970451416
-3432361363421418e-22
0.3033861154812372
0.00084750197459788
0.19280604088253864
0.10436839178987252
0.04120533897206814
21842259640930216e-23
0.00852606238699406
0.020977211987933155
0.02163822486433448
0.0015724166955998022
0.0047705135218363256
0.00092006833799481
0.0001519932105221605
-16817427602220253e-25
0.0004786127177870208
0.00010900692736658692
