-5164416021491763e-22
6501870553245015e-22
20693357401995282e-22
39034867845679935e-21
3627875959408751e-20
-9995505075304276e-22
4827003267158123e-21
1884986931444433e-21
11318480623976127e-22
35665472099719145e-21
838536043723434e-19
0.00021849730544211437
0.0066361901642217535
0.07779783637171336
0.2179509144527754
0.010927427312415626
0.0016460088114966217
0.019398556524926665
0.25211105456796323
0.0005253391909578901
0.0008501170280902566
0.34768956196299133
0.022555852297643106
0.033842874511683274
0.0018973649167197259
0.0007572620769273053
0.00023662894512066517
5818171328991891e-21
0.00391064933917623
-6840558046483229e-22
0.0008388500313526597
