1119410285097943e-22
-570681796211689e-24
0.0002443831453029651
0.00010042851343723756
0.0011546829225190331
0.002262572928387001
0.0015974410268660452
0.002473893627353244
0.2265223860852334
0.016009062808100053
0.003928688071278282
0.02347517634781218
0.0883581734133137
0.41111102337718236
0.001513613514890937
0.07243262085722313
0.027738500071306224
0.023717468206649283
0.03668485257868905
0.014259789828298789
0.03667206659651799
-6280515817211509e-22
0.0094217459016618
0.00027446889723332067
4747796197902465e-20
