-7986595419320083e-23
0.0061796546116529155
0.00259555837605811
0.012216577041817993
0.00959005187104469
0.0017064014084985913
0.004742720944328863
0.0016050076213929142
0.01446641745806081
0.04561984462743765
0.058337349868839254
0.04258374334924469
0.007817946417925289
0.028586431143923723
0.010359321138253188
0.0033329728292473787
0.030488294654103274
0.04400991674481204
0.07569047510160562
0.02946563606105344
0.05865625040805036
0.0008154258253563867
0.007851345996761879
0.0009088052870497519
0.018339737524774725
0.010650702997367579
0.002041566186434862
0.0044249203612916795
0.0012567862408577842
0.0041964652725917685
0.013033860573378088
0.010086962530025058
23284506855200395e-21
0.08874550259880086
972153438387023e-20
0.02137141620582109
0.08611935838016452
0.14185838662780434
0.013345745723220745
0.013777232817122417
0.006765771562557198
0.019445863516845158
0.009050998902507998
0.0005605637729069928
0.0030189397415130628
0.0006793778361120267
-9777755042782502e-22
0.015307853247202626
0.004588923724590925
0.0062099196221707675
0.005080427651578978
0.001603622962802561
0.000193834383378435
0.00044892885089426317
9545241846524765e-20
4246036064449179e-20
32021987456002114e-23
