2885299970460862e-21
1695091655971021e-20
4351616130215012e-20
0.0005335516440938551
13253880922446345e-23
0.000193310432278075
0.008367425420809023
0.002210191820613099
0.02042669886085119
15827620305280417e-21
0.006059186611772496
0.010496707316994956
0.0597277412654302
0.021333143778055907
0.003265421192853811
0.005094253524183543
0.0003786208786883527
0.06845495814904368
0.047110932136468796
0.020465597096140084
1518612931382115e-20
0.01727636515248599
0.03617063752442172
0.0001041029207896397
3742605225638031e-20
0.0025625431164797443
0.0035844688114898887
7063292728582739e-20
0.00012545948607937946
0.04113818786656969
0.01674151216064768
0.005600190644702473
0.0002037704308696756
0.032820936115930274
0.018711836818985875
0.009503293634950498
22414689387906372e-21
0.03184223408277798
0.019632717872138078
0.010095796687399756
0.0035702133093285632
0.007793623091526278
0.006974180779726137
5841727668048278e-20
0.010279203700370316
5099578102254884e-21
0.0012678663934088475
0.00104253926801119
0.03346550228635669
0.014670701538888685
0.015473834566880751
0.055558163755517954
0.005603698261616787
0.013051267484477495
0.007818884502897729
0.09560655579243457
0.0083881780997673
0.005190500257979144
5550051740020517e-21
0.01771740241574159
0.0030677211439864883
0.00015190361805513837
0.0001301555700852988
0.0025862288935043893
0.0002617468298582612
0.03195555286970569
4260824999442434e-20
8342560340224509e-20
0.006655635319112699
0.007360644896802196
0.00935479432042092
0.024582292434231618
0.01955101109263192
0.015002800437105352
0.004236442319072133
10589051370311323e-22
0.0020184883646149577
0.00414946544791012
0.0009542742849441648
0.0011976216038991907
0.021338112220100874
0.013393453243667619
0.0009073513318791302
0.0012702747387252022
0.002275199246733348
0.0005109528996108383
7839587174581944e-20
13555647074532133e-21
0.001103440685896523
0.0017672437084529566
