49570262406332965e-24
12052152720892216e-22
4052594216252348e-21
4968766274511347e-21
12751445777292057e-21
-1383992613730986e-22
1194500115210108e-21
0.00011446877576582872
20522568432345035e-21
22314093544687364e-21
6516222071898311e-20
6934394304099107e-21
4626820240266665e-20
0.0003303303388083984
1631251291170812e-20
896616626409139e-19
292654458628261e-20
0.00027427765969798815
0.000222094601467937
0.0011172513930328809
72506742569458636e-22
595369557306192e-21
0.00016729958412676382
13118695802421469e-22
0.000537229759396248
0.003299853933662574
0.0005836997533815874
0.005587971368971852
3750096269085051e-20
3624247366398092e-20
0.00023090774623959622
0.0001604165731242091
0.00012633690006874656
0.0009066183202908589
0.0010345916303616434
8440190085456444e-20
0.00016833127973810827
8090672929208867e-20
0.00030185569065517125
0.00021036730858311171
0.00444969099430324
0.00013705601290926254
0.0008657888925367057
0.00455770758302188
0.0021947320936226236
0.0020365444508160923
0.00017297568050783993
0.00011971284389724249
18165304300062765e-21
0.000851463250808983
26796270939527584e-22
0.004825032370215299
0.0024833693086083125
0.00016482212112295543
10811472656247529e-21
0.00029115846555664507
0.00018381275620177003
0.0009136206715199906
0.0016569869282452424
5574543537089009e-20
16588088720556263e-21
0.0001479058020609047
0.0029770744481295744
0.00032637166238310637
0.00015064747275925824
0.01363047382870515
0.0043680938096438355
0.00031006537783232456
0.0016378611595368187
0.003968600926532444
0.0005097303142042336
0.000897737493666594
0.002009324893715824
0.00013814132463400072
0.011156774010826999
0.00031122990330938215
0.0038600540677125052
0.0032770312293593095
0.0003552933974932943
0.00010021068429694839
2305112120884785e-20
17329825777181928e-21
39482964080856555e-21
0.00040242502547816096
0.0014731296633370855
0.003344074627320059
11319751820888437e-21
0.0007399370550885455
0.0004747626382202931
8704473583829323e-21
915952689715749e-19
0.0020403120952454403
0.0020940464168068295
0.0011857816258028574
0.0030969025811613538
5132525966189668e-21
0.0006383798082220576
0.004732113530528508
0.009639409439847606
8719746643966364e-20
7664795803519419e-20
49717035095683614e-21
0.005479398405511811
6201320432943844e-20
0.004447176381335198
0.010356588950629811
0.003197073328154323
0.004176929217941832
10618269586735084e-21
0.010048033073832247
0.0011802549568645732
0.0010960033202620438
0.022236241924814167
24462113754819967e-21
27477523979515716e-21
0.011423783035509073
0.0022023259194148496
2684310830653791e-20
0.0003169390094970044
17409558752782556e-21
0.004759552739956849
4016674638998606e-20
0.0021425888932260165
0.0012946877529948742
0.005113410369106999
7592956143608405e-21
0.00023199771751540338
0.0013644378810048808
48413305295835845e-21
0.004854137292583954
0.01936812416873776
8391548253209222e-20
0.008772713341023655
0.0004091635370130943
5342068636146883e-20
0.00392801828016263
0.0006060870094950683
0.0011020240821175528
1242648445208885e-20
0.0029320653760247055
0.0003263674449663649
0.00014329695497554223
0.00015520155096236638
0.0001543863332024637
3918711313974924e-20
0.00012619983887394312
25123737276873186e-21
7314606987489094e-20
10599015803238627e-21
0.0015177443993670788
0.0004346122251020889
0.0005702995017762327
0.0010444655061656806
0.013778308578687672
0.0017864195626351425
4089550217944702e-20
4935641477281479e-20
0.0028514500369865993
0.0036065464771788446
0.0018674143592065239
0.0038453020229184728
0.0009351521088234282
0.005713994319702504
0.0005551643870532912
0.002881452366438787
16614960763316578e-21
0.002966061998275799
9219763547930659e-20
0.0010492246118475115
0.00166820516117671
0.0005681073839963974
0.00015758028089947332
0.0002577538374756354
0.0026253171591204766
0.0056952253149823925
0.00020470306191736548
0.002798194694477294
0.0023073694010904487
0.0027371901285845
0.0051724729389858665
9734775722042077e-23
0.03553596777349715
2064179557702428e-20
0.003946429131843612
0.007070001324282153
0.007913872849285136
37239553704885545e-21
0.005301471883909174
0.0027151367219966738
0.0027258963905477606
0.005619168311512777
0.0006398499956282983
0.003397385491793032
0.0016316304246719064
46499744917426154e-21
0.0017837521237603006
0.0036612410402511474
0.0009986800812598897
18007058392408156e-21
0.0006836915095555584
0.00017576030684247679
0.0062739683904814905
8788306963356626e-20
0.0010776863916832293
0.009578548472255888
0.0029195046642377267
0.0005995210413651882
0.008296225628404253
0.0026577126952553906
0.0002930609349297312
6814382384057236e-21
0.00015126036467555113
0.0003503849786200028
0.023428297682197903
0.00014244128901686062
0.00023693260589163092
0.00011120381702451664
0.005408732582210087
0.0015327781763046847
1743674852906153e-20
0.00777770448669962
0.0015737915804335822
0.00012273670358873277
6464305146896295e-21
0.008144627631012242
0.0010898156404610662
1871155195132932e-20
0.0005461626885936733
0.0006516716751166584
0.0001600696805683831
58081653982446554e-21
4882207669132537e-20
0.02832965864430585
21385249291610693e-21
0.0010945394787837078
0.004285231228323719
0.0010286126046245344
0.0020577008285205334
0.005851510602875302
0.0040582062508679765
0.00041520518429529087
0.0005447850812212232
2391978658249711e-21
56991343850324004e-21
0.0001731284570386657
1641231422284564e-20
42930528300763336e-22
0.0005437006916623914
0.0002285095474629714
23591703104755402e-21
0.00018975314563100072
7211725234969073e-20
0.00020184722078813968
5679253752394595e-22
0.00029756930833301577
13972565826206388e-22
6637728483360345e-21
3773903935246534e-20
28048406530413336e-21
0.00011997507159226535
2880325387770825e-21
0.0005731339958340998
4847550845313068e-20
0.0030717268647583187
0.0011397604115131231
27638010424853623e-21
0.0010057149063881431
0.009441232345308094
0.0003739705736703283
0.005523385871769613
0.0056759127398191885
27191839406968895e-21
3903405678865098e-21
0.00022868711238789932
59712704320701384e-21
4655975429002663e-21
0.011462635247950152
3200309067308119e-20
0.0031471814769203172
0.00016930326315170387
0.00016369289932831226
0.0008485059746538443
8851255863343696e-20
0.0013631324187008053
0.029099709148934644
0.009198531216217434
0.0012242535603216977
0.012066102177566733
0.016305323763112032
0.0001399327100594696
0.004504003023471472
11163376183267909e-21
0.011605810142620908
0.021332358154811538
0.0005186298547685766
0.0007970147128405094
0.00010809346191122186
32076266547330417e-23
0.009794537101786568
0.0001259738457450658
0.006366692341912686
0.004930576028516609
18336874996523183e-21
8510149103302623e-21
0.0018311096559573436
0.0024323563918654213
0.0014046233601167392
0.0005105526267262391
0.00025942078347939357
0.0007597651704195737
0.0029337042646494236
0.0022270353131640234
10217277661983663e-21
0.0009604555114376147
0.00018485725864390674
0.0015260875754838444
4912377784380761e-20
0.0001289720443109828
1259884541047976e-20
0.0007283946144335363
0.010579839590557936
0.016248140209836684
0.0015853301688245978
0.006324217552829998
0.0001961250586163573
0.0012909513519786604
23846158338235703e-21
0.00014091436640646071
7189415441936548e-20
0.0010399984196989287
0.0032956302013342413
0.0009640222167993617
0.0039044779559636385
0.016249143303859077
17317085121853424e-21
7568506374868704e-20
0.009953755599723961
509195536353578e-20
0.0041301553284990074
0.002097978637541308
8813242126653513e-21
0.005646814513944467
0.00011117945333806106
3957689731892566e-20
0.001281525291758227
3559346290833895e-21
0.00010495728920539678
0.00019175122687522863
8426231038694015e-20
0.007534693245418631
0.0003540947763545914
0.0002357501472173418
0.0014169740030087134
0.000799518787135541
0.005608998359937212
0.004711470135216838
0.001523254952059275
0.0005921230299678473
0.003344385814798169
0.011070652501672794
-5450314080919238e-22
0.0007866996914809277
0.00011821007522333915
46130935746043043e-21
0.00016965531414708606
0.0016224306630605151
0.0034119092874418783
0.0030227755996211055
0.00823317164792583
0.00024089135510913282
0.00013675364942467537
8637097888393587e-20
0.0003817305457931064
16351732441027174e-21
0.001234531950257044
2496359289658357e-20
7848971424441556e-20
0.0010894909654526916
7743245506049797e-21
8845421890452845e-21
42153835030420913e-23
2190344494927185e-21
26592778397455608e-21
0.0007058101047468623
0.00453223010100487
6546988326716982e-20
0.00016944352776162701
7300267753050084e-20
0.0002143909986184474
9732669956348849e-20
0.00021161487004167927
0.009025290819501243
0.0014989909160092849
0.0002982986852996021
0.007345907041049876
0.0001415378960345958
0.006714938732215237
0.0007720279870141875
0.0039722747238804925
0.0011838304702502314
716951248430373e-19
0.0037459857902140373
2808508305553197e-20
8537413318394983e-20
0.010119568738242915
0.0007152975340308775
0.00043847896719602516
0.005067555329521524
8198865250001367e-20
0.0005434597396152932
0.003829675816830631
0.0017513030677355024
0.00017299317476373872
0.004729496123546433
0.01872457580298529
0.00013915016141294572
3560403301129762e-21
34440245888190216e-21
0.0007455204063408295
0.00014304747003825868
36643992899701525e-21
0.00016542197585471479
0.00022840854342715209
7787472962034437e-20
9069091995645102e-20
0.002301035542537062
0.0003436518202676487
0.0004753397790663965
0.0028435536708232992
9510794716270663e-20
8909336480592536e-20
43184489764162784e-21
0.0031200854662512246
0.00011372146970954137
0.0057854806346777496
5478740476857226e-20
0.00011070996745826846
7930150903865525e-20
35779614387462256e-21
0.0010756405470199975
5399446900760156e-21
783168667483445e-19
4072647134052119e-20
0.00019373383749649142
0.0001645717551640149
0.0065333886082052685
0.0002814131328947294
2330775271925232e-20
0.00013285055303476225
0.0016372912904550818
0.0006257025928819569
0.00012511767366071752
0.00034159635978164686
0.0006157812365151031
21915927025622972e-21
0.003838642303958702
0.0013593817420499775
0.0009598943930874477
0.00010138058636029817
20740259605318513e-21
4293709840785321e-20
0.0016087368516878124
24356780496647088e-21
10276358343279941e-22
4522706017520111e-20
