36944115351814672e-22
0.0006558188185602037
0.002133329560489474
0.001258147441017742
0.00015148037023098598
0.0005073187207293436
0.0005221859861722958
0.001291028301241603
0.03980036966205496
0.10105961993056116
0.046814656945010164
0.012805073594312325
0.011741491236030225
0.03904146355028759
0.31176836733773183
0.009278510471277802
1504625654191391e-20
0.030729643889291437
0.23496948335914167
0.0024862108894360756
0.034437892931576175
0.0032679393426837443
0.0004547887173611831
0.04217925845198417
0.03464073536883607
0.022893746697384247
0.004776571920297346
0.010288973200663284
10989059021921617e-21
12116020080843163e-21
4047558457083853e-21
