19814956234108308e-23
7965103061359637e-20
2910175573198859e-20
0.00016338183144681985
0.002643642768931216
0.004861368993794198
0.0026742999271289042
0.0013003041186534581
0.00023570965392382906
0.0012882781381010804
0.0012850894484347363
0.008055062227569762
0.0026171066818698164
0.0002976524958776193
0.05440555333874994
0.01329250606004456
0.0010905777320023159
0.00032347513004840725
0.0024295988676507137
0.002553458133300625
0.03238280490318191
0.05298276932905033
0.0016495240963749756
0.00012985961373421245
5714217948296263e-20
0.0002844660378251641
0.010075204600344374
0.006838555594968552
0.0036955817700477906
0.0010538081979591144
0.1162923715542227
0.0022918502824949404
0.013289337919281847
0.000870842495680791
0.02410760089970761
0.05770560349934057
0.128000582029513
0.006679944956424076
0.00024111546231040393
0.05245227436834327
0.009454490794538514
0.2459344089682081
0.006591949574619275
0.004278206365858728
0.001351702012938826
0.0027480949328658067
0.008669224708051083
0.0014959751590765875
0.015215613929397305
0.005077175405705877
0.002135256635782644
0.0012922581299509143
0.0015571640066739665
0.000661465217833742
0.0015164634474284045
5214228031016732e-20
0.012326927251372964
0.0007743365931548171
0.006034684674659628
0.0218762241936799
0.002565493720528069
0.022221398979126537
0.00282534498247102
0.000806433364037133
0.010834456218382766
0.0001729921429657592
0.0008143731163558723
7978476241762942e-22
18053742439331395e-23
5403023506617131e-22
6968232901769069e-21
