-16730663564497102e-24
-7768453463378836e-22
840058476406129e-21
22444375969147194e-22
306644853187385e-22
0.0001677698642230355
11598228939522232e-22
-19820062753622163e-23
28029473657342347e-23
0.004837442050719959
0.0011626751472198949
21011580222659526e-25
0.059110530763537394
0.017472733722080597
10967391683085954e-21
0.0660719006632869
0.008420721629918696
0.17859539618598816
0.10871220621629037
0.16255024081176705
0.16441516294210093
0.053302289378724076
0.04044229047411574
-37915739049042347e-23
0.11738350734666401
0.012733596843792844
0.0008024476871446068
0.0035283644725442246
5303868108904534e-23
2785393396601729e-20
0.00024866299023208765
