7020180937788721e-20
0.0009717102472251633
0.00016637049979417685
0.0007329081275374302
0.00013330617759194373
38069447419188026e-23
6929181043802716e-23
0.0006103778014235155
0.016757162176645156
0.023857000837490483
0.0003244177610443393
0.055184236482536064
0.006199090716472438
0.06826240142645412
0.08542188365030068
0.010157029961899735
0.013705906049173747
0.0001888728801936022
0.2946867536430911
0.19485846982190808
0.024932495443239232
0.0058039207654610415
0.11456912543573657
0.07374695058617027
0.005965803095184027
6650674158199365e-20
4224667623357529e-20
0.00045963393975203117
0.002125400574469744
-6403587590373617e-22
7044486360750389e-24
