5599214852860035e-22
-8510526998525706e-22
3182848039411959e-22
1706755605300763e-21
0.0007600328721018062
1377856793225835e-20
0.0002812204743391851
0.006705142115360578
0.14784395835369638
0.022097485928489872
60515814912304875e-22
0.017737869756600525
0.08065469543383767
0.09229077737233816
0.3402883494352783
0.19074050920872757
0.004636928965738419
0.027872928586683273
5193128484990153e-20
14997626804583059e-21
0.04910307216110231
0.016202433000036858
0.001137240975143371
12273388551365454e-22
-7473033062286826e-22
-6823446826922492e-22
0.0015245344689176512
34800921726062465e-21
-8805191616626693e-22
-9105157150784258e-23
7008794764447653e-22
