4366559650463016e-21
0.0001256703316854515
0.02939044507512494
0.01671777133583624
0.019911059096461826
0.006824161844729274
0.017157147732005905
0.04064813667137685
0.06868202006370434
0.01236298108925601
0.1688475074090885
0.0019125297109317228
0.00642295664384581
0.4668251216712453
0.003276697785820449
0.09793395501287355
0.006744522440997188
0.027933484276672717
0.001951812727136489
0.0005061309079035605
0.0002185970190825207
0.0009218501963040369
0.004664782528269357
17097786757784243e-21
-8059167603855796e-22
