-7608559696866206e-22
-9041460347196856e-22
20257142322350486e-22
4135430456069069e-22
1496849614888802e-20
0.00045535252177940523
13056261418964943e-21
2826754577914181e-21
0.0016594805115712483
0.0009103874239388183
5810075664274299e-20
0.00016399666360374744
0.016669335177129388
0.18769317941548772
0.0004825736994816219
0.08247328765826731
0.19656364213024555
-512301258763563e-21
0.002913332943831256
0.38779801931200003
0.07644624370305232
4821068106196158e-20
2751750041048811e-21
0.031957366329983104
0.007343597729032929
0.0037081402286388986
34476044741456853e-23
-20061139282535326e-23
0.0025999593769300685
1668118054516012e-20
5103191520586197e-21
