15122213983574306e-23
-3009546222226312e-22
52391740922316014e-21
7056243344689905e-20
3620916306967374e-20
0.00025296765763861137
0.015854867358945497
0.0005390900240323517
0.09307084527549525
0.03470317661780729
0.11848572153279503
0.0009055471422731024
0.003257256773511618
0.007389491690598555
0.03853851371709661
0.005987412469503298
0.43150160850240193
0.09796112980563479
0.009437821709331724
0.008387668382418726
0.014355003221975565
1733629493809326e-21
0.00507439927845238
0.06869928629387854
0.02090123928858917
0.006552212095801803
0.0003169835187798406
0.017656694799109165
10577113343605425e-21
34825484047569497e-23
-6097587053684198e-22
