0.00010675010458442144
3171188924286176e-20
0.0006957798401556598
0.005498625952661993
4683486921292771e-20
0.008038866665112316
0.017650474882608843
0.03805921973369009
0.00047646128519104186
0.12266550279906131
0.11332317267732891
0.1414244098080299
0.29337766126765064
0.002589930175173369
54813807403181984e-24
0.02477854493909388
0.17149700300895176
0.0005171142317461415
0.04001638705668534
-2637251990718863e-23
28624421889075014e-22
0.015292086096526688
3244415956475393e-20
0.00028862868913452665
0.000980365835005645
0.0017158328435680431
4489951086892412e-20
0.0007864083089193859
2955580684396701e-20
3332393611786845e-20
-8872562075012123e-22
