18764480805739947e-22
0.00401459533436431
0.0018273202365686786
0.002987038091427015
0.0005415720013246408
0.010658865768359407
0.0027554522814451548
0.0007903518203728622
0.0043690366278052355
0.0028114589896571208
0.008120685196212105
0.015652810455293795
0.003882894203844001
0.0015364321502072266
0.025029122590693405
0.0018374624967441276
0.000892720549580176
0.0024299621189290514
0.02345237734055085
0.001313117938602183
0.010058479241527774
0.0074646519841518036
0.05773363006068063
0.011961488329938416
0.005854020706822092
0.0013477127794708139
0.01187536996172011
0.03076364321283391
0.00694018418679721
0.01209484473196664
0.003689679378476099
0.02029314021611468
0.014654264449421705
0.00024177856239145144
0.023484800851931137
0.015284887162852813
0.005307778364695137
0.0038858480728204887
0.003435660051145524
0.009338037640470198
0.013487127121783876
0.004533667830698402
0.004307764096441734
0.003409458568398917
0.038973776546306245
0.00992756641477986
0.0244934246401124
0.019679241746911123
0.015469116325265328
0.014693594694359277
0.0012007287384954875
0.008608818872192567
0.004720866067046105
0.029517567212421998
0.0013470869424112826
0.0023974960587831145
0.00608486388534932
0.006589252853153514
0.1527515859917198
0.01348268944240521
0.005953568160967012
0.007985975808430103
0.0003842471311792025
0.011555127714012702
0.012226299362311257
0.006456634522488308
0.010827692028720068
0.038320910069403365
0.001988410522907248
0.002217700680923149
0.00408356565783155
0.0036557160001169024
0.006697359888360654
0.004567275134291616
0.018127220604949056
0.028353823215009268
0.006264982826238546
0.006494819001113631
0.01927871169605696
0.01923412045577698
0.0040416186496665275
0.0011535597062369387
0.0006428035157293088
0.0026466443269421358
0.001388476315781841
0.008906843028631211
0.004379118832531847
0.006281393490145905
0.00048604029184486395
0.009108594726075385
