12765851477077733e-22
0.00035943678930961895
0.002611481810017912
0.0021732756319566226
0.000687139932768631
0.021216788212924165
0.0062700423895775395
0.005329167507468109
0.011871524276853427
0.0036117612853954445
0.019034058349606957
0.01040945750674858
0.02894319788716106
22111853668400647e-21
0.007216328913361098
0.15816091887833977
0.020412731103498945
0.008706260636567924
0.0016970654204541077
0.2736198217208916
0.055079172571692946
0.0013958930714969657
0.010062794605901747
0.012206684156177044
0.01104905982817838
0.0019087644081540924
0.010129632040065987
0.01144549110189088
0.18014826100325923
0.004865693747532085
0.009809787347546554
0.033658454200870457
0.002808121387208449
0.0013047356727274642
0.00011711420796047282
0.0004335303524157642
0.04423824086959392
0.006907619909986834
0.005419374774154471
0.0003163711354942457
0.0009352092410150625
0.005302133071522037
0.008104014603437218
