0.0008815335588902834
0.0034989000600368974
0.002929410824162284
0.005551069769663069
0.008381923826468834
0.013553233625429205
0.011916953380992138
0.11403677033479198
0.03289884775150833
0.00047094436072257995
0.02710336093044001
0.027438093239513146
0.007984680171149203
0.015783163626126227
0.1251421986255125
0.005019131378810098
0.00018447207711539922
0.03872195609714269
0.004586744297604831
0.0054463856891628845
0.0008792483354412227
0.00017082614731520252
0.008176102741197056
0.0040043518850246115
0.0444486116624469
0.04790344716112947
0.057930659281552964
0.0015894246418395503
0.05766198954803354
0.04106329730386415
0.10961553114542219
0.0007885010667160702
0.036208488901242855
0.002693075647586879
0.002470377501879925
0.11090265213318622
0.014680324025112872
0.005390184955029684
0.0014900327011939934
0.00040276990349866155
32968604334905876e-23
