2183317957090623e-20
0.00029620523632533995
13117326609172267e-21
0.0010909988598827322
8904121349183215e-20
0.015186152111719602
0.0017776148699522232
0.0013318028527644474
0.0002766827280239686
0.050786216282596136
0.07355572254967363
0.12401111134986693
9849143983821704e-20
0.017744556162394683
0.0003351924717981142
0.0009452960508870332
0.045108400882119315
0.45103870527023904
0.07646467026584344
0.0008406208617435486
0.005097159927500638
0.00033443405388285265
0.00462209776908132
0.05216930104148975
0.013764556962072022
0.008661771300553515
0.03445553322384031
0.015751472232701097
0.003963680579655565
0.00016479244132191692
27685025606236765e-22
