37231446261049483e-23
-983310209959924e-21
18819800191688753e-22
0.00025059717105415795
9370702118044889e-21
0.0009740098242183318
0.0005058306379387224
0.010977472970732153
0.004096605593891182
2845350045452206e-22
0.10875411260430153
0.09441320407821974
0.02353320800579775
0.302539965306976
0.19097236945353616
0.009005637689090698
0.0078010710112570245
0.00461475095659897
8079518521704377e-20
0.19981264364521822
0.00023821632423347598
0.009175589070126498
0.002869091260314579
0.027639003129700853
0.00031677009230489606
0.00017960211518526379
16572148687099518e-22
-772002495704141e-21
0.0007947838776436665
10274983414345082e-23
0.0004427558128415237
