2200015683989844e-21
-6096811324908477e-22
32092248128161894e-21
0.00021048440347006916
0.0005331686768446415
0.005019467874756649
0.014180804834648092
6048036773969655e-22
0.00011710287968100487
0.09167161355103258
0.0024771298089654357
0.09128348949856928
0.01961322116363358
0.20400148871981338
0.00367600803272982
0.34451872114096366
0.0002173470949620576
0.11306741272498914
0.08975837632750056
3082360569066311e-20
7134903919652292e-20
9161718920981366e-20
0.0002920205608138398
0.017570215725043553
3136467494823537e-20
0.0003240346911595702
47041842558853306e-21
0.0001643431399436763
-909008880450016e-21
0.0009937894849215128
4184936477452129e-21
