-8514507232912369e-22
11018596726784838e-22
-3877042379730287e-22
-7116992215923288e-22
17465994311491357e-22
593983411544425e-20
8011224555521467e-20
0.00010270042721475525
33076323740100116e-21
9195532626414229e-20
0.004560974933389995
0.005858364514557342
0.007021271697753802
0.03447794467245427
0.04573390963856122
0.02573648484400633
0.029242025641408792
0.25186277990775396
0.00018320910900572227
0.030566950452915194
0.011951680145987792
0.35274219139894986
0.0488813600637938
0.11451636928796312
69947584391202194e-22
0.02064818042311526
0.013701971360167974
0.0008563074174420745
0.0011314930078660417
-5580495845054958e-22
5413012242258362e-21
