-217820401781379e-22
33627266347204244e-24
7552471759893704e-21
0.000176201180589316
0.0001598511709136627
0.0004877062139129202
0.004216510230198332
0.04262369732354904
0.0005758519596394833
0.05849461785333629
0.007592222124017274
15020605016969975e-21
0.09724996037237041
0.17774763325629175
0.0007721325899871062
0.036966444617223655
0.00014760923359302637
0.060820880946835194
0.35503935375823575
0.05276036861064495
0.05431178220317708
0.007822977862651731
0.0005885505222501875
0.0099534922860278
3810545270188554e-20
0.010286342254922318
0.015382989935742494
0.0057610861422845066
-9429939722006257e-22
16077821441207216e-22
3821887289401115e-22
