-41414645586736136e-23
7406230411003076e-20
0.0001479400789371786
19149953115343125e-22
0.0004190311894775978
0.001172756602830729
0.0022379823428371067
0.00029001663353889944
0.00044461479959459244
0.00029765386666752664
0.0025867796757128156
0.0047428154134461
-4296727354231522e-22
0.33188447690698597
0.11376600987309424
0.05127824855051307
0.010913073634944813
0.02535589851561288
0.39101647826654096
0.0023002416752720537
0.00043598290543631416
0.0405340953225774
0.00091757801235112
0.01165046783385201
0.0013522242659419397
0.002647671490929221
-981578520351198e-21
0.0008014886129506893
0.00015541555820656127
0.002359409848063946
0.00021749622197417336
