-998449181530456e-21
4031106344942283e-22
3976296916831812e-20
8293728199131429e-20
0.004940183545833293
0.00631657420374543
0.03006136902033891
0.10937376296445513
0.08698265485605056
0.00018770212493634663
0.0008539944111600053
0.005366106130279463
0.1263677289952685
0.27154171934112503
0.04362431746352489
0.2430312510642633
0.035605625734227736
0.0003780558826069922
0.0029287980374099656
0.026535874113563226
0.0021586765997195774
0.0011759480568079295
0.00032033907336728365
0.0005409146537295715
0.0005808960116773667
0.00041393459856212876
8020596888045867e-21
0.00043873703952364594
-2430249534368183e-23
0.00014472121867738525
13652141145910005e-24
