0.0001664412032667375
25568249670684748e-21
0.0009157897635370998
0.004043019345258566
0.010959044508554816
0.0001126428234049371
0.03586916734252874
0.002777431607225474
0.013493635730051162
0.010323856301968679
0.00010647146078924564
6430225296667725e-20
0.040932702119272225
0.029577975813469777
0.05571039149897605
0.0009643034687539043
0.009275234219324685
0.010694779718469966
0.08625502164028917
0.1627186504818206
0.010995951331999003
0.005883178353367982
0.0002414643559835876
0.01181898537904573
0.031040852030486232
0.0032649213698601877
0.002992736272568338
0.01284068098763927
0.010999116471145938
0.0663337459446948
0.0824649088199065
0.004040435403224169
0.0113161046883937
0.0634559265362551
0.001617557620522897
0.0006053056434455116
0.17117644720335792
0.022914111671606917
0.0024227376307068412
0.00031944589101177387
0.00529489991604099
0.0029365434097256868
34497397551199594e-21
30161218603695053e-22
