1900053941669067e-20
4674301314010425e-20
0.0008287760552379633
0.0012801329296984105
12390850615051055e-21
4755514251111254e-21
0.012649990145441764
0.003972491086128611
0.00474483130189722
0.0675419848473579
971928491165373e-20
0.00045297131503243074
0.004926367843706285
0.002596435145812805
0.014961861187162542
0.026325147527731744
0.0003940405946433543
0.011360546936653936
0.03171797768219413
0.012759177233726991
0.05285730626060027
0.01867056201327556
0.0038055068719251624
0.0002839851836957013
0.009407769227418771
4320560067347983e-20
0.008160009277945284
0.006357311766968368
7671250861934e-18
0.01857520729857855
0.04090998971450477
0.0026088984037147466
0.0018996359411158393
0.017297740284575657
0.004569023658938729
0.04894107205474181
1080099461064232e-20
0.005117646643775177
0.005428630110510119
17938462287278292e-21
0.01999526268759865
4279355932653816e-21
0.0007964227564081636
0.027502567299186823
0.0027357699197336468
0.054466680508394184
0.005897376024754249
0.00811284545853437
0.00146595562136978
0.0012193234079866792
0.006752180142786113
0.001807592459868665
0.00918768537258642
0.003896837382631888
0.003356377777538204
0.010882235690905939
0.00017779484062875153
0.03118723860681112
0.0025474533749650363
0.004021891945899535
0.017747114126065618
0.0027131273345507136
0.0027189026055125516
0.14155835194040306
0.013016182637789022
12262885539771686e-21
0.0007813668505576312
7779402218764835e-21
0.05113322030989201
8756158080135842e-20
0.006204975648107057
0.000985680312384012
0.0041450693390328
0.002621148564885064
0.0008222486735979618
0.013310162022738707
0.042376858359844616
0.0020679600697242925
0.00030936370242188704
0.02051836405487927
28232820017122164e-21
0.013804236868759511
0.0033631418196866823
0.015304401935155195
7507136625531998e-22
7793863888782699e-21
0.006298156944711792
0.00010201809787538702
0.0003174742433404473
47069581956764563e-21
