54210764597667316e-21
0.0010290006662097564
0.01970807686302246
0.004070362713138921
0.010364023222785804
0.0002562102818566786
5528045230761639e-20
0.01067716124650785
0.15644307608452448
0.0029649689733966594
0.00809218842601816
0.22358788759644266
0.002186994159791238
0.011809593588159282
0.08720945683884411
0.02139678744711227
0.00166956054265549
0.0059755205348774
3658631370960436e-20
0.0702802931661525
0.0650895531082152
0.16073319480160508
0.0092955040684174
0.10465149542606875
0.0005988965184292677
0.0003285615169464949
0.0037180995093158177
0.010374009963401596
0.005456542492425505
0.0018878708144962797
-968101431986255e-21
