25917916437384763e-21
4223445407136163e-20
4193624025843292e-20
6584832269414675e-21
42058148531916465e-21
0.0008259127794364272
0.0002659916142320435
0.002338136409890898
0.003518985072804678
0.001480238517676067
0.00011008610970546103
0.0011754247248609516
0.0028197528021893033
0.019639667329256764
0.001912277284206626
0.022929784753134876
0.027906189956048065
0.000138289886658022
0.0008612531764898203
0.0411969138501512
0.05264469675970312
0.0036588788596452204
0.07272120909963971
0.002023186655860296
11210715221396615e-22
0.012309867508589098
0.0004979620512398838
0.0020989211551916943
1110843717180452e-20
0.0012990612645191757
0.0005582234921840503
0.0038885623574316016
0.11918755712697075
0.08278558200099384
0.0016879919582757656
0.050582054096130605
50540716298721875e-21
3976156998249319e-20
-41369304834725147e-23
0.09591188052083595
0.00045298127002702573
0.00014317974355760989
0.029850172611093326
0.1027314959190377
0.0021342814085994473
0.001328340384010912
0.07010019450231869
0.010278639025499928
0.00042442596461728235
0.00031168815722800705
0.001102706153080021
0.008056548716938127
0.0014968426058076469
0.021045560947685327
0.0014885112176297776
0.0006107680436579642
0.04421545039291735
0.0004336350003236803
0.03294204859053466
0.014584915521888835
0.006548528616439704
0.0013332124983817437
0.0058479056303562945
0.0001774890868753853
3312400742599665e-20
0.010274898815436313
0.000465989112803739
0.001281827840049155
0.0009785299406437345
6967366436092896e-20
2104574332633704e-20
