599015706282085e-21
-9603883526522669e-22
4818077560688957e-22
0.00010893538536634842
60546812837770595e-21
0.0010761852605562566
0.0025879840299736336
0.0001504913581138745
0.0002802085809954708
0.0007419767097547772
0.010603837508122608
0.011504898901708405
0.12560785767597904
0.0658082074487549
0.23092964657325846
0.14105898286181803
0.003016727809759556
0.0580321232254653
0.23613063623955907
0.08523678386529514
0.002377404247320335
0.006587310109500384
0.015115777625050814
0.0015704744472010191
0.0003495432284474217
0.00012451273560997692
0.000126183311314516
0.00041344548515733214
60309713504205474e-21
7603396892039444e-21
0.00033128501757362193
