-388849637030125e-21
-7589280375972007e-22
7305977045708933e-20
0.00015206717328628049
2968968862406228e-20
0.00016057553384094542
9045740422248172e-20
0.021426300932067648
0.012944367430081899
0.0007024552769939011
0.039894374383846465
0.056733466819596026
27488293869871412e-21
0.0034722119803458316
0.0005739786168900728
0.34922987438878683
0.03086178333711533
0.20302881050410385
11819354619072625e-21
8900774348504577e-20
-9990002320115909e-22
7499075391580378e-20
0.10818960312040049
20627228618414192e-21
0.0024320614330858503
0.04496962784008171
0.10672229282252628
4683315089257247e-20
0.013464683326901974
0.004029245284276839
0.0005503931849739326
