30719480443225224e-23
-8198618821569466e-22
0.00032434073576474096
18273365267683485e-22
11241589421130554e-21
0.001870674420084016
0.025082926974845494
0.05862487207014242
0.016782971020729107
0.10203662453928032
0.024506583620734438
0.023211924536365763
0.47738070504726965
0.02931483774877251
0.00194037872838377
0.09966970015636385
0.0012673703243416914
0.09443976632936636
0.0016588244353970718
0.03002377357711812
0.002430958290837694
3351574585164578e-20
0.005908185823593398
-7516035379959156e-22
4437651143365087e-21
0.0019104071825260332
3152936754173739e-22
8014850707505881e-22
-7189117656491514e-22
0.001563347549285939
6709694898161814e-22
