43583503371566544e-23
-2524177438088589e-22
7103058843282921e-20
5780192117472569e-20
10884500467679488e-22
9614456965354803e-20
0.029564478615079652
0.07528995138537863
0.017001259145507847
0.019257145417412774
0.03792135635336686
0.04512219469352305
0.06988794596735827
0.36356911623656474
0.17400394173601463
0.011949428343178125
0.011080001965470723
0.0072537525254862244
0.013672234899587781
0.002562841795299449
0.03692269737959248
0.0007059168978831948
0.0006003362661994657
0.05344550685117874
0.012011768198184938
0.0020958457394750518
2225971314331577e-20
0.015781894919152658
2757031214470099e-22
-8242147104907454e-22
5242452095250554e-20
