-767988766528294e-21
8805596846066665e-20
0.0011469937717753518
0.011700884283178767
0.0008990344477708345
0.00011791273888115765
0.01829610030330661
0.0003522595180850152
0.00011156445062903835
0.0001144436320684828
0.1540120385041447
0.06313311882544866
0.28348266070696293
0.044718320216905603
0.17465114683925112
0.020801582914010536
0.0011400324217848501
-9908663560710953e-22
0.12863168157370122
0.0023119906852090443
0.08114944400954666
0.0009794049144118237
0.00014265936729128368
0.004119250549259835
8075833940514172e-21
0.00042347214859913776
0.0021161451827165344
0.003966975057825812
0.00012058275773558309
0.0012653301034446104
5971287760854656e-22
