0.00020867740263590118
0.00017015959432220595
0.0004172552873246054
-9327576620287278e-22
8271071415571162e-20
0.00036890452438416015
0.00011364333299023746
0.001010935989623831
11562996468419879e-21
0.005474880212487417
0.0003853267014421954
0.03270216218325251
0.009323193398478653
0.0011158488812589343
0.051058617057959006
0.0037482852076579248
0.15545031480452273
0.3334465000738739
0.037254267678494435
0.0031080612786130255
0.20377537421765718
0.15087001844680564
27920665187955086e-21
525824263177283e-19
-40850441347447716e-23
-42990105096249605e-24
0.004809613390937278
0.0035400835641643986
0.00018219086503987558
8513235913963414e-20
0.001207160996985094
