-986511785642665e-21
-9828555893983938e-22
-44272360594442475e-25
0.0001549463893041013
0.0002451729829491449
0.00019725678365339465
24419090912195863e-21
0.0007336586823017126
770851113680488e-20
0.004412759650790273
0.07032626885363688
0.00015408394584408522
0.13168534439390084
0.1258646522864393
0.29261950528784075
0.14145138070077004
0.03791041947618181
1650678535798894e-20
0.010893667510177668
0.16735129100805304
23387811916093837e-21
-13376297652354754e-23
-11987784276543013e-23
0.014661650456910062
5239989477591543e-21
23253488761550712e-22
-9742817958375985e-22
5064261633592298e-21
3789828990512344e-21
0.0012513062388422327
13954413299346595e-22
