6403165350948956e-21
0.0016001402236268897
0.001138783883812723
0.001971141309631909
0.0029307882811235144
0.0021520936123433955
0.02227871534612563
0.004613036732363297
0.0054812359740882425
0.01573973781647452
0.0012613031860044391
0.024185045027642002
0.0015163624188098217
0.02836982439491104
0.001806072026464097
0.019810731449309265
0.033515999405036856
0.018357838089316524
0.00662485831587382
0.0169435444090813
0.0023276317758814937
0.00835272190869717
0.0039152824235619875
0.018152886830093858
0.00770569496107332
0.004230219165435183
0.014961383338797155
0.0072068221967725
0.0010739811044303826
0.0013789383671860746
0.007817557745522783
0.008729217470554967
0.008382149700248111
0.012181505310983722
0.011350892111211947
0.017386656429447127
0.03441539383471696
0.004594541900520219
0.005693109904064144
0.0046321072969123895
0.0018180035083826594
0.05612606403238969
0.007664924782559886
0.008725588944536367
0.006179492311464295
0.004347000558859821
0.017078494579229303
0.017543189450125975
0.02222285206971355
0.007316466116613173
0.024024693412272667
0.008853740495685726
0.006811126420316509
0.003536033853002574
0.02739773223719344
0.01227319526413522
0.014752374713168927
0.005551506544326568
0.018034324164304477
0.006031983787893619
0.0034175637759015073
0.0033842371107978835
0.012977693657252504
0.0015554601471732378
0.01519058801493368
0.03644785996536907
0.010840834199385146
0.008660319959738205
0.05780887479151446
0.0024403597795401755
0.009549808699929928
0.013921023158990449
0.02922739936042868
0.0010297895630743347
0.011790068593198115
0.019127765762760353
0.010838726119156272
0.0013045574404892174
0.008966676036734008
0.006133487784947843
0.008432034251444667
0.014134069600617586
0.0005167785014586373
0.0020056752408518968
0.007481882682188124
0.02135841015430151
0.002476315205269935
0.007871036329393956
56620801521878714e-22
23905943330259832e-21
