7056251186865654e-22
0.0012739994949427205
0.00181826094591642
0.02206723059714678
0.006389164625448529
0.0016151397556730474
0.021074706405184766
0.0001121150528171197
0.018518302348741522
0.030115981921026852
0.02163440304424773
0.00728002936575514
7390371882854153e-20
0.002641455753333676
0.03931798170635289
0.24596863698311816
0.06378510409867506
0.018210878767602537
0.0006505428851816757
0.05897267492824048
0.24256994960697126
0.1699712758309293
0.003947674144470922
0.00023419136905911424
0.004128826464020307
0.0012099648581990223
0.002844735521307802
0.0016529515665152938
-5908359119775714e-22
0.011786118219521005
0.0001336852315655517
