21600782842491735e-21
0.00017855473560174915
0.0008614408999958152
0.00013666632099949526
0.0002362368229037012
0.0004954621502283584
0.006067506086479723
0.007708031539017625
0.005054750469359745
0.013851343488641662
0.008050252123583837
0.1290360707911512
0.02890095374080637
0.008314807276781768
0.004438052830378163
0.017368111600398084
0.004733247669637082
0.015051807808774388
0.05964420984875284
0.09490149645956668
0.01378280571986874
0.04288564978224418
0.0032865591323980882
0.0010369238055141588
0.012949325604452411
0.0028397958249751273
0.004133513705245648
0.06487069914069447
0.0005428475668892207
0.02389262956971613
0.06610096166214598
0.014978615989188804
0.00022650357986827023
0.012486679265139515
0.0017267253931036383
0.00896299567174637
0.00024490356745798006
0.08000848131068351
0.13339345854676432
0.005007085067096643
0.04016450322915158
0.01169820044948088
0.0008678319277263261
0.0027114770830039604
0.00029131971706823607
0.009299689522393769
0.004337749828386745
0.0015376188544563361
-6359272387632911e-23
0.010947907661127944
0.010655193201251844
0.002022966532404201
0.0015731836935846848
0.00244524441736017
0.00012821508999403161
4177952602630679e-22
0.002910781238978714
