4704085596941895e-20
0.0004754979240447657
0.00017560544733344555
0.0012293920480478623
7114761588948571e-20
0.00026566749370575453
0.00010298202593328332
0.0001779762422269086
0.0007965211458334466
0.0002840002476350355
0.00016131301006135684
0.003936293425725094
0.005946246659704721
0.0002263985474973724
6122662528408173e-20
0.0004106056888045799
0.006198502297743153
0.02041960667958064
0.011598253355671016
11511440493010137e-21
0.00034303079166814264
0.03230295071715286
0.12155974230755023
0.014739118460984392
0.030419269164900717
48172445615259e-18
3785464621758394e-20
0.017537768502802226
0.023144694433778992
0.037926379934184414
0.0177374436084147
0.109143366390178
0.0015260177843382512
32965486439080685e-22
0.00798621863750568
0.03906594342799877
0.053670574461498435
0.0002917704151900812
0.0007498425422256696
0.020509916519541996
0.0025778305717754774
0.05668808792767275
0.07640065905619643
0.0061490908395369
0.0031977775538809426
0.0012503758033852103
0.00044040145181599086
4411034969453651e-20
0.00016806218128671388
0.03220295841513343
0.03381400279442536
0.1683543141552542
0.00104957809689839
13388210440097048e-21
0.0001691980598825139
0.00127786854847575
0.0022523703031099816
0.001653765183273965
0.000610750202647036
457376031759708e-19
0.0011969253012416282
0.002041227205685288
0.001578484325184892
0.0016418949823782867
0.017294501829049198
0.0030835345445198226
0.0005011472946334816
0.0008893971827443249
0.0020661328209731133
6645616226824298e-21
6210718267254736e-22
