11391286752210438e-23
-7637837101876801e-22
4933516487574659e-21
10064185064747228e-22
0.00013571685934596396
12010654337220163e-21
0.0006310021840005265
0.0009602825305140918
0.01610386661272373
0.04942266028745167
2938052461405566e-20
0.006342959673427149
0.18683198497172063
0.00020569849653530501
0.015255801371212008
0.0013074593287795882
0.5277086333970498
0.004471883434192111
0.156041982266533
0.020464026711904327
0.002156965258516779
0.0007026260202972125
0.000304411391741025
0.002329432169920879
11410953312611532e-21
0.0030546261811580182
52441774504574544e-24
0.005509611836734938
5309914586711702e-22
6233929256618122e-22
-93000633290911e-20
