-27020183795394213e-23
-11380298567921443e-23
7786757419465234e-22
40324564581840407e-23
39829789987103424e-21
0.005495706856889587
0.002926020550230949
0.001063281055904683
0.0023408992656266843
4495511516293707e-21
4629243393676276e-22
0.0002650311161197297
0.06162998932351506
0.044766387423768116
0.26027676196390737
0.4696802089553809
0.024363638467717098
0.034283784594903666
0.060684604889632565
0.007509970152238867
0.018477804277460888
0.0004728598183707258
-7481532553807456e-22
0.004160214135883281
5015941414513282e-20
3212022755963653e-20
0.0007518806239868425
0.0007234016162270502
6104774671865383e-22
-19026339029366185e-23
170673027941166e-22
