-987981570358427e-21
20576446873462984e-22
3890732991208088e-20
0.0005710863409140438
0.0028337559461818485
4066177732775502e-21
0.005473282850964028
-6537365462780304e-22
0.001246089370382494
0.016655915044246978
0.0003778273707923053
0.08589091359057713
0.00014763064792265197
0.18696228661605957
0.2520944977580727
0.03217372972011334
0.11973689695422333
0.05347083207924852
0.04091470024595806
0.19482947424620878
0.004768596028630835
3799348442539747e-20
13391786518936672e-22
0.001453598673683118
4910797021447564e-20
-5395144128842492e-23
404919357883531e-19
46670938290750406e-21
0.00017775783875719723
2287409620644489e-21
-9772270248848815e-23
