21269159345953976e-21
0.00013669928814956093
0.0014286543705407195
0.007262835927661295
0.00014083794335625408
0.1384682820724858
0.005522057681445982
0.0011662249477212567
0.11453296223758774
0.04264966428315838
0.0035929103542549994
0.07540852896513948
0.22402477694147513
0.2255031245033557
0.043737544084380874
0.01747179181494512
0.0026583909310582414
0.059576804281750405
0.001982588944667109
0.030618544534763294
18888306470053311e-22
0.0040900983135408716
4401740363879513e-21
-8821517950997266e-22
