-12353983290805595e-24
-969377263055574e-21
7986135565860088e-23
0.0001175604285138056
4962049637314034e-20
6458722442571802e-20
0.0003270927998228784
0.0007732792384909045
0.05554706491455802
0.10876459917695039
8302581469288774e-21
0.02404894576004487
0.038092672189489064
0.22415991873690969
0.008866701763818347
0.40670522578098606
0.024317103206387927
0.03406575221818137
0.0005695997986778999
0.007114146911905182
0.0021649932395490933
0.05418826344059102
0.008350822532649642
0.0005281318450783644
0.00012157966515845975
0.0008225733980100959
0.00022529679002163513
7548166506142226e-21
-9884836479737933e-22
4910328776139398e-22
1701609207076678e-23
