1510225200685562e-22
18913654380025623e-23
2588563888018112e-22
2775556470089883e-21
0.0002082346824420049
4672905293561765e-20
0.005506976649351323
0.00011881954881032419
0.00026606673394246363
0.06244695741466318
0.014375214215543808
0.37264820737377413
10451887964639343e-22
0.008556307091751944
0.24906676582725484
0.11710093521814222
0.0007214869988896202
2661163569265007e-20
0.00047611500124507153
0.09208122641847206
0.07247234564596432
0.00037578452417547374
5959486996234342e-20
0.003313545128472785
0.00012826641610118303
-27639973292299173e-23
-3338085737518578e-22
