0.05031352241858246
0.003841105723907216
0.0014454810711940992
0.007048130333257573
0.0013453435570482159
0.007745169256977298
0.01529376624791286
62985319393516e-18
0.018681335313151724
0.020010472410171325
0.001604253204619416
0.06442676259877864
0.004961438312186347
0.011350913404279359
0.03674466304592357
0.10478722029039923
0.0030939989668860453
0.01992043220606041
0.08023601066574196
0.005587418466647802
0.05411776827503868
0.0004200881798197862
0.00027801784871082957
0.028924117125235037
0.0006972803813675496
0.0016390952579959676
0.07091625978742938
0.004148592599647823
0.0004372549987099306
0.09602015962004745
0.0025665812482431726
0.03610348871706744
0.07270573832699632
0.00020561736645594207
0.0072181486461289695
0.0013923739331277935
0.03109063994031426
0.047445878459977525
0.03443871547514854
0.04814805438072409
0.0018051727769002905
0.0006920254738068638
8850836798733608e-20
