-5773873264589154e-22
2992635055927032e-21
0.0004214970499382663
0.02099998087960191
0.018326379116744094
0.00011017888973001423
0.00613957734307975
0.09513420764893336
0.018154507571241364
0.13859545878808624
7257943438845684e-20
0.0019561656301533194
0.1891578146334
0.089824587785873
0.0009626569220286277
0.01079309105665564
0.0022817141126600326
0.0034573491373522712
0.008892841394511044
0.0014000571147351046
0.1436481714236459
0.12937453226177129
0.08394951175433826
0.0130755991135098
0.015365315015133774
0.0015863887924482032
0.0007583859024025108
0.00029433876304228165
0.0028533395525454203
0.0019563991222078534
0.00045495854211247995
