-7013040362051626e-23
5140782239989079e-21
1150758246960002e-20
6317257377324209e-21
5743524993146562e-22
0.0006054289862343128
0.004396274955500513
0.034382995724734175
11815370755130684e-21
0.0008888895097088803
0.000456721083282934
0.01682663781820466
0.00891682491583281
0.015578193290557627
0.00439232288688492
0.004970907733216278
0.014474122090204728
0.008839938457529735
3670559690609656e-21
-6372941922860876e-22
3259997941891085e-21
0.0005641157596861588
0.022877138820819185
0.006169037526326091
0.003146237422615077
0.01183889739998417
0.006180670867620243
0.002347757158317711
0.01793244327806016
0.0063949231575956035
0.0025164758864610927
0.0107603414437563
0.0055252719112903
0.004842223074075391
0.034345875602480806
0.2280759667675013
0.2747430317564011
0.010875506840407334
0.023148914865418445
0.002781202851022679
0.00019348041104828994
0.0010521392812916028
0.005052726213073748
0.0070335554612782816
0.014106399207425483
0.01893564316080443
0.04861192999671079
4016042497315991e-20
0.014368193233949528
0.00030364148580963173
0.00035423832279698553
0.003870483801870986
0.003167143564759459
0.017232510779965727
0.019857649590923482
0.004010054523746369
0.0005443848465365149
0.0009659045224189146
0.0007433082914194596
557684180823245e-21
0.001921598840289213
0.0025101074995099635
0.006072695383999857
0.001124925858140721
0.004934426946645876
0.0009229574796282729
0.014431986854015718
0.0023129502878178553
0.015487377724860018
