0.0036347770181507835
7254544382782649e-20
0.0005842237518761203
0.010994652749998628
0.0009506909993876137
0.006130021701929975
0.006184847313584952
0.01016153703039906
0.022247501388564104
6796451695894973e-20
0.0032280844845245372
0.08252531042424877
0.007711389045441842
0.05328382852606432
0.002109605771269842
0.02695520860260111
0.011229434679618521
0.03718519459285594
18481458427250102e-22
0.008794990335490352
0.00763076628955225
0.008339712474171949
0.005978310389577673
0.0022663821875253407
0.007235364991242343
0.036686221922921584
0.016858975347427745
0.009774725722509012
0.010386051392829743
0.007085780309840355
0.017260336263391858
0.008137331158695743
0.003017029812808023
0.004260334527235237
0.0004441699527329433
0.0004620357139550811
0.0017318051908809513
0.0033364210343852607
0.0038210716207287753
0.007474942793945606
0.004270575382051221
0.0001325453457803813
0.026782415377835333
0.022948424026188585
0.006995488120281943
0.005717978247999889
0.0023656364122325215
-9261873682810389e-22
0.000541005081415174
0.0006922432463238011
6097564601961368e-21
0.005751351688142063
0.007328380619221844
0.026874983391077665
0.038611920378825854
0.07084961273153886
0.01635096519066198
0.04432832772113889
0.025075182577472988
0.019515746175119534
0.011535868337853352
0.0027493450770465027
0.002966517792920098
0.00247646509432599
0.01753085515788098
0.00023689107301864777
0.0006755106794039511
17079750530721665e-21
0.0009047278443584273
0.008258261959009573
0.010309008673033256
0.0005574124875656853
0.004475182677768054
0.01311317016724145
2961303797386581e-20
0.031181953113346907
0.05472823740117246
0.021764288818402908
0.018889960691821892
0.00438395182408259
0.0034135854033192064
14041882731274475e-21
1117562297308032e-20
15409117788057897e-21
0.008089509956256747
16759911003130615e-22
0.00012184772860611224
8152298377911414e-20
38039295168637705e-23
8717055220159099e-20
