4346739799507674e-20
0.0002453999945495808
20110824901422135e-21
0.0011956049679661017
0.00257777642269525
0.009378806993780246
0.01452652420663348
0.0006573506790657872
0.06064903898513197
0.02319131179898361
0.00803329931174812
0.3189624527714024
41101013099573934e-21
0.0013399947371180413
0.2996793101000747
0.12829941333096712
0.07529438601337017
27361359239048124e-21
0.0023646288815698624
0.005669736574978464
0.03178379621495865
0.007151873545886952
0.0011606175619677458
0.0008575857155398641
0.005368779909748088
4413928960767192e-20
0.0004748328027418403
0.0009619567475396154
5997842988601821e-23
-20725617533886325e-23
-5108755148270323e-22
