26901253178714456e-23
-4943949980103741e-22
-4601318212254416e-22
8809506039585114e-20
0.0003079052498287182
4764657658681774e-20
0.00035083940964863704
482398541457911e-19
0.012799197636716365
0.0027145245841540557
-9083855766485015e-22
0.007623520812400927
0.054654605608990096
0.13880508573357153
0.0070614235823141
0.13793303588908742
0.00035563918061852116
0.32649527102665626
0.08910860693396072
0.14670294359433037
0.019663994412667713
0.026975854949864802
0.018351101445569513
0.0034243344421871886
18541630127388241e-22
0.0019002935343642646
0.000284647368222392
3577517029958386e-21
0.004137554362977399
-7154275842623345e-22
0.00016251639814620104
