0.0006251396565718582
3844343716549771e-21
4971727509810663e-20
0.0018950625835510207
0.0014227765748244978
0.0007485365743110958
3270242878696726e-20
0.009091658849438935
0.02327518944881396
0.0005578002697085164
0.0609638603515014
0.17678184962840554
0.2670165110473942
0.010440393889285299
0.1313796355103068
0.0015658207038817956
0.2534249764050342
0.03682788835054029
0.004540473204170259
0.009696783308283736
0.002140805360474051
0.0009470103994866723
0.005301371883054124
11410773336376803e-21
-5316663295110008e-22
0.0009475642204038209
311618209646676e-21
0.00028812742086489285
2365865435916479e-20
649453006958169e-21
-9985204912089778e-22
