901761231538246e-21
-9420053899277597e-22
5439075336010094e-21
0.0014343442242037722
0.0008494680040204831
0.0002537425865133746
0.008570445004540149
0.0016469500116412206
0.0020752855743451804
0.04967456632109299
0.35163327036415437
0.24680890544104964
0.09832270236816175
0.1311843367156423
0.011815587821943788
0.004252021923212427
0.002357924177268569
0.050555862517325946
0.02247342583510199
0.011651903431258041
0.000961724515144974
0.0024362130296805735
0.0006426454475391224
0.00039327585498180265
