4856796553305678e-23
-9931115081012002e-22
12852519149300732e-22
-8771010703749817e-22
1233848159935422e-20
11819984696784367e-22
8632440101106051e-22
0.00042830810010761357
0.0005804634718358652
0.0063352519027562205
0.1570954772092699
0.08879337978365481
0.0203941421229501
0.03052070879431146
0.0013119850340284874
0.06271565480937581
0.12120606803247103
0.013354655668226011
0.006484364949406202
0.23300873548631806
0.0012175985303989145
0.21193682797228783
0.0005813978564951579
0.004963421947262406
0.01701973284020193
0.0013522229637821484
0.020589758616098235
5300278153602399e-20
20841724907308585e-23
2389150824523629e-20
18893870350393444e-21
