-19504559910750326e-23
-8085510967111592e-22
28235825625643093e-23
976155446626519e-21
21651016463388937e-23
6775344407678932e-20
0.00012269543251587948
0.00013151682361926592
3882017347036398e-20
0.001665530211319076
0.0003080332822762368
0.0001639282320097661
0.016462435862625985
0.0320235762554057
0.016976352957901238
0.0001355853116250758
0.16568573059573077
0.2905381642040442
0.27258329426454914
0.03729141096474041
0.028072771655882747
0.03706403307056423
0.09762853935643107
2753776165676096e-20
0.001072787800042733
7701248224149746e-22
-7573144658723771e-22
6592525230534484e-21
6190402309804595e-20
0.001868814712311157
17068413445599728e-22
