8518043651399423e-24
0.0072347718475801156
0.00655009519250113
0.006728571883786719
0.005917480094336377
0.019419804135556953
0.010183029822376684
0.07701119740794253
0.06154266751841616
0.010643768729098694
0.308752583984765
0.07159889108814545
0.043357512470959224
0.0065958018610487775
0.04606853744184677
0.09287221488228736
0.0020065022622900454
0.07378304005438141
0.000350717024425424
0.023462478045432507
0.0011132119104263797
0.009367972802613159
0.10700705171109981
0.008366109498781716
6607121698207544e-20
9825546616964409e-23
-1896605904184638e-22
