0.005597918364248728
0.02478422375115387
0.01840701248595746
0.0018883374881100861
0.0074283296726655
0.006295587764950274
0.014066640951682401
0.004595284010767136
0.00014582567130218448
0.03325754059861524
0.026428497676818832
0.05313486835012686
0.17066334863338928
0.0004160781258271922
0.0004404469284984378
11855020414805023e-21
0.0008926476237241789
0.0018888814136928753
0.2745787364870738
0.012970220715289688
0.0024264100007553337
0.08243852936262057
0.18702937629530134
0.013471081484001694
0.0004624683976467162
0.0004731987624462326
0.005307550152330029
0.0021359495671808993
0.0031429900074146596
0.0029375006163332093
0.0029057677345160344
0.003341060627049174
0.00281069915978471
0.022733583480370727
0.010491552617940044
