0.0007202377996464292
0.004318403815334464
0.006157015676460483
0.0010460117600600133
0.0007696717837962882
0.020541575880976874
0.001678790338095052
0.0250391375482432
0.024786805119244484
0.00890402245018558
0.003865486593334998
0.008572433581456491
0.004545256085507877
0.0033454892110973628
0.012315393184976353
0.01946648777711805
0.018804947590374273
0.01929861172885326
0.0015483660776228515
0.02226482378858504
0.005322889621149576
0.0039610831896581735
0.022353385622571862
0.02480002200938893
0.003702502485050309
0.005064184850203133
0.017247231423411696
0.014057215592181482
0.029280998720484463
0.011071233968988197
0.008480027130186694
0.0015826946919403264
0.00933532130276136
0.0018943630108686216
0.04655680850582837
0.005088337351985424
0.01294726926467189
0.0154362007864829
0.0012189112612757487
0.023671853438127895
0.002173782751737142
0.0028394685599195365
0.017734070880970634
0.0028893610965701018
0.01079110322470896
0.006834605695293281
0.03270847899934109
0.0159335251860566
0.007994512677701671
0.04158700708045698
0.01379276372619335
0.043690835738682286
0.001613207529800512
0.017492773002822704
0.014614662975771088
0.0024364485508040967
0.010314555648510682
0.003245049751142833
0.0003901151287340295
0.007237096246131022
0.022110543715108746
0.00031887766812448083
0.024007848364636424
0.013138463445881886
0.01348399358397349
0.00040630018379829165
5780320797064207e-20
0.008398449529972717
0.0005656287914499945
0.007679191082650222
0.006691325593626643
0.008575058755351138
0.001969000949281419
0.0003945459065413248
0.0031624251190409186
0.008286195597255876
0.0013823029623102907
0.03207660380609858
0.007284602117553756
0.013594598946269763
0.013400511472014844
0.004941089552674522
0.010420906420362456
0.023147953321223092
0.014672044741129278
0.0035536529862015206
0.010472009745705385
0.002407117230832326
0.011252887908018339
0.00477314082540661
