0.0003545256796422963
0.0002871669955643881
7085029929950552e-20
0.006676843999364239
54009874969777394e-22
0.0045042273151439625
0.005399515200599518
0.0025630620728269485
0.04310762344634417
0.19749974664225656
0.005094967453647104
0.013598523340313485
0.02506793448397995
0.2902042922477545
0.03550394910893184
0.04275947174647502
0.1908272660586615
1641842853540827e-20
0.04366213615591054
0.03506248476076133
0.01494871464234078
0.0011709213163187079
0.0013627165550106901
0.008313258429300701
0.015613898265628782
0.003983684594872969
0.005310664920154842
0.0002115728317917437
0.0063984957331917345
0.0004180013606409376
16649272387919577e-22
