0.0009362674386933066
0.000328323187741326
0.007537036277505285
0.002281128351323048
0.00562129989335136
0.01095231104041795
0.002665909454424807
0.06252216436891374
0.0003753748557620312
0.039198516371126105
0.009675101967626455
0.0422607140488849
0.03865552183420482
0.00789041043989089
0.007566125178172348
0.00019615499150222308
0.002629607461458993
0.024314083285158765
0.0003654298331491689
0.006566997470926738
0.01319143863010991
0.011564866561620934
0.008946276304579656
0.04188239458638177
0.0004501865117605624
0.0002682425882028566
0.0003015715398004279
0.00013806582410999705
0.0052509636070456915
0.02146177458123557
0.08755211225902625
0.06550016025461351
0.0570526735604062
0.039640799166018564
0.02341296598991255
0.0008620192192854429
0.0034903383805802756
0.00019836607211073243
0.0357820317927847
0.07852749329669743
0.0008021325578634368
0.016702677264937897
0.0014841510183371182
0.0006854754243519859
0.013684483224692616
0.03465041018145135
0.07930595724814063
0.02505683019557894
0.0016100740494613503
0.02595085580347845
0.0040449633910170976
0.022610443391429046
0.005398193965626685
13380711582841598e-23
