18686506161780433e-24
-32627476454108845e-23
9075645024794003e-22
0.0010355888747055945
-994907815552376e-21
35216405159339262e-22
2442162313263494e-21
0.0016502702088784045
0.03990661153016578
0.00019844890461456316
0.016556380506336496
0.0007636200724977989
0.0028291180642554085
0.0008114393656643078
0.0030171428479446568
0.0028640800878567047
0.12562932341868896
0.0003722495413880038
0.000919857709432369
0.0825803059474787
6203768756856385e-22
-25653716308987223e-23
0.24356347351780816
0.1952755739371029
0.14865466407411274
0.10747628177765167
0.024222090980331186
1323134485907526e-21
802249117737036e-19
0.001388031326244945
0.00019796654961062526
