7280050449329608e-22
0.00054524565133444
0.0009718889455592453
0.037448561818562806
0.004526013002673294
6999210890162954e-20
0.04853471151619451
0.0355575474458671
0.004469240714682485
0.0027538193687833006
0.02461153464503395
0.0011658861939090588
0.004492859484888761
0.419803667008363
0.0011719459365512916
0.09105855838109286
0.1172263251277695
0.048048048368927135
0.003118575084240406
0.06979400080992283
0.00034686840937765185
0.007735865312218773
6254135513367568e-20
0.0003119084186601485
0.06051041572534254
0.004093787470618045
0.0021187663672156453
0.00016763256203304572
0.00018671760713937383
0.00011198771816773855
0.008984359435790448
