616174267822458e-19
58131445549736695e-21
0.0001248129620462703
0.002223967240270213
20146794241286702e-21
0.007051743496552951
0.0025876047859780117
0.10955753962553745
0.017973817095007286
0.02335544255022465
0.03962673862552302
0.022942336740120514
0.058928473844312206
0.018864243589922013
0.014902285075658286
0.0581295670527199
0.0005995082857501736
0.0993493607514926
0.004116901514655868
0.006697792931928699
0.0005879262507426349
0.027002048482965023
0.0034313650443212732
0.04928226608047687
0.0009469815017510257
0.048386685257549064
0.04831262770964098
0.08838188056939607
0.0008133332005266365
3963417663587962e-20
0.0010542970298546043
0.00669361151965292
0.001919288529152796
0.02537723991822387
0.010698343791293361
0.0029731504639565936
0.007381532703059414
0.0006078131335826517
0.14701034738624882
0.005198857801990539
0.0010627612960679813
0.022169195494786912
0.0008351325046059697
24763152939554912e-24
0.005286300559534802
0.0073753229965570054
