0.002902698845219718
0.0028958782570674482
0.01171296064237084
0.0075080226898445275
0.006988510591774466
0.01119687305184669
0.0005229106352708018
0.017212841709971866
0.010920251640945297
0.009077836032870523
0.0006501689342478574
0.0005248899911722463
0.008850510660416623
0.0013905520981883472
0.011562871165520615
0.003919393179387381
0.005429856504904032
0.00571409277330331
0.0021803246227563196
0.007998253293439459
0.028933490989694152
0.02113839699798559
0.00798412775981618
0.006471339157300595
0.00626709646243822
0.004878367296042094
0.034832941660541315
0.001962797847178414
0.02452318730647446
0.005631847633636466
0.00278315946352551
0.021320835146013444
0.027069900203307237
0.006690878580616188
0.022857174929326318
0.004809242685518781
0.007855572638440377
0.05900918596505456
0.008121426599633172
0.035064938997150456
0.005680511653483985
0.022209308591244703
0.0057082837526623055
0.0106009705982218
0.006103036898014975
0.04061596659338552
0.013979626689556712
0.0015426980824545778
0.01801176686662452
0.013544706529640193
0.034388716681889225
0.009382426041776437
0.020663075352020725
0.006026460958978341
0.008255240865208468
0.0031074385873128794
0.0031481842579081194
0.0031249346462720756
0.02907837858064772
0.008134408928394494
0.03462672835011454
0.014245823503542176
0.014851676787026997
0.016093158581141496
0.0035009600495026667
0.012738165980834642
0.0027508654738155995
0.001982196987574142
27534437180538557e-21
0.00442081600305781
0.006908341906002257
0.0015617151616624898
0.010047061310222977
0.0023164695573399366
0.01660996357544134
0.01318096772803371
0.022545023250940308
0.0003454056350710132
0.024672562423188386
0.007198898298594959
0.00355378406277436
0.011781622944384656
0.015450199999359393
0.003294754193029096
11112321068493594e-21
0.005099962838254927
0.0011096118977681688
0.012802163799857443
0.0055956498073757655
5056339929952832e-21
