0.0002810096534295001
0.00017609456576102604
0.0023448308999291546
0.0006099803238508474
0.0002651792478867843
0.0035841693292679206
0.012098854850340892
0.001570175203110604
0.17906308882848865
0.04903040563458483
0.23236527459748835
0.01855252817850195
0.0006572704079135872
0.020637468781445813
0.008601112736583112
0.013368887278457909
0.0006640996700688023
0.000684094077573086
0.0043362007908794966
0.014631817831468323
0.021299649503900744
0.030894126330921378
0.0027617897345921755
0.0011665093664859484
0.0049840832692969695
0.026513196353569492
0.0005951426087803868
0.059677146075220414
0.0030167063286083142
0.014085661521027528
0.1946573966303205
0.005079916345725869
0.0029997462335821326
0.009879033702501108
0.015483908911953113
0.00022660462111483902
0.004221040315503567
0.01545235730797195
0.014950770483465114
0.0068543346976704085
29377330633517662e-21
0.0013417655230092125
0.00030719391711470746
