3449117351569045e-20
12897981477463869e-22
5171541036591474e-21
37213743781681425e-21
0.0017973157635288461
5967232638085952e-20
8843641603491014e-22
0.03776312112186845
0.00033601193204832664
0.01806424528919444
0.0029231019660302003
0.024794659850715856
0.0007510320412983935
6969771422463311e-20
0.004070133341915788
0.04938092607137956
0.0011479467935087977
0.002007105452476837
0.0033255254465378694
0.007847966413141715
0.0030429110995912737
42296502679665596e-21
0.024231542478817276
0.00415988813169733
0.0006744589766145484
0.049159467990891284
0.0001758865149681327
5634146720990682e-20
0.01539152251324125
0.005795107785633495
0.00017371140873036035
0.033748655817136285
0.00396434295976034
0.03152569217042374
0.0001498820863457843
122691640770935e-19
11822309039793113e-21
4200006808707014e-21
0.009225338886187512
0.009394955766911909
0.048727921904248316
0.0036754504056960902
0.037230482249842184
0.002372622723791611
0.015343920458862159
3582645737350517e-20
0.0016875882774149632
0.003920624704845647
0.01285743186012156
0.006842574468137729
0.0011151234095645203
0.000507244844787861
0.0751763196400165
0.007108082033478846
0.02084212448701332
0.02087829655420703
0.0037449532786904514
0.010867658412315092
0.007300204336285549
0.032000817268872814
0.0019809953134626744
0.046032396699551274
0.007060316621190582
0.005126758306443924
0.0038397746954363862
3609761048614974e-20
0.03142587384104799
0.005463409542207474
0.05733584883279405
0.007862499073213172
0.012486819762687144
8353030415084616e-20
0.0058331674872601266
13608816548035172e-22
0.0005304425732526722
0.014658084568514832
0.0169041500707137
0.0036755407645071418
0.000444610130421185
0.046741044386281384
0.008116195370024375
0.010714457473578808
0.00042458965964697497
3913956925979702e-20
0.0472798770133477
0.0010069340842601836
16127505023973693e-21
0.007035112211203528
0.00025036485510846244
14068360446364397e-22
