2850609669722025e-21
3649702823603845e-20
0.00038799157455520617
0.0025183211771658267
0.0012700167264494148
0.0001012389264503073
10003074600140605e-21
2318529787090905e-20
0.011493837990791641
0.0724788926052552
0.031679478893632464
0.016575207895714584
0.015255831780758828
0.0006001730395403638
0.009508922872586712
0.46783267138546014
0.10738669411558682
0.03382218443008784
0.0003688143195073144
0.11826837335636167
0.0007954146861968778
0.0013503038366016935
0.0007066213197473276
0.02806802043890096
0.03499661087888991
7987718454937599e-20
0.01428237567348382
0.024059664297959676
0.0003790866452668316
0.00566183734440439
-9994062822173008e-22
