-4606692180001377e-23
-1397439512430268e-22
3906437923726692e-22
5765907897829188e-22
28849663109802166e-21
0.0009976371712492151
0.0005812332254292518
0.013983674335843792
0.0011216570385213273
7385488689884054e-20
0.00023077854509631393
0.00043129524791184177
53870788975465e-18
6713506286211071e-20
0.013652805488249624
0.00035443223864757274
0.003685344446315587
6231341503644393e-21
0.00015964258842723368
0.011654028783805517
0.002708433695393626
0.0035173379476970764
0.00018304456420940908
0.003285391083581355
0.004183633588310653
42437022460227805e-22
0.025290064036523254
0.004104736123214929
0.025003849713252417
0.05993001242957497
0.06104932274746824
0.00366960195130031
16181707248510476e-22
4498329688840392e-20
17501109413826575e-21
0.008775468765038971
0.03295151270897571
0.2608544210409466
0.015216103106706631
0.001594059661885295
0.00027199165572965484
0.002037380537649653
0.05043516418624539
0.0029222089074151976
0.0038778470182469268
0.00030719512410227383
0.02931210211489273
0.0013460116302800547
0.19039040954194655
0.00012638227325948936
0.006571162761480889
0.029779695412910548
0.012274883822629881
27040231902214575e-22
0.01729693141858591
0.035049839899411905
0.001485564069263505
0.0008396545924992623
0.01751523154502368
0.0005891976270897452
0.006194065078851203
0.0030277612309745692
0.02555244371047369
0.0023243307279773445
0.00043735807190914075
0.00033755074802876034
807910975567347e-19
10554344948371954e-21
0.00013394342700102002
9238667868210973e-22
12781373019793178e-23
