24766065555100126e-23
21321732792786385e-22
588137896442381e-20
6429449301528718e-20
0.0004702091300304717
0.0008388471228089093
0.00010165409693865041
0.010539695898967432
0.002947211154227779
0.003016279295505338
0.010106521266769055
0.0034286285246093416
0.11357693336716607
0.01963423200206595
0.058140730807499756
0.023127364176148666
0.007111045013290663
0.0014190434370175747
0.0008365398012612569
0.03478944383302189
0.0238646568183052
0.02068999562973236
0.023196148820786095
0.0006009588853870155
0.0001196516881989456
0.030953669140141013
0.0017606432191764833
0.0377140192415671
0.022760210972429626
0.0012656150159908825
0.07119252008356973
0.07706972557467806
0.008682184251006876
0.0011233176475016191
0.005717331926799452
0.035911470243317714
0.00734457327566455
0.060292493719437255
0.034962989241077845
0.05272747093770591
0.030766330202784888
0.0008491102813444322
0.0036828563511302143
0.005508743096589519
0.020800285225530808
0.028899429082665063
0.009097025497861072
0.07408300711621602
0.0026835066014295017
0.0058845846357894
0.0007050687280720825
0.00020861465886841746
0.007503806120675585
8904542954457855e-20
0.000885629000159998
0.00021317959525547265
33294760876883495e-21
-973505109489806e-22
