0.004235421490162882
0.005412663886469897
0.006921685251085938
0.010151869989333583
0.0017079104049216502
0.018119822325772545
0.00973333364299792
0.05961966107408828
0.000539487953607586
0.0007210139460711824
6257208660722217e-21
0.0869518161377197
0.07726563816150153
0.0015461464789345402
0.002118187553630053
0.000656513802389453
0.13909427046901537
0.034882083246478526
0.1281935645215252
0.012875032187502754
0.08721734519240444
5826567206970029e-20
0.033828752380055116
0.0010486538408173824
0.00585498952981127
0.186775374534691
0.0005895668327670523
0.004423132449338494
0.000240153324329598
0.026866974438441434
0.0008298512288431485
0.016633947059664922
0.0022068102461153976
0.01810107757812879
0.002169728840232274
0.009214527654500544
0.0010779812583543412
0.00033468105085738317
0.0004921539610474304
0.0012830939998113588
5591958496234172e-22
