11681577220942416e-22
0.0025093178335258183
0.004692466527384344
0.012279641704694724
0.025811608396579665
0.010334520584540992
0.01482747881970891
0.006628264315255849
0.015779991618621807
0.015353930112161523
0.24770739843889286
0.0013996352151219014
0.02431835277556374
0.02131131482970709
0.03209444862210393
0.0699398980094334
0.015921576849569317
0.012866965576267004
0.003457598216137183
17598770177308742e-21
0.001976819523025879
0.253713199783006
0.07602767127861433
0.05936728642735526
0.014918524517935175
0.0458761997227049
0.0003998547088167339
0.0008527036315553573
0.0065802273869419985
0.00303524930869188
-9116618168911449e-22
