940881461809058e-19
41645837487398e-18
0.0002563001751168291
0.0005908721716566131
0.036536207539149025
0.016637586364209058
76416262055358e-18
0.0022177514807285546
0.008905967206238583
0.004045677375726292
8491028977387881e-20
53002405833475005e-21
0.007340999664644829
0.016907108000881077
0.003969935907405493
0.008154400324148464
0.011361314077662894
0.00942834831059715
0.0016726618027297694
0.005848713035733802
0.001308439509292418
0.019162965725557535
0.009556785722935007
4936127978174532e-20
0.025674807569800163
0.005764025618616052
0.1461020547736381
20390213670129465e-21
0.009696526519612406
0.028031163097453484
0.007709691518247334
0.008113004804271873
0.002593785133158483
0.007403552447692651
2059055731323992e-20
0.004252247958581827
0.05835465945874819
0.029305582805809496
0.03406635600051052
0.00897866054665828
0.01082619112662882
0.00010273837837431118
-8796337030820727e-22
0.004460518473535874
0.07212465677086101
0.019885165107226793
0.0024765712901377336
0.08242096198984603
0.004141531072888012
4154290319417479e-20
0.015690669431229546
4961020587609686e-20
0.014210094035221504
0.013335833517332422
0.009682444757958916
0.005129750207204319
0.001086681249379501
31984566797345573e-21
0.013977777330824483
0.003948228636171274
0.000648317434164643
0.0006456976016257609
7121828499777898e-21
9729342504450281e-20
0.0006367328352187266
5226192260418554e-20
0.013582580713589547
34014809528838715e-21
915503266001365e-19
3561959465950811e-20
0.010349965490826642
0.013968133460931537
0.00552758401572601
0.013427793411626322
0.0018096381292135681
0.026330009282089308
0.00013342201802116237
28727627631733457e-22
0.0208911796112049
0.06751187163710941
4112719528707216e-20
0.003078711951204981
0.005681661329347845
0.0003569237433249737
24246091417063614e-21
8411009234869254e-20
10361455299237978e-21
0.0009014193002758299
1454209103402636e-20
12607383119260793e-21
