0.0001278443256431863
51643203915996644e-21
0.00015666758663258722
0.0026192461866727406
0.0014527860287609467
0.0014826210663237806
0.02230325297260897
0.01415080265770262
0.0001121852717079805
0.07749131840068726
0.017992102293943397
0.0024738919998583356
0.02802740260887975
0.010084080566813468
0.0002779208047639018
0.014445206419996607
0.007151686799785719
0.0029761073219982757
0.01772828646515647
0.03804129811808714
0.005962973247259332
0.07377292113872137
0.010246465002391502
0.00016850765319266077
0.003309775207246194
0.11331286753582588
0.01781862221502034
0.006258281010994819
0.029923651622637604
0.060046209316548645
0.02246458765434789
0.0005020920854549225
14101303812664027e-22
0.00013344887010622547
0.014483221554377056
541848666558418e-19
0.019065240656406673
0.1644503036203362
0.00027783459261605505
0.0031338696265832597
0.1092500082766098
0.011885376865646382
0.0008797489947384795
0.005585177402670062
0.022978744391746422
0.0005882035450705237
0.0005074683393214174
0.00943977270729345
0.03207230171254206
0.0012148171365293462
5961693258193818e-22
0.0010649657514635248
