0.0001366531263925358
0.0012678874769834383
0.01472869296787228
0.010614107042019306
0.004156593471174743
0.02596406824170898
0.0012254055534614728
0.07518249141598116
0.02253022326332835
0.007127760948759896
0.013112346340936549
0.023002883759267127
0.08915624530316388
0.0016980930350516026
0.006014751193075609
0.008157168151842961
0.010134974838867944
0.00015010428541503278
0.008659010057094726
0.009938071271559278
0.03646741743190604
0.010394487622375355
0.012138627059269774
0.044927652644147
0.08079221271078857
0.009653579515027683
0.057491096860113625
0.03746517469828885
0.03328546488585387
0.05878753369805292
0.0027949961709331176
0.004182957409246726
0.05247203874259563
0.008507851659075381
0.05572751867097811
0.019336046609435678
0.030834431773989483
0.02379868188380758
0.0131366696440466
0.012300276851111092
0.031135847523728107
0.005580958921301118
0.019087106246657916
0.003072476924955693
0.0013855459094836212
0.0022858161888735197
