0.004681965397485807
0.010535741964019588
0.00036769702451274356
0.009604404950255267
0.013383410582076765
0.0011131283062733534
1772718205898344e-20
0.038010636875186674
0.012093067473918431
0.004026858521237517
0.009987263795069926
0.014323403324389798
0.02936207997759797
0.011014048231977602
0.01729926776665562
0.023141543188573897
0.0077575418722784315
0.015476700271155852
0.003327601062327283
0.002383938787492147
0.001190131049278971
0.019532566958122694
0.008592358118069401
0.052630946573638225
0.012012587388834029
0.0034103509635768857
0.006364168665648585
0.003000875465469624
0.004140821414150546
0.08086452713105612
0.08599404385463842
0.015460619068779307
0.03531165969757955
0.024281953612087452
0.0013588745028366089
0.006700980979970603
0.023305822153129468
0.006553934127794084
0.05828357102787364
0.06252943937561938
0.035439849671816855
0.03807938304376547
0.0034654429496935144
0.011077731150300004
0.022668305301950253
0.01201284185599186
0.050883155292691946
0.007591804928505645
0.024935370328951587
0.022571477009876807
0.0012416848253399833
0.008870444347496727
0.010406034997246558
0.004154667947017699
0.00012922103494427496
0.0013054020277648943
0.005738924603948655
