0.00013870112108910817
0.0011293999520219325
0.0029199763991108194
0.008149349743432585
0.02390105727751942
0.008319622470869543
0.0021344317990951095
0.011759832642028028
0.0008474964768260694
0.011455696517063524
0.0016508941047303014
0.003002806481867436
0.03524877808906536
0.04654792808477166
0.04189383781054907
0.05664154714528227
0.01992330885729979
0.01818536407680994
0.051867745495393885
0.02494493106016679
0.00833843445814914
0.011811782577166271
0.00154660353430905
0.0017582003587886105
0.00806055300691397
0.022387430300264737
0.009745452238346504
0.011292891359449966
0.030931531160403408
0.02323483615853353
0.0540195118002832
0.013403459648142088
0.14393342648871868
0.07610235841248282
0.04063584926896752
0.0036001065096056845
0.007660940314388156
0.01707505327326143
0.02749798159219642
0.01726363362556362
0.012534493779524173
0.05181865497489587
0.006649270559484939
0.016049360643879497
0.011732285193027653
0.0002531931582604114
