2291636143297536e-20
9507354711268547e-21
0.0002365643524489931
6536463007391888e-20
0.00020455593542163404
2431213329848113e-20
0.0001467769027926273
6604361857493709e-20
0.00015875725261433024
0.00013120703717166686
44249613150240795e-21
0.00012354926996632315
2260333981041933e-20
0.00010124757832622148
0.00015515331187442954
0.0002964036127709874
0.0009626134162292225
0.0002488383284659628
0.00010553597829439485
0.00025770212102393524
271265848543677e-19
871218020285906e-19
62154234538126e-18
0.0013518066407147563
25752380278848443e-21
53345948564200526e-21
0.00010248663023332734
0.0004967660243565908
0.0003974010894533167
0.00037192825539901806
0.00027623867171374376
0.0007423239147831876
0.0005794063145573657
0.0009123281727586077
0.000496718862735525
0.0001662753036328906
0.00023822003316269032
0.0007758497535681833
0.00013792373779386715
39684388818166406e-21
0.00010431074758104184
0.00040211434822377807
0.0009496932126402514
0.0008832706862926465
0.00011514760172523889
0.0003716093046031443
0.0008959221196792996
5286004123959969e-20
0.00045646141862197456
702349729025877e-19
17169690316467547e-21
2747424505377805e-20
0.0005793517291329465
3516116094503147e-20
6020250478024261e-20
0.0007646815993089568
256229743717591e-19
0.0002833107005057957
5146448409575187e-20
6236868818207736e-20
0.00047901509655670735
2128249772712204e-21
8084496169082941e-21
0.00022283017459260305
4091359224630055e-20
7428344074966728e-20
0.0010369041748799187
0.00027315891559120264
9892115771765118e-20
0.0005847153846746874
0.0003833577770111236
13750376667804878e-21
0.0006154620854943917
11753975541129532e-21
0.000336778489694328
0.00027278810610354234
0.0001308312287119856
31375970038470316e-21
0.0006996404331327391
0.00019215913677315383
0.0001916239116609872
0.00033854697183133655
5968945941841646e-20
0.0002355219126348597
0.0003804019639791663
9720873704328783e-20
0.0005170957166085641
0.00039747969831010316
0.001256934418730142
0.0004182535723202811
0.00020369220689888778
0.0008562047669286938
314204134338848e-19
5030183404126151e-20
0.00013922123079589856
0.00015106134919576827
0.0002737437210553809
0.00036400972238377405
0.00011126918983298533
0.0007202999987671431
327625340368181e-19
0.00012213435503366385
0.0026562556876457465
2076580225831812e-20
0.0009290211935366648
0.00031027386411497745
0.0015692155574358055
0.00012077672375612789
12664417005476586e-21
0.0003464664463115863
0.0011654341952152193
20635963538371725e-21
0.0005428400487915931
665596615223527e-19
0.00016816913601144367
0.00014107431573269125
40713821658315484e-22
0.0002815855502437935
7116329533584951e-20
0.00011897822181886342
0.0004351992088725103
0.0002521735019293149
0.00018708475107420832
0.00016976152249907056
0.0002936870398801472
0.0008068073837345333
4296293431080655e-20
0.00023719894759504232
0.0001268238089269562
1292655109691882e-20
8559056658355173e-20
0.0004666446703266545
0.00016580754886656138
0.0003666721495335213
0.00039174391448582794
0.002193826534530192
0.0004269695835251417
33977945137462384e-21
0.00011255577964707652
0.00015741395987748166
0.00035741753536867995
9092224316583523e-20
0.0024055526542215455
0.00032380919335975555
0.0006213595149156396
0.0004802798149455698
0.0005190711303887032
4986796698547944e-20
0.00037749565664184386
0.0022317071928963576
52298381458549806e-21
6415065094874253e-20
0.0003339795152858387
9040413852178623e-20
0.00023668827646905266
0.0002794492676576014
15713174771929967e-21
9580671049216933e-20
0.0004983106706353469
0.0005117668167315648
0.00019997877501904882
4793549821217882e-20
28924775233010862e-21
0.00012098460280439908
3217660147560396e-20
29576343728885415e-21
0.00018986804380764777
0.0005776943819789409
47405583652050095e-21
0.0011852720959273193
0.00023973675909579953
0.0006556201579377086
0.0012717161212847056
10937815409595233e-21
0.0006852261759296022
0.00027218817084642336
0.0003149106430099848
0.00010331987675329436
0.000656337770162527
0.0005176437743470121
0.00025745239074553014
0.0004758398873337608
0.0007134998925058033
0.001018011517642789
0.0002130838159815675
5909146714102499e-20
0.001465618393748703
0.0004432723450344076
0.0009358784876851635
0.002277693426390104
0.00043888654853316294
0.00013113131390610542
9960479718302551e-20
491987280857529e-19
507439363941142e-19
0.0001927137211957648
0.00019024483692719725
0.0004352289977794073
8592625076005926e-20
0.0003822853773389668
0.0031717258341461417
0.00013777035385915617
0.00023059825983189893
9424558917875963e-20
17032489318130427e-21
132770843060641e-19
0.0002477613605064437
24242881746446117e-21
0.0003637656736780586
0.0003171633115821941
5493884370140793e-20
0.00023910465404975204
9739226478734708e-20
57247507441393605e-22
0.00020038656693440292
0.0008393840724943608
0.0007521748229486085
0.00017858462917539573
0.0003102973186617999
7551558830770545e-20
0.0003185552316381539
0.0025964564042126434
0.0008910141127441306
0.00019865512667202161
0.001021521874180498
0.0003144663443117572
0.00032658221136036135
0.000627883183929864
0.0008591939122021352
0.0006652972082819208
0.0032703030825356055
5193093410458167e-21
0.0021504696522308296
0.0020417231124347677
0.000859828983652643
0.0038613749615189425
0.001465070452202718
0.0006864868213214012
0.00013922922676028887
0.0033603434201308026
0.00024357577405120293
0.0020947929871262556
0.0007369523226157108
0.0006812905027152761
0.0026779330969396477
0.0004601709242939709
0.0014306812416225389
0.00046065314335889024
0.0006815864917926233
0.0011605018220308015
0.001444172637087932
0.002296354562678468
0.0014341302692624164
0.0022555622493490067
0.00018550939586434777
0.0014843270128557635
0.0005476219634106016
0.00012868321887447867
11447350499777523e-21
0.001024399544143132
0.00022626389824369057
5052597533656081e-20
0.00012143827841664766
0.0001767895457804642
0.0009466922977322594
0.004166437946575892
0.000490870043080656
17803688804764652e-21
0.0049048445170329375
0.0002461077844757266
49761152199039064e-21
8437912714166945e-20
0.00025590386527160044
0.0011857083957127917
0.000876645815164027
0.000255293972738126
0.002436173600602865
0.0024768270291606713
0.00020369379784548506
0.002748533225602983
0.00010724709982595138
0.0011258346048593616
0.0005280541319563205
0.0003280408192471632
0.0002678530300726348
0.0004068142491562937
0.00019453558257709956
30119574502226923e-22
0.0006825527545573614
0.00041869335700473164
0.0005743362189805363
0.000891969049537853
0.0002496505491821013
7112752246125233e-20
0.0023222603279031075
0.0002251373247717163
0.00032444567221307023
0.00021859437733060615
8672271774989259e-20
0.0002682039718136946
0.00012730811436219834
0.00030797361210119293
0.00015884995833839524
0.0001023512739641497
0.00014076917071337367
60318628557217545e-22
0.0002526574071258945
3383006912161534e-20
13951572602898503e-21
4749057343373558e-20
42752880499654457e-21
0.0001702447890855153
0.00013401012655953263
0.0006935364668250245
0.0004384715096572833
0.00012921495723323904
0.0014039402367068848
11193695349484438e-22
0.0002924670113553749
0.0012387265421238709
0.0002449051452494393
0.00013984044336515269
0.00015716279283164942
0.0004389258233855542
0.0006326172539524559
0.0009186161770601037
0.0009489774226345419
7368519280870392e-20
0.00019682840640384023
0.00036338483716312215
24711471474331196e-21
0.0005508373198236983
0.0006874654156510396
0.0004415915805593615
0.00045217029664562425
0.00012446308585627297
0.00010115936832525412
2447773265752309e-21
0.0005659575343385111
0.0016401337280980864
0.0009232203891152257
0.0005826252457869451
0.0013109508710515347
0.0001231728605657949
0.0004154865119446033
6638472843950363e-20
4043308704556307e-20
0.0006111225845539295
0.00015689950060099135
0.0008773841713884153
0.0007136629893267109
0.00013721541282850992
0.00034869649375302307
0.00034136370124743427
668619572320709e-19
0.0007429551284411089
0.0003435971020582251
876617398343658e-19
0.0004900066714995658
0.00035269102326740913
0.0003228461188297074
0.00167510972456253
0.0005648171591674669
0.00043749381389266887
48236953193424475e-22
0.0007530039056316634
0.0013671797325793265
0.0017365282517191373
0.0009499806597721482
0.00026156877532365424
0.00040109161986169524
0.0013030961700830064
0.001151294166820728
9232983579914432e-21
26466282810728395e-21
0.0010156347782948705
0.00010885559523850416
0.00030159198702504983
0.0026199227468300438
0.005650584246118666
0.0020024497589495225
0.0010918752673190635
0.00029494461550915813
0.0007154737492024736
0.00012144058752386924
0.0006043189283029472
60719936009080294e-21
0.00044654782409222815
0.0009536000393635699
0.0023413031013865067
0.0005845647341017963
0.0011870098336660918
0.0009310619918563727
0.0005523322314996791
0.0011558245364547176
0.002368093510796891
0.004313240070943798
0.0013278150039409764
0.0006801191173018495
0.0016426920226219662
0.00212694434057028
0.0016147847456737465
640954501298651e-19
0.00019824525106781877
0.0002710779523011365
0.0047492749840457515
0.0007781982521506243
7166339424179966e-20
0.00021369653712158783
0.0014839975018591416
0.000319990359651707
0.0005054466627765833
0.000657377863089328
0.00028428225871052204
0.0013451097225577998
0.0008698228602232154
0.0003821196384855475
0.0002994603306812213
0.00021159051531535538
0.0024148260398342545
0.004632495501480682
0.0008658851363479649
0.002515598251954618
0.0009149859578849774
0.0007253958101187388
5649644465862086e-20
0.000720906105151871
0.0032144474907540932
0.0026909353604064393
0.0001722507256676207
0.0006025445560980701
0.00023388453740645293
0.0009585007860566492
5365927389710151e-20
0.0010746549997287945
0.00010386596940131316
0.00023366633454233865
9081940060139952e-20
0.00046120177709259996
0.00034440936286248746
0.00040736056376666335
0.0012004216593517257
0.00010269715071184917
0.0020637398156246375
0.0004036562131531083
8953570937823523e-20
0.0002758788397236161
0.00029347291037007444
23260045647452467e-21
0.00013314399275706127
0.0006674322759665982
0.00027833321172773725
0.00032827765402899375
0.0006808666013018788
2856929259185856e-20
0.0008213030910768438
0.0001999234630341733
10599985415243327e-21
0.0007131463260053394
0.0004032264770328966
0.0005263236119870591
5398746103123744e-20
4081859217319561e-20
2501771138361573e-20
0.0002856824885582465
6243787609646709e-20
0.00010556232084391448
7822047583983006e-21
0.00019990475843321715
0.0013215161708348502
0.00021302198844760453
0.00020326080215912192
979671971935927e-19
0.00011575050647779542
3968149779204298e-21
0.000169147548471656
0.00029285022488584746
0.00013847773266897637
0.0003591570456125017
0.0001640845893479321
0.00019293808193042233
3837837811722693e-20
9533501410983111e-20
19071395664747027e-21
32914673350981645e-21
0.0001817960424580799
0.00021471500060016977
0.0007337560766120683
0.0009292495254357372
18938639469718685e-22
0.0005692661486267544
0.0014885726659270464
0.00018291636353328337
0.0010272385194448636
0.0018894334880451484
0.0018353631974062493
0.000534273319471065
0.00447447118879809
0.0012580700623305756
0.0005244573826471891
0.00038613989004763626
0.0006088796526102946
0.0010055383716551871
0.0006338617637011293
0.003330751570032947
0.0009875196703305919
0.00010718987254389477
0.0008996602166194752
0.0010035199344813125
0.008911457466394523
0.0015320708042990548
0.0015768121984297534
0.0012948226632904
0.0009273511867123653
0.000760353344043021
0.0008121924952851714
0.0005442139584988092
0.0003689550031726251
0.00038922731275862864
0.00121548300830241
0.00010729673642466041
0.001685205387178267
0.0006251993970802079
0.0018184577719790658
0.0002100294236461153
5095106512003803e-20
1122938867196237e-20
0.0003330969946236905
0.0018682991019844902
0.00028619596852601757
0.0010721380225427756
0.00030543153531112144
0.0013212413693338475
5355913448132682e-20
0.002656249373163093
0.000671295242994629
3300066679905631e-20
0.0008656101447218291
0.0029536328115031913
0.0013209095400808484
0.000559655209705793
0.0009636507193804398
0.0012255071765241111
0.0005343121401193949
0.00031881116476234825
0.0012606724996911392
0.0044821463088142895
0.00022496538387882902
0.0021939784453961354
46621459047357994e-21
0.0005108456808846666
12078971929267332e-21
9043536244029014e-20
0.0004583973521015134
0.00022809610990233233
0.0018720966620402037
0.0008176495795768347
0.00030199736051753887
0.000560169774184739
0.00031726327499476223
0.00017464676182335435
6899415890518523e-20
6330394549293655e-20
51034045061496146e-21
249687261390593e-20
4000662626390294e-20
0.00011929613993100185
0.0002938200796171559
7807063178431322e-20
4371763955041677e-20
14632131096130338e-21
0.00018840339320813306
0.00011828747973536691
2964541364894458e-20
0.00010944508248782752
0.0007440284708744218
0.0003466595767888323
0.00022560247060828106
0.00022313089702405008
0.00010395954424850458
0.00031357769339337825
0.0002846380001894165
0.0010420100484443769
0.00042370217516689946
0.001004509797622217
0.0003442316087850894
0.0031954632421725845
58392453979535075e-21
0.00011414630896060161
0.0009333158130779281
2114488911968596e-20
0.0009010658942976653
22196092822149888e-21
0.0007733812187801557
8893633108857591e-20
0.0014555613859416094
0.0011042842635982895
0.0015510784146401555
0.00018148919516818146
0.00026506024427912456
7141511569251616e-20
0.0003083609997182554
0.00016346366589171295
0.0001836197438823943
0.0012904284389724861
0.0004468942538125504
0.0009163191525016093
0.0001877993410351334
0.0014710546692615263
0.0012946020939584117
0.00018010642169278535
15780959790560737e-21
0.0006327959157165759
0.00045856456080384163
0.00018818326167706267
0.00027154391877903225
0.00021700569242479845
0.0002203447152688977
0.00011609259312381972
0.00011594867201920523
0.0001849445268356768
0.00016588398048919659
0.0007008057605341813
0.00024807807651596754
0.0007051003128913826
5587739526526979e-20
0.00026318244691518394
0.0002540810746230626
0.001161252675113657
0.0008129804565598209
0.0017291610036880211
0.0002569247603332039
3318057555542932e-20
0.0006870932640666991
0.0002063217653944473
0.0003683436135987623
3482103765002862e-20
9935870015063513e-20
0.00039509668050147494
0.00040598605493043894
0.00024240722818419695
0.0001461951917013341
0.000150682337785843
0.0002042641025812926
0.00041089887659478123
9956425042022377e-20
583352274574154e-19
24286690099465217e-21
2473404534112538e-21
0.0009852639912519892
0.0009557019247885026
0.00039230927125747495
4075808146839117e-20
0.00014762357118103012
0.0002437713025737565
7748404469038684e-20
5989185150440324e-20
10269040369715474e-21
0.00024371821419766313
0.0008871666139960198
0.00042582799152656435
0.0005013959748147566
0.00014344955038122681
429227788429804e-20
0.0008062811846984154
0.0023060830651400106
0.0005286908730904152
0.0006313355963978175
0.00011095531899016592
0.001789503084791516
0.0030182136269996584
0.001144735919895757
0.0021078562425923234
0.0007765617294366344
0.0005008852551830129
0.001322622492578311
0.0004458552462067308
0.00035608526787973284
0.004537464973469307
0.00418112427863073
0.0010111964357037153
0.0007943911524212816
0.0008375130218319614
0.00012943664089859298
0.000780740456484793
0.005976238301460089
0.0053390020446653355
0.00048531826751872103
0.0005146645500810417
0.0016964066862998868
0.0005437428424321981
0.0013459767315235874
0.0009741309985467821
0.00011412369627857376
0.00048814137954422866
0.00030278591903524203
0.0001233607965790362
0.0002040433928901939
0.00012367077612777843
0.002404078332294376
0.0003283121120837635
0.0012444506197731543
0.0018076913934400995
26393183122302176e-21
0.0001884338650889741
1104149813988754e-20
9029739200506267e-20
0.00026741230960001817
0.0002585136556225853
0.0009979041894516171
0.0009424498677209017
0.0013436331942237474
0.0010528550357491956
0.0004739448426919756
0.001085337053729089
21828650958466555e-21
0.0005125868235716853
64651320265619e-18
0.0009808618116143972
0.0033358040091419146
0.0014762008158849182
5119635439996435e-20
0.0021784940310246876
0.0008083009670178647
7367741687599448e-20
6650267590839045e-20
3475788961596047e-20
0.0011546955364580339
0.0008910879896093552
0.0016604121030041404
0.0011010023710972836
0.0010920469897926523
5534277491267227e-20
8887018114234205e-20
9344278687107973e-20
0.00109918401812141
0.00011301073392953653
0.0017008536244399169
0.002643720562810109
0.0009191564435278474
0.0007606325349705104
0.0011273009802437626
0.0006879212000205302
0.006339763163189772
3522320918510895e-20
0.0014410859826679715
0.0014971685088434126
0.0006093665862324852
0.002849452166600139
0.0001979080933036957
6736237267912016e-20
0.0026873581236066513
0.0008204805453907898
0.0018515376095441466
5930863927414405e-20
0.0016227479636894547
0.0012345924770711155
0.003898482109563913
0.0004495475995265461
0.0004659971943591063
0.0007364447702754319
0.0010581854404965946
0.00014436809111051832
0.00013153976507289576
0.0003956899234847581
0.0008447035081704435
0.0002639451998644971
0.006685754236816522
0.0029140663088373067
0.000415308451957186
0.0004756631924797621
0.0010762336435430674
0.00022539424765221673
0.0014705062932973104
0.00026687143664677425
0.0007957722117171679
0.0004612144653270518
0.001013399443470375
0.000525800590254718
0.0002311656562187974
0.0027214783469437748
0.0004060862931812842
41502009879601515e-21
0.0004305211334448416
0.000432867827058459
6719977135628586e-20
0.0009562327667567845
0.005322521643847771
0.0039052588938835184
0.0026639943037903885
0.0021590640533560757
0.0006676917795579145
0.006235573095927724
0.00022817090430454084
0.000929190076500031
0.0024436328669948837
0.007476137942010311
0.0012797884408769903
0.0005954206205643897
0.0008170044458156935
0.0014443472793681223
0.0039852033078112995
7500173417215202e-21
0.0012153179207828784
0.0004141327509569252
0.0005673024554358181
0.006124059126581565
0.0006995549252857527
0.0008616773028212383
0.0006970603821593537
0.000174604528010714
0.0003919035545879574
0.00048066480448208024
0.0009081777097086939
8841885243389493e-20
0.00062044717008139
0.00034887730851736995
0.0019779885852441404
0.0001824613751590989
71509049969461234e-22
-5243083827958004e-22
0.0018635452845227223
0.0030412980295456606
0.0013205507644384815
0.0031236978244516007
0.003529755415698281
0.0043085974849140585
0.00040119513004521784
0.0012949088669239588
0.009580045894113605
0.0011238215340968116
0.0011995368283522787
0.00016749290478978039
0.00014247058083276552
0.00013161435840019288
0.0005562016841110875
0.0009304520922327564
0.009474634498423192
0.00029231697787349825
0.002657779917541892
0.0025998935522981233
0.0007259667369740935
0.00011170842341378347
0.0006234658223623707
0.001390066722424841
0.0003603851104138141
0.000539481861335252
0.00016454091933511543
0.001313393460992224
0.0008374720739606832
0.00044734607675163456
8904695503551529e-20
0.0020027366083339893
0.0036394999590093147
0.0015734134589470148
0.002074625802343255
19217495200104663e-21
0.00047091475962648553
0.0007147600425615323
0.0001961152362159445
0.00012096053814363987
6347159544728633e-20
0.002894891926764035
0.004963928327774325
0.001307066613666415
8291407872790084e-20
0.002228101482917723
0.0011594188242977422
0.010775136966709105
0.001023569519010425
0.009466645363593184
0.004738872020309053
9344309175499822e-20
0.0010995015104440257
0.0032003864572913584
0.0010816617027957695
0.002352900972999906
0.0005238413095505146
9431098277567604e-21
0.000875836816499735
0.0002731733194194305
0.0015348883289784613
0.0015838958158834752
15133288141101982e-21
0.0005412869177710715
0.0015017773061314847
0.0039433081265702686
0.00024501015516600975
0.0018168167231333418
0.0009896782954988185
0.000784846817016463
0.00011097147609212294
2916036313917388e-21
0.00046694292668343314
0.001988309992176344
0.00022239048850707872
26597647264669508e-21
0.00013003948931758163
0.0015904346910061973
0.0031361438799654665
8743892915435934e-20
0.00032951565978300504
4884647560219463e-20
0.0009056105578630532
0.0020410571646596503
0.0005529313143995584
0.00018273818945024336
0.000792955135564082
0.0013665762547928812
0.0016681066905156676
0.0008115718306225222
0.00024896576401876267
0.0013220282175496784
0.0005126523124988319
0.0001356216676234348
0.00011420805506318135
0.0011178364974583817
0.00014983768369151643
0.00420355212518545
6360075796149591e-20
0.000748015532555289
0.0014296863441608822
0.0038132095099739863
0.00021207548603610532
0.0001258659612179705
0.0003302233723704726
0.00017585327228839684
0.0016083645701871884
0.004454071545471634
0.0011352637036308156
0.004319544855001321
0.00233503011286417
38206045492126884e-21
0.011591603121778175
0.0010774862707724597
0.0002499172545332578
0.0012846258304415712
0.006993241397529739
0.0003260986025177149
0.0005232525374967024
0.0032349184040431187
0.00041006601909392203
0.00048386907836954674
0.00021365037499073366
0.000171549891712434
2992160152894676e-20
0.00057497801636513
0.00010734529305061266
0.0003421221457151218
0.0022864938515928935
0.0004412266054314817
0.001586340685946854
0.00026355202482109354
0.000190530088329937
0.0006024855020435774
0.0001953690361017164
0.001131924024744982
8765195784084735e-21
0.0005276580321673483
9254253564959113e-20
8680784043719435e-20
0.000286560562245457
0.0016209775304124577
14442991287137536e-21
0.0004918092787958806
0.00015091391299552613
0.0003730632274138325
33030920407616795e-21
0.0022845636901133106
0.00014707209243458323
0.00043818214902082195
0.0006723512998317921
0.0005827175220274229
0.0002851068702379534
0.00027944465098662675
0.006624383122526926
0.0012715270548545906
0.0017956292173409343
0.0003801298089612789
0.0011696364632816823
0.00013607687738658356
0.0030805503847542953
0.0034900984142636313
0.0005972438609590628
0.0001036088559456601
0.00026296484179815166
0.0008261461975617979
0.001655067617524216
0.0001267087861684758
0.00011004879769203425
2725047817684851e-20
0.00017577968413863416
913534138109575e-19
0.0010106986991136784
0.00042270485053805214
0.0007575589426432509
0.00016221454180193783
0.0010570804263954783
0.0007792482104797599
0.0013445559652729329
0.00015990956276562277
7805207694565187e-20
2909217645098909e-20
5681336957209762e-21
23490565799834238e-21
0.00034543665606019637
0.0007215209768273924
0.0003292756235588531
0.0006201094122084731
914961438795656e-19
18237297555002683e-21
0.00012030280438723988
0.00027123369307857496
0.0002616694579944473
0.0005986257025021461
0.002036583483344515
0.006090598160122848
6367348892485378e-20
0.0001166115520706256
0.0024232394337466985
0.0020133649440404995
0.003622694455525301
0.0001425066746843261
0.0002720467217970313
0.0008743666722202225
0.0011873174833654076
0.0003081388641834131
0.0007734311681459779
0.0010680580902207894
0.0020170379778978557
0.00016208600615012526
12790344950820728e-21
0.0006485141160689525
0.00029486133058468256
0.0018561190144469584
0.001490110687392921
8508818705814508e-20
27727620747968077e-21
0.0002995792771682715
2807810513085927e-20
43199588740223786e-21
7459927530542931e-21
3245526102555837e-21
22919509199278566e-21
0.00017730422835097036
0.00010209614261434826
8263666546868519e-21
9274515986516105e-20
0.0013294712509152816
0.003995664366547189
0.0039166528263073685
0.00010490720225005548
0.0008432309073024665
0.00046894732486211344
0.0014736482551348737
0.0005511440971775885
0.0003465089950340404
0.007993670156295896
0.0014148424511142373
0.0020323722376931483
0.0008710998869490887
0.003635498948053711
0.004502319785644379
0.0005962160467937512
0.0004194980039385311
0.0011146585202852183
0.00011441267753577564
0.0018683467203435531
0.0015119518942193083
0.0033023773437793266
0.00047626612163521886
0.0007041905965360969
0.0017160412748104526
0.003309290363348344
0.0020557241193324654
20603970037624427e-21
6558750187086227e-20
4878393591793884e-21
0.00012875958239370804
0.000583774455505017
0.00017013857331800737
0.0029690026288856763
0.001390046122991215
0.00036205567107626315
0.0036826956149974186
0.0016142976934081855
0.0005957967061074052
0.0007204674169061166
0.007633678042220269
0.0026934313551255336
0.00023597369238141238
0.0031899662709252187
0.001056854675717868
0.0002029967661464573
0.0013616151223771436
0.000962531567380432
0.0016857345872132062
0.001781448867080564
0.0007587781028668134
0.0015412582799726648
0.00040580364785939346
0.0036066551838810483
0.000493522267623264
0.00019840299552503337
0.0007021005654892463
16756095704162928e-21
0.00015660036667907747
0.00041659762735119936
0.0006673432517480915
0.0014976429045267857
0.00040140994569785307
0.00027020316072274544
0.0011388181113972753
0.00039050840195224695
0.0036263955031039796
0.00010151722888769379
2344156262489595e-20
0.0003264102535033905
0.00011796226464043936
0.005345093851939121
0.005710356841479596
0.001538292799253367
4436017145722226e-20
0.001792465821167962
0.0007108669239015267
0.0004719693969549196
35031169287045005e-21
0.0003617918628534593
0.00014081870590721597
0.0002644050020009665
0.0005808077138624803
0.000948862035180726
19846853216798015e-21
0.00019587728956321857
7067540465787172e-20
9028655013988469e-21
0.0007989027801172763
0.0003371012909126848
0.0002684846152020822
0.0005211543255853642
0.0003405102787459156
0.0005027659469854141
0.0007217060340601706
0.000369820959320844
0.0002853171398164816
4386304982361799e-22
0.0003153247347107365
0.00010165305700054159
0.0006129696094631803
5346422119807736e-21
0.00023299053266991393
0.00041700866274814013
0.00016983725195764834
0.0002453165059134817
0.0002575868448940443
0.0003627112276210484
4650076008290906e-20
3876953250642351e-20
6829114771607799e-20
9225804521760598e-20
0.00030567663612929443
0.00013794431075158433
0.0001970105243458892
31535816735079674e-22
7175615999023958e-20
3808115475763923e-20
0.0010999216075674263
0.0010081842409987885
0.0005612457680701723
41232849907122335e-21
0.0024224602481645974
0.00089553258562316
1586618356748313e-20
0.000657753706668301
0.0006969098550781213
0.00010587079236901227
0.0008935625852389381
0.00012898915906496474
0.000432005905695489
0.00026333280251172604
13375147880259507e-21
0.0002837930743973589
0.0002662827262851023
0.0006907847913519729
0.00024114886071324078
33581978535428985e-21
8680607808773807e-20
0.0001602089118636174
0.0001903683941042019
8382679198353538e-21
19206440056826975e-21
23167903094181238e-21
2118691821184473e-20
3623609552685785e-20
5848394410176175e-20
962175663834632e-21
