0.00018833337326936992
0.0017990401335606758
0.0009791241725036544
0.00139461574529858
0.0016999824191239864
0.005485653966824236
0.0029496922454613408
0.014947705693158767
0.008791063863855138
0.004661794697152447
0.017919725829547893
0.006934696591583307
0.011067456879035816
0.018028107982452156
0.022011326155931602
0.0006065192626345261
0.007781812340520276
0.0029748163254489125
0.0053033733259128385
0.03459559394619268
0.0017660941886960496
0.038026137610680716
0.004786842015740535
0.025591065803753407
0.012256027008249081
0.002529625967853397
0.0035004744316570217
0.0026413666623692576
0.0013720693073643016
0.008693967906237145
0.0357301348424997
0.02052900035743155
0.00770459555661965
0.0012935176774836257
0.03953349397876131
0.03458945334295247
0.04070215638802066
0.02810394478590928
0.05096287500573371
0.001940708225522856
0.03268869919006034
0.00251582937364669
0.009116864116107
0.00040737171713547434
0.0004034684020694313
0.0013515323133510325
0.008799986563496839
0.008570633580673169
0.016556291039632083
0.008076029077825241
0.023903344590092565
0.021654312582381968
0.01295691987107437
0.01794938368955567
0.010077343422294134
0.0023250571185718188
0.003034886782681147
0.0032486275039341488
0.009259340598199942
0.001855270477316667
0.005158344281953655
0.002032091333701357
0.02335524333269396
0.002750803990157704
0.06821983315483865
0.0011725839132794508
0.006486195062493404
0.004560836291333093
19350940865326132e-21
0.012519878612061476
0.028135669713898664
0.030318848718270668
0.02072227295699837
0.02008671159280946
0.0051351920188257546
0.013810256191038817
0.009248268994679072
0.00014217532680839035
0.0028509968431213615
0.007250394383192398
0.0011400920316877177
0.0031945648198174253
0.0038887104460223134
0.0006755070263485869
