14854752887156463e-21
0.0014149326617825303
12734646105628176e-21
0.0013777471760366554
0.0002914396029988985
26702276727439718e-22
9218683349086593e-21
0.0005828527576823528
0.0008892936179513451
0.0011024494368176833
0.0010904995491615179
0.00024726345628355516
0.0004888842467730489
0.0011770242618394302
0.0017750677429325137
0.0002868718921837446
0.0005526307797052114
0.0052334650728175225
0.0016509133262785159
0.0038952783598301126
0.0010595253330452036
0.0001493173245092237
0.00017756837342626996
0.0008800990564586279
0.00046077222539074017
0.0008219501091319102
0.0027233866202512956
0.0006716512787314615
0.005105057263404327
0.0011570404777361293
0.0011408674674971795
0.00010384668047249592
0.0004418787208608982
0.002008887410614173
0.0012482000051386602
0.0005513176556115313
0.002924713808317321
0.0015209388610409316
0.0005464890002739649
0.0006404303337986588
0.0001427910420011493
0.0011417845388896092
0.00013224045460543353
9842008964693657e-20
0.002175392689625807
0.0018552204809479242
0.0030569840757497797
0.0021757731666362666
0.0011346350056102399
0.007806021086085648
0.0006743797132998766
0.013274243044981933
0.004088863646272548
0.0008325572772702979
0.0036588238380707697
0.00021227020916733333
0.0029935510909398105
0.000782042474882947
0.000302210266446452
0.0017984644109561767
0.0003006480110881443
0.0005951678983580082
0.000537940892678823
0.00011783578834289609
0.0018699521101410504
0.003832696041412376
0.0007530837333917464
0.00024166978799230622
0.0013636112706587383
0.0017898587176429263
0.002870626374206251
0.0008694589388565092
0.0016359548491858863
0.0019180944443652316
0.00043641456441367485
0.00024482364277836555
0.0016326071170225025
7301712312397519e-20
0.0016483703783293751
0.0034591007905642773
0.008533879536227555
89225041929957e-18
0.0008114305214330965
0.00011629415484388337
0.0007697995156907552
0.0005602564540263876
0.011458991765153146
0.0017353498933984754
0.004052430240773691
0.004596708010598047
0.0035559175548975134
0.002413239681659446
0.0006509366007676051
0.0038366056016751484
0.001957507711551212
41586141772756456e-21
0.008434149457448718
0.0005163246355630104
0.00025041056112141047
5946039525863082e-20
0.0009503107093149808
0.014854877565344501
0.004708554102314214
0.001120996760269816
0.004526142012463679
0.000606735336993393
0.007866869046128417
0.004344271311067128
0.0024206327931670245
0.0005381577480940303
0.01547293022956527
0.0007138416004736658
0.00603054880770653
0.007713341306115633
0.004623065011593374
0.0014371679149454632
0.008534232675597789
0.002865270207483819
0.006230859554121281
0.002028068671764851
0.0008077886763534711
0.0004991830465689231
0.0019612113757929597
52467299847493966e-21
0.001975006922598026
31800560977694094e-21
0.00036428679335370875
0.003234260438809765
0.0023103517279772535
0.0004594840756951398
0.004350354610087025
0.00906677211173377
0.0016880259317618687
0.00037613524821218045
0.004414682750589802
0.00017323771666732197
0.0017306783722744956
0.002778538179465715
0.007609438020012027
0.001995088646519053
0.00110396844972179
0.0004490889103844183
0.0006298088150969518
0.0009711762485503562
0.002677326945922169
0.002761933197136123
0.00011475680309795196
0.000142166237197557
0.00028387167342551825
0.00037550143998591476
0.0006066508882096089
0.003889353878590386
0.0018039559679187476
0.0010135740540973808
53371369066648446e-21
0.0001866151587988147
0.001424423950495129
0.0013673475107567582
0.0033091873949052677
0.0012002096197167899
0.008544335087171366
0.0066217580645962434
0.002545131285073077
0.003919021036382177
0.021412815280629303
0.0075587902441776825
0.004748979326887705
0.0008642264734939375
0.0012445158905699312
0.004448834383292895
0.00016920784488187808
0.0003993140673373606
0.004164608756876612
0.006970282443752645
0.006734028326435617
0.00044830069189454117
0.00168555088927428
0.0005542677329136516
0.005661876095558262
0.0008317003636690472
0.0057141216787061555
0.002263567411322234
0.00475605463123105
0.0005531649350682818
0.006144245463902517
0.0011224260138241165
0.0035085812377397448
0.00082558062305505
8851220999311181e-21
8575438886021595e-20
0.00013158103106397192
0.00044180737024084667
0.00011214322326238762
0.0017926706165928312
0.00010259979872991592
0.0015898344971359253
0.00021821478838415716
0.0004817730060084399
0.0034498619803462324
0.0030768670254416527
0.0008953432781400324
0.0009331451407920272
0.0006734309124630826
0.0008185525624725667
0.0029805061757239605
0.0009879529822899751
0.004548466926980588
0.003927270981572583
0.003534873910473556
0.0026293455184817475
0.0013319412913154018
0.0005836145433736767
0.00806201464325065
0.0034033024438170456
0.00101204383810328
0.0039253924881540005
0.000648412438891229
0.003585690658130481
0.000658381829793857
0.0026260734699785544
0.004467304929532128
0.00646303653131787
0.0013186478383119208
0.0001659492900241604
0.002391820942194422
0.000615773250978521
0.00024038130663849743
0.0003870532970454964
0.0002546636786026494
0.0004853203406856995
0.0002183197242934294
7480044145464191e-20
0.0009396204520843211
0.004472517614759161
0.0008199602375301249
0.006894625537328318
0.0019840705047783295
0.005975542795794949
0.0003564634744790797
0.001369311368259933
0.0016929447874281108
0.0005190108080878456
0.0002638383995790954
0.0041346874037468005
0.0007824578573166671
0.003438950540737856
0.002853439524743874
0.001332653530720193
0.0018070946341545492
0.005735998478281567
0.013685237884386277
0.00928626167871631
0.0024823157634532808
0.003240006019043864
0.0017830351325896696
0.0016181425999263002
0.0029720761231994976
0.0015488374848137425
0.00987210107026819
0.004946817055555817
0.0008496226913788161
0.004127687072328358
0.0017711806949979765
0.0029053380243766556
0.003955875123420552
0.002688455978673209
0.013836441813368365
0.00851940184164212
0.011351463073622453
0.010672452577689024
0.0006731347504943274
0.0022474249421241925
0.009352029590879435
0.0063368322131683655
0.0050411718706896945
0.00282960631226463
0.001362776537937684
0.027385432703402313
0.0014574654076949434
0.0040026597404200365
0.013799978524853635
0.00010245541032248048
11711898955307714e-21
0.001189393453662303
0.00337571496661208
0.00105409197913243
0.005372037001661965
0.00804161506640248
0.0017315560185561503
0.001165746271794037
0.004013379604931084
0.0025123993455230596
0.0007084521568541556
0.005094332526217624
0.006264034347314438
0.005299179492009311
0.009696231975879974
0.017321141555699082
0.0004773669547854424
0.006706157437710895
0.00019897588214731936
0.002635227958108585
0.006065901266132383
0.008511400884142626
0.00034169658295607453
0.005416789990283032
0.012657719284402506
0.0009365961207424543
0.0015067494306961686
0.0011023528221781446
0.004432041011479513
0.0010029144000382594
0.003051743077946602
0.00112961779013606
289286597848576e-19
0.0003026003594902035
0.0024719698891776487
0.0024526805539373006
0.008697902790539155
0.0022232134273143358
0.0005771625019086152
0.004694329088950237
0.000707957341480503
0.0018127539654184289
0.0034141359877759396
0.000411495509082874
0.0015622642517493241
0.0008474050016535435
0.004460884481779289
0.0028697172533500136
0.0006267396390202229
8964244250600243e-20
0.0038357516646898
0.0015510491226212555
0.0016058647504709784
0.0008457155236243995
0.0005875924614976493
0.000561560895162683
0.0019342630278670909
0.0004774946324164165
0.002267763811014247
0.0016056904652293007
0.001420714104434154
0.002283410973991481
0.017392773533902867
0.004185975456873335
0.000817789329666601
0.0024478695676667245
0.00047284588885618023
0.001734439076036409
0.0007512928143242984
0.0011784185317505265
0.001041485628045607
0.0020432298614389277
0.005183162637102457
0.0027600055896976573
0.001989642362788037
0.0024942699528060306
0.00033517113765331284
0.001665814177409265
0.000452389279902364
6293644478397138e-21
4379217046593514e-20
0.00032495116073810173
0.00023438227367105125
4142765886394716e-20
8858745113085759e-20
