22278972551980873e-21
5177456129367964e-20
24202862440757915e-21
2461369023528534e-20
692970916289202e-20
3680590467055168e-20
17852485758683946e-21
-3580709091020466e-22
26608037762884665e-22
705529057855069e-19
3368721080661686e-20
860934565424615e-20
0.00014462412389211127
3913805297536359e-20
8101833350583111e-20
0.00023188304826722708
0.0002167755392434138
18860739275455566e-22
14993306492909994e-21
4015882389148981e-20
7929513774192937e-20
12955233498709992e-21
6343228149616676e-21
0.0004271050671492065
0.00038251155867056574
3798753121548287e-20
12861044387290968e-22
7190763682191105e-21
2928765496702056e-21
0.00014563178360888813
18351744603412525e-22
26384452554904823e-21
9781661661617074e-21
2060409769207213e-20
0.00012924729549739785
18718006297789827e-21
9137092959447986e-21
27663959287789123e-21
13330519876634295e-21
0.00010440154177103972
0.00020973825636911892
0.00020234806856482638
35378282580456848e-22
32651914635981946e-21
12381920480009443e-21
28404035414245512e-21
0.0005163394071393269
7460051087777673e-20
0.0001721616883039223
0.00034722300353272237
0.000130786897908811
6866402644912304e-21
15896747235999563e-21
9499454446533464e-21
2443666508440346e-21
0.0005564019277324515
6784565177225825e-20
0.0006000532337976179
0.0005200728326351939
64384830259157925e-22
15650186721456023e-21
9409409649469493e-21
47673557378802986e-21
0.00010639604120264911
3484176600959409e-20
9761466885850024e-21
21640037039539184e-21
0.00012464904363593122
0.00013389958689940347
8417051538943199e-21
0.0002090298753481069
0.0005093624250491256
0.00021699378770644802
0.00029898849720687515
708742498022927e-19
5728598895755597e-21
37709552611773333e-22
7368409520627577e-20
8865697301918053e-20
1268588101019404e-20
0.00023849213198576488
8165251158097624e-21
0.00025183087760025915
0.0008028106218595992
0.0007688871524963973
0.00039756197031708937
205660999837876e-19
12766441877389028e-21
1115991264399028e-21
1615985852898804e-20
0.0002096800140582069
0.00012715833132288484
0.00016968071130394835
0.0002343779789802005
0.00036715152090127624
871547241151274e-19
0.0007224713356594883
0.00019274332250116146
0.00034056741349192094
0.0001987512292990295
0.0006883652482301372
4016877220275883e-21
8773091978519706e-21
0.00026843059972003183
0.00021190559937471135
0.0004345580426390036
7277643111923196e-20
0.0002479225308699197
0.00029518341163082965
0.0005142934909166444
0.0004337724135398545
0.0005644826492973339
6238766084248135e-20
0.0003714951958897458
0.0002453724193012433
0.00014497797994772856
0.00016567531546393655
0.0005145184975644176
6021116852811234e-20
5451054096948598e-20
5252656900429073e-21
3944412601501053e-21
19302758059583997e-21
0.0001380357806749078
16393533586594116e-21
0.000354735572516446
0.000569640823586945
0.00030951509774692634
0.00021159960862180332
1748702143316685e-20
0.00012499716524396669
27178437032221148e-22
0.00010135555859969706
5863429291790936e-21
9737739488844476e-20
6322300484507684e-20
37219919120991e-19
0.00020923411766573768
0.0002308423637807635
10086199590151818e-21
0.00018902709714526276
5845740479891322e-20
3163391829439752e-22
0.00030668323432787663
0.0003579396705588189
4753416452842256e-20
0.00011392321264644433
0.0004307625269399722
0.0005673228232899515
15882853453948316e-21
7776658560773932e-20
19927979943653278e-22
3469469201083867e-20
0.00030683127369990896
0.00018213425232517955
5139221078164947e-21
0.0005051795802904666
0.0003031636647539738
0.0002167226413221173
0.00029107626075672093
0.00011391561366008632
9799530411317004e-21
40526938761718085e-21
0.0006394688319060349
0.0003526281965342943
2210296592120722e-20
0.0006899263420209583
0.00013142741689300489
0.000520622824156904
0.00016247730537579487
31263127540953407e-22
0.0002393609045557099
0.0002482663287297852
8823993957115881e-21
0.00037780402286890195
2392030226508329e-20
0.00013018974832223042
0.00025492170581654325
16800278067756976e-21
0.0011222610436819257
0.0006757183893086731
0.00024146282212458495
0.00019341526330798761
0.00032929507156833384
9806053882636418e-20
0.00012716620978390513
0.00015643952793785326
0.000980165349437413
0.00013807490683416423
3764551159208905e-20
8727016344855289e-22
0.0003704310316941872
0.0003353628681199483
8845967946057447e-22
9655859393079291e-20
0.0002937672390523741
0.00016357184934171566
0.0004667917307173567
70391620182626865e-22
0.0004989906689084755
0.00035154953073316856
0.0004471170367795066
0.00024781152645347106
16401798674284475e-21
0.0003963121476645001
0.0003370208835014532
0.0007965057320121504
0.0001824129133767052
0.0009528566056613872
9608039399496659e-20
0.0008009052245491542
8317618019484612e-20
0.0005421999446026662
0.00014858449867005696
0.00046170449046296577
0.0007570673714344314
0.0005714998933350659
0.00034301496673845843
0.0002721104609122522
0.0005406651663326758
0.0008639798953075752
0.0002710945069204013
0.00048820157277261147
0.0005945382347811507
0.0010734691023505363
0.0005301231378630243
0.0009024099111251018
7306603582064357e-20
0.00018796139051224282
0.0001831349052449879
0.0006718666995996434
0.00025528369477435537
11886827081064167e-21
0.0003058182387696839
17422303508658303e-21
0.0004482245508988946
0.0002766474679837991
961333986047691e-19
0.00015652717669917734
7371033568507842e-20
0.0006290739356950922
0.0002782381063083751
0.00027757730968558847
42646779560312454e-23
5543604727770592e-21
11628110758490845e-21
1254004378883027e-21
5994560438955415e-20
0.0007142093422356274
0.0009609863845048823
0.0001767571019258981
7927301042012566e-20
0.0005365666800951762
0.0005037280920023403
0.001538416258273905
6198642370160993e-20
0.00014325462853698
0.0001710090027624298
-15935411166187572e-23
0.00011011437785342129
1161513099521874e-21
57299465181905143e-21
8015511463427346e-20
563374224701739e-19
7632568174927852e-20
6569139588165938e-21
11231887658787724e-21
0.00020346058830155955
0.0004090354176184291
0.00022493673469813503
1356993711689881e-20
7203043585519163e-20
0.0003280245970736483
10898182472255282e-21
4886157063819157e-20
12973494964713568e-21
20987509878064053e-21
8303444287157735e-20
4818376940166653e-20
0.0001693249710388265
9225124034699633e-21
23839678784573268e-21
0.0001194371172096566
10295329482361339e-21
0.0002005803387428145
0.0002211528688041808
9381048352535541e-20
0.0003031015223473393
28584850663580367e-21
10282690459302875e-21
0.00020455879581932328
0.0005496620209139673
4253073832028503e-20
44564166141846404e-21
0.0001237920540705117
-5305696557358558e-22
0.00015484709670713956
0.00027284385186284127
-13126678889834057e-23
6083517533214835e-20
1409340946977767e-21
0.000552820406578
36204642332261435e-22
0.00027442532520574175
2656031104584162e-20
0.00023373139084775205
4086507572808916e-20
0.000282076702593506
0.0004134023881433588
0.00017157604448555903
0.0015345313045742057
0.0009189998212299278
0.0003377752836733932
0.0008758515102140314
0.0006114113421767645
0.00020256271706749725
3240859732666523e-20
0.0001321460462820103
0.0005581087106842611
0.0005989327714417373
0.00017559071530294507
0.0002444818030912281
11687773818978236e-21
0.000355815275649415
9357816899020217e-20
0.00023776899286958922
0.0005621918436367858
0.00033789171378884573
0.00017031573244266084
0.0006814447188888898
0.0003669400867703575
0.0004205773297268532
0.0010798348780075536
4216602520257839e-21
8365014035201841e-21
56429885110935545e-21
13180164927459443e-21
0.0003114704683604004
0.0007149323350773801
0.00011152576226696609
0.00029613813212220547
0.0006293953452809184
0.0004350092710049006
1981987080889704e-20
1219778420631472e-20
0.00013341549787936765
0.0011133834269867816
4892721371350642e-21
9139578318344929e-20
0.0003836452156712025
0.0008044108953009505
0.00031269990041630656
0.00011159769920323819
0.0011479735768175703
58386941177566844e-21
0.0002327046672448435
0.0003806852207207069
0.0006789914395972035
0.0006182107642969106
0.00020143803798859495
0.0010979167085771052
0.0001590994643455708
0.0002787841381655956
0.00014390139668109494
0.00033910905803109375
0.00018664541201262507
0.0008252150406429843
0.000224930169882855
0.0003351165144657231
0.0006546844060514148
0.0005292228166626624
0.0005992726615641532
0.0008865176204409786
0.0008260100428909862
0.00017173819545535186
0.00036095720443982343
5175354153076838e-20
0.00029165068195280473
15209474317722122e-21
0.00018238984460481843
9073906688538792e-20
0.00023859727232456346
0.00047747119363288185
0.00025484532320991295
0.00010825147815713839
23801647431222723e-21
0.00015058726262745937
0.0011260933950239993
9301319606118695e-20
0.0005250962156681625
0.00027300081067034186
0.00010706517987666771
0.0004881188992653862
0.0005591998338209832
0.00022125210271618057
7854246385159608e-20
58954236378062445e-22
3415031503320806e-20
0.000196023827118413
3345933966815748e-20
5053815392802624e-21
6260365392107278e-21
2274775027229607e-21
11913289650445602e-21
58768757219299125e-22
24665461090789013e-21
963239205998508e-19
14005949376276677e-21
12069739157044502e-21
6502963283279435e-20
56033828713893803e-21
37000910249021514e-21
28543798286999923e-21
47176598132626585e-22
16389472811531607e-22
44522048654268296e-21
0.0005145053360317565
0.0006135536751041986
0.0002927081087566147
0.00047270379314991195
16427951174572517e-21
0.00026942849730652967
9986660622453484e-20
6775205490559194e-20
0.0001097892545492293
0.00012848203300181888
19848779310437705e-21
0.00016281183579214658
0.0002443776671707125
4748040078303464e-21
6939779032610584e-21
0.0001094223182716583
11312375973588277e-21
8907973666988759e-21
17929324310226023e-22
18407079771128868e-23
33273927370966654e-22
15292399128285406e-22
0.0003678966989344856
752406280490183e-19
13640733376452609e-21
0.0004955809324843209
0.00025892232384608236
0.0003394756646618165
0.00019255182156264805
0.0004310503865156587
6485257172318847e-20
0.0001070956289010577
389931730027878e-19
0.0004191900436196334
5544734304480182e-20
0.0002688010257890976
9921559256655697e-20
0.00011524376891541064
4487269987267135e-22
1521095850851952e-21
5612402847176896e-21
19694006800215357e-21
41085603732639664e-21
3650180767606096e-20
3298129726988774e-20
9427931198055236e-22
9146558951614227e-20
1558539475050021e-20
6504902834304066e-20
0.0001786785624888136
14468344675525076e-21
5183376751823889e-21
9156469330126462e-20
0.00014705683283429142
0.00038162560929641537
9246261654010456e-21
3556503169794182e-20
0.0002971665503926597
0.00043580841298277345
0.0007869312764522913
0.0007529844256024466
0.0004300518808775062
0.0005388198346134929
0.0003819139615302735
0.0006047237943589691
0.0003206629356452451
0.00037020192362827474
9157022322976378e-20
0.0002747035419581127
0.0003675380708285062
0.000219885048999446
2277077381198097e-21
21509395782811272e-21
8025059950125388e-20
7980189301535738e-20
0.0004479346480576652
5983993700748147e-20
0.00010501515692529314
0.00010078889957807705
0.00014091940672884484
9655921081659317e-20
3171239874438884e-20
0.0005775920121275781
0.00011444332006998896
8785119207619387e-20
1512255897723153e-20
3994221123289565e-20
0.00035574899521971276
18395341148573264e-21
6715235757673422e-20
0.0004511599565803698
0.00021689359658398483
0.0003270248012583155
9037462913743862e-20
19570036459238123e-22
2496489827346014e-21
56554674022389396e-21
0.00013606818884933823
45471833738121096e-21
8660395900657905e-20
0.0001454163956787478
1577068689613259e-20
0.0007024894755790444
0.0001067118685717315
0.00011669498935942237
0.0004891359777155996
0.00014041005076714628
1974934318426561e-20
0.0005271313631178957
41745046914876404e-21
5411022417174424e-21
0.00022173363877991202
0.0003473452550614835
0.00023956230433221445
0.00020518333422250173
0.0004825651365839411
0.0002267462928025969
0.00041967999124045994
0.000780092385365424
0.0003481721960288614
0.00016198400976963077
0.0006104574876224571
0.00039437727725332724
0.0005004268873915629
0.0003011299929124916
3047911002823571e-20
94102906025832e-19
8802520396291101e-20
0.0006798379996404814
0.00012401747321660406
36720750971920704e-21
0.00023833236152298023
0.00023884724700986345
0.0005936501905203675
0.0003352640640496605
0.00023858032110461288
0.00029911629347663437
0.0005931722142403351
49424382808102085e-21
0.000268383566447927
0.000523062417424986
0.0005885341688668277
0.00030127387270666086
0.00022095471205973793
1640297763721433e-20
8181186379232834e-21
8029449102761435e-21
8374739917378403e-20
0.0001932656226470422
0.0001262881574350161
0.00023556971489203647
0.00045921491313679914
0.00021798763164930277
0.0003944592397416804
0.00024060488022552924
0.0007015820737594458
0.00011541219488169088
0.0004163731454565469
8066979554143935e-20
370121426758491e-19
0.0002765700798485088
0.0003972848057502779
0.00028672847136481256
0.0005299382924051763
0.00017923232376602482
0.0005521978050116378
22268557947293416e-21
0.00033484645168361426
0.0006388262815140216
0.0003911184509040112
0.0007167283529581623
0.00021288167927994368
0.00020230827178661435
0.0003123373902263075
7001268803072005e-20
0.0006161180717875671
0.00011414202703641741
0.0010144502901957763
0.0008654616950158042
0.0002862863419727072
0.0008918968740548491
0.0002175594019067047
0.00023767231359838136
0.0004068687391570523
0.0003018035283585856
0.0002118629959058128
0.0006519902680588806
0.0013191766069802482
0.0006355418056518865
0.00016562512810429597
0.00017866934088928008
0.00013567728747393158
0.0004674772272736446
0.00036508468363091945
0.00015515581858428456
0.0004485237130487997
0.0002743608427639615
0.00010383168969250955
2157586221852652e-20
4633085299609705e-20
0.0009802397537569635
0.0007362238418897509
0.0002617242317774973
0.0007811141492528266
0.0003830648908467946
0.0016390255557787315
5772682757563711e-21
5597932714682536e-20
0.00016074402368129766
0.0004497141458949254
877601159815905e-19
54769259107752336e-22
15133005955275643e-21
0.00014131543097293248
52755520619504497e-21
0.000366149373633339
38364143584161434e-21
0.0017467585519834088
0.0002900879784939405
0.0001452213855286424
0.000518652818527318
20550150275220922e-21
0.00020702917270481178
0.0006098222122111236
0.00018919013478144783
3976198278485725e-20
0.0005949179841123497
0.00032447047329583415
0.0002266201399375577
28113940648294604e-21
0.00019055891939114906
14751524417575778e-21
10564049394386475e-21
-22657550969581996e-23
0.0006805131763622173
0.00020818807900956424
0.0004692927694256244
0.00014900501654069762
0.00010980696414345503
0.0005684591867091079
8232893114612325e-20
0.00039674530446636
0.00025840467672430187
0.0006015282932522719
0.000840685900138613
0.00047392992399209556
0.00032751976042714656
0.00030758888000526763
0.0005818772224688788
0.0006947796422275314
0.00011120791526311266
0.0005626883436321989
0.0006279011614695832
0.0006126219372401687
12257336495745181e-21
3903784090237863e-20
0.0003639911343320276
0.0002619158528646258
0.00016528376158322263
7611742040262468e-20
0.0008529644554456254
11208100980886801e-21
0.0013956796712898533
9165429521165115e-20
0.0002573805506114481
0.00023530705150770322
0.0010573777381722464
0.0002709300567107649
12472093220286276e-21
0.00019612365395421376
10649935251907799e-22
0.0008730798071444806
0.0007664105695158615
0.00024384719471190494
0.0005399635118818628
0.0010826851596813004
0.0004909005599398009
0.0010282479620874283
0.00014650990948682002
0.00045550163694628155
0.00022576175710542864
0.00026409843942597216
0.0008294069549697348
0.00047345487441682416
0.0009197964438331093
0.0007941331336250455
3736753077845836e-20
0.0015472055984070239
8286582980857806e-21
0.0010988985334491309
0.0013391275311495086
0.0012530233870972618
0.0025714765300156265
0.00081095634653616
0.0011941103949808637
0.0011876307937936014
0.00047893458296806887
0.000917045517619801
0.00021102930080295492
0.0008148539763912225
0.001019367031062469
0.0013035761428380481
0.0002737763438922862
0.001208522230789275
0.0005546889809560286
0.0006313260536167059
0.0006534129266466268
0.000316385619326426
0.000294851043675272
0.0009650520550485883
0.00015664579960734875
0.0006796299681903509
0.00019279667405136406
0.00044772681239617216
0.0010019166880420552
0.0004478971924112018
0.0014664910579645567
0.0004978558739441
9095905850002513e-20
0.0011799783313498563
0.0002765813067840433
0.00035756146913619625
0.00020718915644347196
0.00012480638006145064
0.0004896760195987491
0.0003387984452061416
0.0003057342104852111
0.00028886805276448583
0.0001710120160181596
0.00044466320254612737
0.0006616218876793365
0.00018592670167787276
0.0007499997810512881
0.0006772070874364874
0.0007872502262983369
23136666255040437e-21
0.00023751509850023343
0.00032368578302387874
0.00020883262886692332
0.00011984779804822422
0.0002479302771396246
44501312535421906e-21
25758291019976776e-21
23067826813867534e-22
8816775365348208e-20
0.0004754303051027665
0.0007151652771645641
0.0005530783561874163
0.00019376329618200463
0.0006504744314081097
0.00017919917985021583
0.00011601542797483117
0.001268688132829273
4629783663931453e-21
814480139861534e-20
0.0007304441407477479
0.00023477574982629882
0.00021663318896793655
17874852621085654e-22
0.0012448860573572363
0.0005406294113025333
0.00011270159457118365
0.0016549916571929344
0.00018572724146623186
0.00034257747096045433
0.00016843573011710887
4437251745487258e-21
0.00038900027780147857
0.0005511485793017589
0.0004819088510433899
0.000195131828422351
0.0002211865669423949
22996390999246945e-21
0.00020422788195212615
0.00012435961446494252
0.00011628288059707555
7961418631246649e-20
0.0003529063690963811
0.00018953570244628742
0.00012963852848718783
0.00019160538374803066
0.00039399356735190583
0.0005675309863635097
0.0006408788746668308
0.00013522263636834496
0.00022211159825884588
10221697836474723e-21
0.00026916590993224124
1744647285583853e-20
0.0008494611240346358
0.000755871378351026
0.0012036105670693324
0.00028897268149890806
0.0007066271223483803
0.000714843535702572
0.0006104977931259589
0.0013435902179235756
0.0007834947090846538
0.0007916926694207207
0.0005580636376547621
5604732037338431e-21
0.0001991078245177031
365232440014821e-19
0.0017371731440641077
0.0019222523981366132
0.000527790096826285
0.0014322098818041024
0.0003886613851283875
0.00032992257645479825
0.0006225649298554694
0.0014180636902040443
0.0014406167363756113
0.0004391678916020886
0.00033300128591266695
0.00018961068669994706
0.000560465438206166
6675486850491988e-20
0.0003231216954864287
0.0006125153871897848
0.0007719102263955309
0.0004740205785471565
0.00035229728207427535
0.0001720171463996126
0.0005057360659096432
0.0006957994353011314
0.0003657329700094788
0.0005906319192365353
0.0005728304389225065
0.0003282150132525389
0.0002787821407044461
0.0010458754074853434
0.00011489504058017425
0.00019699144038435215
0.001276937496464868
8792638749384392e-20
0.00044709746900489696
0.00015488204508375396
0.00016551216380687918
0.0006230587075925718
777133996505913e-21
0.0017082376973045431
0.0007418327581117741
0.000934493390751547
0.0007618534208637536
0.00015649193341514596
3327483669046839e-20
0.0010126227509514288
0.0012882823473927287
0.00016742300363775935
6013996683228583e-20
0.0012669529599831752
0.0001812974293275586
0.0002940932493083015
0.0005621446746620787
0.00018278016638132767
0.0001560413029301287
9280819825453461e-20
0.00012144340131024264
16143716391563497e-21
33383837320678764e-21
6385193746919003e-20
0.00017363783656390547
0.00032871809615037334
8513222365322673e-20
1388314898558065e-20
-5763912186282563e-22
8840170469362178e-21
35854497356469897e-22
0.0005046917402641904
0.00030996691531264697
20875591240696694e-22
19700197903195345e-23
0.00023792487944247613
0.00023921323608487206
0.00030451723182570455
9384293924216061e-20
0.00038516991312837785
0.0002926525995825576
0.0005428647301371058
0.000296346438941758
0.0009342739518119595
3982867860196131e-21
0.00021593254861506134
6346338799192371e-21
0.0004159176399733022
0.000377662650163701
7742957170424301e-20
0.0002238325865207885
7690176934528713e-20
0.000779558495008287
0.00014485891254302765
0.00015682291533326755
0.00013350430458074696
0.0004312921722630532
0.00041138308142991584
1865766945138935e-20
0.0004231914463284564
0.0013801325384117159
0.00020879273599126223
0.0006503266632959792
0.000749643648782045
0.000900527216313299
0.00041509235294083394
0.00034520498114970624
0.00026096757745947967
8126135763634379e-20
0.0006448429423485792
0.00010507152312732295
0.0011097883378107347
0.001204722237374052
0.0008467782089268534
0.00032127974308365916
0.0001692121397119762
4236159238838088e-21
0.0016978287859611301
0.0002796693348565119
0.00038399028329520377
0.0001666485753985082
0.00026025733111749644
0.0016661239108768122
0.00022497947024819112
0.0003691922261987855
0.0008347108126426792
0.0005679924003608924
0.0005379676223965009
0.00016464316484748827
0.0009312757025074878
0.00013363283454525006
0.0006192390643013525
0.00023949917230801587
0.0007271487099526756
0.0007634542294502008
0.0001911023028805018
0.0002611714705124629
0.00010141720903316204
0.0004087310817603473
0.00016239432806711257
0.0003008700486913265
0.0002508960782687678
0.00030975013210790526
0.00018228907006444933
0.00031923495285597777
0.0002739962815789989
0.00014348258907712568
0.000177982229345481
0.0002253754253867176
0.0006917336165399707
28689616948360024e-21
0.0003222904143653359
7218286328073963e-20
0.0001297378128708777
3420437327850704e-20
518868429230654e-19
0.00011799244385236444
0.0001292435151891798
0.00024934174712003276
38068751862421747e-22
28994560729040627e-21
1785346878983934e-20
0.00010292995761047401
6205636800885031e-21
1672537298049229e-20
0.0003636390394741472
0.0005351325191693504
0.0013613720513546573
0.0009167032841525181
31187889995109766e-21
6275059462383252e-20
0.0002547169352098509
0.00040271697604356684
0.000591088207102998
0.0005484648611977589
45715883816003207e-23
4332562869479546e-20
23672978574866528e-21
0.00013974056209944432
17617802225302874e-22
0.00027217982585979174
10660448733417464e-21
0.0003275856598413343
0.00018042661760889127
9136343374614379e-20
0.0001458248316340483
0.0002910026389266121
5738449871021325e-21
0.00012336744806115013
0.00017178611510675076
897239986808783e-19
0.0005108184093659456
7824861977682548e-20
2486286584126821e-21
0.0004934827210837556
0.00047801148056098416
9487590099510684e-20
0.0003230458512496251
3131572815323559e-20
4004785241200495e-21
0.0003286962634189686
0.00015013438655034225
0.0001416466081271195
0.0005603855466006006
0.0005386624997292355
0.00032454013042905027
0.0006958336556275803
0.001224716759656285
0.0007436310317293705
0.00031025349050685136
0.0010489043644265586
0.00015361080383497248
0.00018791473937722366
0.0010776373303156498
0.00022045466342839894
0.0004132554580443454
0.0004259132647911975
0.0007253602866795486
0.0005414586287724091
0.00025563357147274294
0.0003136943797016922
0.0008017215861653357
0.0003194943212703256
0.0002656620004962263
0.00028998183304304066
7903462018533104e-20
0.00031396669385523113
0.0011892276428285135
0.00011301933246536181
0.00018563262717107113
0.0005483892251764448
0.00039499366000578825
18488185332646378e-22
0.00020417358000947872
0.0003023634992532319
0.0002800773589746208
0.00015185865324482298
0.00029905551380831084
0.0006829966189589585
0.000460560708127682
0.0007014141280570389
0.0003601750203998087
0.0007892029736687427
0.0005245610051414517
4428845659672292e-21
0.00024110579535382846
0.00011326338515835446
18643344099648411e-22
7756404631925e-18
0.000238641220016006
0.0006763481477827031
3637909236730091e-20
1862600540525727e-20
27149769535159838e-21
9520947868419547e-23
0.0004332084591571193
0.00010095558788582715
0.00048616806011342307
0.00044717789858137916
0.0005188506475498873
0.0007136038115775631
0.0004724603669836863
0.0005306981841425763
0.000870096723524985
0.0005377104395103989
0.00026330303406310157
41744818212241355e-22
9765251962742625e-21
0.00031742415516373626
0.00021065515936327257
0.00032758469785637486
0.0001351300751201534
2381424054639301e-21
0.0003098896954377819
0.00017865345424806502
0.00042293203131773903
0.0008601839767235031
0.00045489528816864555
8320380673497934e-20
981254760591714e-20
38129413808055774e-21
23021419356206646e-21
0.0003946715652716809
0.00023638091910949385
0.00039671467863961786
0.00024755464561446107
0.0006450686626493369
0.00036234306378292
0.00039125548455604266
0.0005089230459916043
0.00018285986508782774
0.0007810901349764584
0.000665284902564003
0.0002868094420135338
0.0005233680252900885
0.0006435065678667314
0.0005817305788744815
0.0016226920216621562
0.0003044483642648578
0.0013203479188228719
0.0005027907461065224
0.000200198953732025
0.00032758249272034557
0.0005467232353362043
0.0004369927596535673
0.0007763275019423286
0.0005913424281243449
0.000855815876298687
0.0010037657427310826
0.000578108184965519
0.0001476218312215226
0.0004509536701763528
0.0009125228968819977
0.0001971472974910729
0.000853962978299522
0.00049030542163906
0.0009879575429209253
0.001716663577890977
0.000673003861995918
0.0003974372568747538
0.001023211287380648
0.000375942552507759
0.001957375276226168
0.0004320674959323639
0.0003209893579403951
0.0008067437028366535
0.0014430398262501823
0.0005975750858678866
0.00046915224936166177
0.000950788285441004
0.0003839651317345845
64110535535178e-18
0.0006535715394237325
151867116168246e-19
0.0005767692598467715
0.0006107162208751603
0.000651088200552646
0.00042302623754333674
0.00021439523291016626
0.00013687102978277702
0.0005768020344542953
0.0004904134892589518
-640271378030614e-22
0.0005714022391631057
0.0004333901667408313
0.00014167766669394746
0.00075587009758902
989132867751302e-20
0.0003515534017105602
0.0007602884699603671
6778917433073562e-20
0.0003552599887713544
0.00045832771975715336
0.0003639361063639807
0.0005200347069965847
0.00023985050371691277
0.0005642863412507763
0.00013666528385056952
0.00023848594972353804
0.0001806429184187864
0.0004949517534889172
0.00022686008590525243
0.00041227102811082814
0.0006605162863410549
0.0003457779612531543
0.000431013071189965
0.00014056421490775035
0.00031047681244129893
0.00015558950902827464
0.0004128610125374853
0.00029118453485932257
1868953913226007e-20
0.0005967952069469145
0.0004798466608210484
0.0006978333109332694
0.0006986628175077013
0.00014607221642844675
0.00010528847041712241
0.0006570003371718435
0.0007444201975404673
0.0003181234048469115
0.00019265034723340205
0.00027614500779721274
0.00041721946275127445
0.0001898125748365756
4009492719933909e-20
0.00030356304962671113
0.0008475592663952791
0.00030309987781980787
0.000205540668285839
19003467713270373e-21
0.00020834705041443226
0.00033743965836316507
0.0011271892157021853
0.0008496729360895521
0.00023563809022193277
0.0004570404735166765
0.0010378790004305478
0.00030149061653900346
0.0005523333818121657
0.0006328334581433446
6887967546748566e-20
27451078194342523e-21
0.0013605117693950952
0.00048412987943655084
0.0007673606237378667
0.00013909444729612655
0.0005989289286688575
0.0001442634072797411
8987509981977625e-21
5834495804552557e-20
0.0008124455020870971
0.0007612437202049858
0.0012723166680658326
0.0003715603100627384
0.0014827629354430111
0.0010470373791405384
0.000808636884865206
0.00026572327575484077
0.0001913714650806301
0.00046454339155445465
0.001082795167746353
0.0002869365903563516
0.0005411714940353919
0.00091653214777456
0.00016770586601461983
0.00035831224874412145
0.0004449119730686929
0.0006501804593771313
0.0009824107781163842
0.0004422869591906546
0.0008139045758935978
0.00023427324923431926
0.0003642954317696975
0.0002555747973405363
0.000991938721826605
0.00023315998999862652
0.000574812091936612
0.0009773232516582507
0.0008396276194578354
0.0007954069217286097
0.0002661830126864664
0.00012673976128021878
0.0003700559542352705
8746447215333565e-20
0.00042533822090377947
0.0013996513168489275
0.00029672102494162446
0.00012024960173764233
0.00019119263726847404
0.00014821242143349248
0.0003216605113761959
0.00016429100936890352
0.00013048640219356762
0.0003826858797037469
0.0005588799850349766
0.0007345359217715691
0.00022420385365540005
0.0014744442644014524
0.0006071270213357199
0.00018400082375461514
0.0009243899922132186
0.0004901838795141143
0.00203226054476182
0.00031261426683921133
0.00087220361108876
0.0008405723703524358
0.0007418031511712264
0.00038828742531703817
0.0002961187781319208
27935682072520916e-22
4105526743313833e-20
0.0001520625510261951
0.00012170405943118454
0.00010523541269535672
23199904232956028e-21
0.00010275514754509866
10199995755833506e-21
16481867166677458e-21
30643548997970354e-22
2002318772406495e-21
0.00014887459753498678
0.0003936245560896405
0.0007053627333544408
0.00044278258957863734
13927282673338727e-21
0.00016572323686511105
4496797272673807e-20
22251100117445787e-23
0.00012764302080967222
0.00022397049781931166
0.00011518378232726898
0.00032414277310928224
1195682313396093e-20
0.0002516763725089089
0.0006286046781537438
18785407748092453e-22
0.0006626110480498185
0.0005628543299115459
0.0005003928588087391
0.0005691230615617609
4166315188827625e-21
0.00031546148694086784
954663783716049e-19
0.00012998043928920405
0.0005700592394674829
0.00013106268906694897
0.00023807100104495632
0.00040976690393555574
0.0008273886593844847
0.00012765414691885373
0.000876816086298338
0.0008425405804141653
0.0010173889980460578
0.0011341524012541194
0.00021222145771476722
0.0001239813851850055
4161856882874095e-20
81984200286413e-18
0.00015988211144821854
0.00039540587433317274
0.00015906761553539516
0.0002572568149178664
0.0002967975909591528
0.00041781132262503154
5715573577675589e-20
0.0008960753245135469
0.00032972553461341024
22342216280532675e-21
5739824132821873e-21
31451313915391613e-21
7465824079103568e-21
0.00042120735937261277
0.0004422220167421267
0.00014659151972172633
0.00015022215701746244
7187154969558568e-20
0.00020041829155967867
0.0007047976939498021
0.00014905470957938649
0.000252310020002596
0.0002801639098130461
0.000770992663101977
0.0010255083771257881
0.00033384809041139813
0.00046521878113751046
0.00016187409103684985
0.00011189411468520743
0.00046495657841219464
15809419764569692e-21
-2116522786982395e-22
0.00014115132363339732
11914426047652803e-21
1026076148372114e-20
689221088967841e-19
17039754801196352e-21
20543501394370687e-21
9429251419505021e-21
3786153259885152e-20
5260711972067945e-20
8959783930894581e-21
6955545457361305e-21
5121553858028217e-21
64234039729134e-19
39551659297535385e-22
56137993452323005e-22
6069379600204935e-20
1145320889373265e-20
0.0003592868028674057
19531423634233606e-21
0.000284059570474689
0.00013792154384359908
943755998081124e-19
919066375222739e-20
6893464685518136e-21
2110969189751567e-20
10631313110917205e-22
0.0004443350144099296
5451279348660207e-21
27217946450436307e-21
0.00019720313382866686
2598620900250531e-20
0.000218375521982323
0.0009021194259022408
0.00015462358883288463
0.0005072628770746854
0.0006479825563797767
0.00023622382367960364
6139882453606319e-20
0.00012119200928881523
0.000466456658216427
18472595564513378e-21
41369379857503664e-21
0.0005107820852646854
68393350580352e-19
0.0008185429953685192
0.0008564351283199672
0.00045329907805592956
0.00040348072406873537
0.0001502152482643125
23315703300820454e-21
22346288612738135e-21
4721801076675645e-21
4815405217386116e-22
0.0008717348353246907
0.00027460939034537954
0.00013550957053775443
1097308730137937e-20
14738467487173676e-21
5392825277325961e-21
2066860501859038e-21
0.0002772804328205138
0.00010071911565478972
0.00010638849393339692
0.00025549844281788365
0.0009302844487129007
4103404231806246e-20
14728068469679989e-21
0.0005774305966317587
0.00012503423866664737
0.00026496806726943305
12054343989769136e-21
5247085675293367e-20
12789295457639905e-22
9641834418821762e-21
12639634676356123e-21
19696888505799706e-22
805345588846399e-21
0.0001996788668362218
5939840515878676e-22
0.00015083371483468142
0.00013570624704948642
8096905905722795e-21
2421640819111638e-21
0.00037617770747348436
0.0006593907759403594
4241002962983063e-21
10594953936712717e-21
0.0001748218442232073
0.00012329274705505415
0.00010329123757207436
15840231649512053e-21
0.0005368391504464128
0.00017562069078894807
0.002439471609510292
0.00038350101416093383
0.00015274073032600465
0.00023681669780940685
0.000585221711628306
0.0006251839336180935
0.00037574488044876333
0.000278369794545901
2061609495487939e-20
0.0002971464962788155
34203083486994794e-21
0.0007800333825816009
0.00043687252001180167
0.00022806129369893792
0.0009223843822887656
0.0012083331623586532
8719398844656288e-20
56917496194033416e-21
0.00038631884817445593
0.0004748056038856263
0.0006568161703486443
0.00038199733099220947
0.000521694394997104
0.0007466343276287433
0.0006895969137511617
0.0002813635622954742
0.00039063330568478227
9195098206889967e-20
0.0001808802916092867
0.0004975018613001284
0.0004164628143546455
0.00028477187029166476
0.0004256026714838274
0.0008583582581578249
0.0006719003431747737
0.0001306618873431183
939371913784684e-20
8766271109333519e-20
0.00031636617930743316
0.0001189259171883103
7315642258277989e-20
4128400964083686e-20
0.0006757036796884977
0.00018228879633553374
0.00030071052163276345
7927643184929487e-20
992348034131259e-19
14274771657554984e-21
0.0005121450463240206
0.00034728740621081715
0.000565953293641587
0.00045025981730870655
0.00028529330690607347
15205753150883037e-21
0.00015647781032821368
0.00013965144980672525
0.00019354737507440824
13499894854120056e-21
0.00019023758091528493
23660443379400034e-22
5163088796673459e-21
0.00011199512830221835
0.0007765685524854873
0.00016671595587354135
4813199985729664e-21
0.00021848002144362756
11484712585973529e-21
2571988698841904e-20
0.0001905228546365276
0.00019094344376219147
0.00030137830939641326
0.00019631505092246668
0.0004385788335590891
0.0006997036991421663
0.00013792288294154812
0.000860057191480754
0.00033803732992367715
0.0005290284994545042
0.0008787692580569086
0.0007874405186695118
0.001100090630385312
6246784149258354e-20
0.00036008517268799217
868834921315674e-19
0.00047466788836369913
0.0008528015906413028
0.00021126891365256135
0.0002094476925014893
0.0007566519906413889
0.00033113773671528845
0.00015871297411559383
0.0004278505173812701
0.0004327335092751711
0.00034700863035697565
0.0006401569031616245
0.0002718384881950126
0.00012604726526010106
5994201182418698e-20
0.0005396934018951629
0.0001040339029408582
0.0005594077141289954
0.0006216433722365031
6284834558823947e-20
0.00046359467248219586
0.0003638977790926211
0.00016619775866654236
0.00024533756846130937
0.0010250675874648207
0.0003497853830264318
0.00048557857683658665
7508275730943093e-20
802695990646625e-19
0.00019516468736289675
0.00010267242902581171
-8873373833311828e-22
0.00011615999801936973
0.0003447724574372141
0.00022652104442253234
0.00016945466700746145
0.0004261583131652183
0.00016632226661490178
0.00018968511003875985
0.0002206130460598269
6197724599562534e-20
0.00018350637167706153
0.00010259258920542572
0.00018835471449724794
4836871464887733e-21
8820783619020279e-21
22413221814577123e-21
0.00017582927311968804
13073265840884133e-21
5162191320121549e-21
8495474334807664e-21
-2889450330394746e-22
28588369981348572e-21
5421646488538955e-21
0.00014996869785853346
2004276487604565e-21
0.00031514457873847143
63739014040718e-18
0.0007683444355232371
0.0004783277356103084
44387389567934586e-21
0.00014542912715547423
0.0002790459086908376
0.0003594303650293419
0.00010751042507688888
0.0007666789260978446
0.0005551020114341235
0.0003455998002507883
0.00021886383177326997
0.000380185004928553
0.0004281277139324881
0.0002748018729957229
42992319127037016e-21
0.0002899550947885991
0.00020967573336431273
0.00018602861877406045
0.00022898446654128586
0.0001799286867310467
0.000171267924999052
0.0006806372200749213
0.0004421007848207332
0.0006154178785126395
0.00016698120892564693
0.00010708687095783935
0.00013836705582045026
0.0005088324586479432
19428885876323294e-22
972367543089913e-19
0.000562997126670951
5870061441380475e-22
2509272318369309e-20
0.0003010271007883463
0.0005382351053503517
4465985619762858e-20
0.00010883289214476586
0.00017281251670042206
0.00020127328339821833
0.00033550781097706575
0.00040385317105697953
0.0002479995029048756
9001683244414319e-20
0.00017705239924512432
2647391947568204e-20
0.0002594303696253337
1844083154455845e-20
10470931970099653e-21
9567498902346308e-21
4106017936139533e-20
0.0002085709394727121
8666012351318624e-20
0.0001711260255570822
8176653174275127e-21
0.00015111924106626365
21037269974458718e-21
2176741158250582e-20
0.00036736796979885234
3394096647903937e-20
0.0003643868787756213
0.00014946825310586305
9415203954492989e-20
4358359767513426e-21
0.00013816479161488156
0.00014440017751954774
2764275242816252e-20
0.00024580930545403933
0.0003529178559921822
0.00011249482023963968
0.00045902778187216465
0.00038445990056983076
6119012531628845e-20
17905739340799092e-21
0.0007329700864441467
0.0005811545571205513
9361641475147332e-21
21113592869573675e-21
0.00011620760165470173
0.0005293282848730008
0.0001238666310092994
0.0008217817875511761
0.0007028429408915621
0.0008449352467176646
0.0004097672703699891
0.00017378473315504895
0.00012292899732641773
1528165479255686e-20
14941035738138258e-21
0.00018691010518106873
0.0004487911622827186
0.00019246847117981175
0.0015688124510099325
0.0003805232728521719
0.00020017195114501365
3357781882391812e-20
0.0015528122292518074
0.00023476535077135676
0.00025471737195154526
0.00022007807338393742
0.00024517309587878175
0.00014559568731022983
0.0004331181320175779
2578407045502513e-20
0.00012773636251448605
13352349358151004e-21
9616247997979622e-21
0.0003621208681792836
8890146373296335e-21
0.0005876145160151409
0.0002626812220615362
0.00010689082924013642
3899247035808283e-21
0.0006602847821005315
0.00016749285092705073
0.00035155650319232233
0.00036018470445124863
0.0006181380918138093
0.00023364994132811983
0.0005744224607222393
0.00026405041490660576
3452991828174146e-20
0.0004728392500530823
0.0004294595519423371
5582304635726966e-20
-22873350572216332e-23
0.0002127578704214976
8833446812260071e-20
0.0003535699867962397
0.00017929765558296387
0.0004432637020604932
0.0007047889646888735
0.00028888154894383787
11742832265300495e-21
0.0004918765838560361
-1809771592503373e-22
0.0018613980907993023
0.0005107828812912779
0.0016223224343552543
0.0001110882922756191
1370908416687594e-20
0.0010196093237025182
0.0012272878255542704
0.0008931654504029518
0.0013464785404846307
0.0019161346431676657
0.0009173002602177324
648253746862055e-19
0.00028779256722939235
0.00010862481925704992
0.0003041139354791911
0.0009052108965193253
0.00018402040111264466
0.00039107104879968076
0.00012543061481841856
0.0008771097111617371
0.0001494309323964545
0.0006828998622186924
0.0013738894926949448
0.0007661017957119316
0.0005941035431426092
0.0001721154426360619
0.00020232935104595777
0.0007386387513926452
0.0013818499383380814
0.0003303465001281468
0.0004831707729400489
13507877921765379e-21
17639210344652468e-21
0.00014082534589137738
36102710428550014e-21
0.0005490825815585731
0.0004414658972989845
0.00021946225530025822
0.0008345738405668591
0.0007850124277228202
0.00013598044996897995
0.0014811661782308683
0.000477786179261033
0.000461863139485507
0.0005886710775363512
0.00022266462933428458
0.000557876057611064
0.00015623073593150705
0.0009528054183773892
0.0004739134252039286
0.0005018072709640749
0.0002216868828219446
0.00024594601949382884
0.00011929558066663511
0.00022136805552632946
0.00028525064593662165
0.000219607081946347
0.0005178078091534834
0.00025762777060927677
0.0005038592717444324
0.0004530426743421591
0.0005431948979684266
4851207564705391e-21
0.00015447397116514214
0.0001118832535595299
0.0007628480248325087
4914633911722107e-20
0.00034380371590946854
6211892841307504e-21
0.0008238162055454578
0.00037159328448341483
0.00024095410994860722
0.00018327401356893087
7445798321406485e-21
0.00043763866292440706
0.00023074268552496013
0.00044783956923009004
0.00022204734702040678
0.0005363608760938199
0.00017818229145396934
0.0017711471931735505
0.0014432783861429823
0.00037018833126753215
0.0006050324230083845
0.0006365375595925086
0.00311546470926221
0.0006418296111917694
0.00027622082887939994
0.0002035641429361269
0.0004177734153927582
0.00044520106131107
0.0005633695377420241
0.0005718027748058618
0.0008395448836429149
0.0006730001425813455
0.0004496098066452278
0.00038556193652919217
0.0012791439168692643
0.0006992328367973152
0.0006687571717992686
0.000903588424377418
0.00011182230838848065
0.001118213883423194
0.0001193613843446188
0.00153777375340134
0.00034763499162556724
0.00036326292793905344
0.0005846234604164084
0.0002673692496698621
0.00013251954380061621
0.0005670470256004289
0.00046981775306814265
0.0003223237615987967
0.00024229104087573046
0.0001862424705629636
0.00042696382472782606
8563209052682865e-20
0.00017152545148549166
0.00021813071159784036
1779967623101268e-20
27788370164717907e-21
0.0005290194210048965
0.0004825917337025713
0.00035914942482426844
7400918817120673e-20
0.0009913294988343438
0.0002254806456451464
0.00031105565154982274
0.0004828647006767638
0.0012488503449375249
0.00048063091014225546
0.0005317349734047534
0.0009921227546067883
0.00035994700126203556
0.0003710859900850993
0.00010125396426740091
18915244767031294e-21
4116877935165219e-21
0.0003336410065414149
0.0004251620718628724
9724434224043588e-20
0.00024901885969378957
16877968936448733e-21
4854444525343875e-21
0.0002466830954627755
7803749231239753e-21
0.00039223522150014527
0.0002851469350393507
0.0009401989738482804
0.00011645962951085968
0.00041889981837184005
6786812204732469e-20
0.0007686763199796146
0.0013991770845742477
0.001753498331817675
0.0006142660526050562
0.0006857127006482952
0.00010474281507508725
0.00044914920934103044
0.000217100398889894
0.00029679186683632036
0.0001371795679883522
0.0005400220280550777
0.00017164157830630914
0.00012275912024974493
0.00028820765403058036
0.0005163568695428754
0.00018999285162163486
8864572821576273e-20
0.0007654753740983947
0.0003051585572458115
0.0012628672238519216
0.0006127616019696715
0.0004665171700780873
3798537108633908e-20
0.00035603796410198365
0.00023952758158170422
0.00017659149776038527
0.00025407725306879163
0.0005387284628282031
0.00020983647851850382
0.00011495711699971168
4320657981229002e-20
0.0002244483580180039
0.00034678233946549
0.0002562149888767733
0.0003209798272550859
0.000441236472834039
0.00015344359866691562
3685788152425669e-20
22841918046500752e-21
0.000166708183195613
0.0005277965189278972
0.0005611994377526845
0.00015148563513237216
0.00017425272058667435
0.0002922532738214811
0.00021234085910740863
0.00015101843605379452
10821792563702883e-21
0.00022264523448110185
16998054908234918e-22
0.0003073860159157855
0.0005267958248659508
0.00042299700378373216
0.0012864157567982575
0.0010787354641357328
0.0005656250310638925
0.0008404277956212052
0.0017385861430149162
0.00021856497589055378
0.0013225719136503056
0.0003112662793713183
0.0007514713631418461
0.00014225768498215757
0.002691816278959496
0.00044196438601861604
0.0009006271381026977
0.0006669748775767673
0.0005530691934407597
0.00018918784986101
0.0006257330344297964
0.0005707778778409599
0.00034554992798049855
0.000522342109060797
0.0007584053248143629
0.0008084938582827568
0.0002568275941275412
0.0011995968976891522
0.00036974678636263615
0.0007532003446775909
9096644317196463e-20
0.0007398888891760097
0.0001265891398737903
0.0002693344824338117
0.0022591334047256505
0.0007704792690299649
0.0002888950665116761
9731872261121458e-21
0.00018292609872582342
0.0007140129917594275
0.00033519100951138987
0.0011102331323487652
15528763112692365e-21
0.0002637158393548479
0.000382339002094086
0.0005478643370258672
0.0007703982787193304
33266656578437815e-21
0.0006742110450658383
0.0004600723066708522
0.00011525021794023125
0.0002641611628392871
0.0004098677351951114
0.00018442219541711625
0.0001837393528486499
0.0009576328474286972
0.0005540254097390065
0.0003368546526297528
0.00015973839379754084
0.0002926066918495774
0.000162050404546537
19268936117228208e-21
0.00030525459026689366
1687023751221153e-20
12205721392743251e-21
0.000666072544497122
0.0007782579998893843
0.0014696522113780911
0.00028535646916443724
0.0004332249538394622
0.0005942808912330043
0.0005231144241441041
0.0006011017180522937
0.00036313061055958507
0.0002881736150628736
0.002609961665709712
0.0003265434162833103
0.0010858537182105465
0.0008587972421076609
0.00046338756070299483
0.0006326149351093555
0.0010325648056473894
0.0032132230517803203
0.0005114975313520721
0.0006560519718026502
0.0004879184750840792
0.0008212441501404352
0.0023296864939445086
0.0007520276263310412
0.00041139195822728175
0.00035410262009740985
0.0004226781962344208
0.000464083728512115
0.0010884850855650198
0.00024409875814043272
0.0002325522442290001
0.0006513239964852458
0.0006303154853508034
0.0013251543406259593
0.0006541289348934998
0.00018104171401929354
0.0002889762031726037
0.0003435310567857672
2189684607601252e-20
0.0015018401309832936
0.001456523797182313
0.00062039713983969
0.0010219291367481798
0.00020453308587339473
0.0007133789307376264
10115082853219101e-21
0.0010485896303777831
0.0014283768049932679
0.0010801152995535356
0.0003993140224474718
0.0002732305872429865
0.00022775944776333245
0.0013176403611946288
0.0003039712779203996
0.0001599381574932784
0.0007621515080905091
2617498764885903e-20
0.00037408402548555085
0.0003991505043148044
0.0005427189507199871
0.0016557467058460865
0.0009564124341689022
0.0010680127438133305
0.0007018172062427123
0.0009498857123438857
0.0012352197121505376
0.0005717239264168088
0.0006707344213225638
0.00047942294610984993
0.00045714697573244326
0.0009241505023052624
0.0002005651988844446
0.0005799599431119747
0.00029346943058350644
0.0003541257012764027
0.0011595572744277061
0.0003787071856175271
0.0024601032438982423
0.005942331990977837
0.0019188258218592491
0.00030960921899290256
0.00022993196044663976
0.0011414176040199747
0.0016888142302066505
0.0004310081842926075
0.0014534171455583803
0.00017982123907560186
0.0005100751887242377
0.0009447778420925792
0.0005370032700795107
0.0006035967234364813
0.0007081951748835153
25915514862391072e-21
0.00013781719757120653
0.0013057589601975798
0.0008888194842523994
0.0005170459816631742
0.0007871545737688936
0.0018613927979374409
907115942788211e-19
0.0006640087961321453
0.0002687296369856739
0.0023285217463865533
0.0026233092745940843
0.0005343509960138742
0.0008604157095807457
0.00023134298403792457
0.0003258078019528868
26389448891419523e-21
0.0007598219928289956
0.000823707283704371
0.0012881616791423297
0.0008331417906684902
0.00037752123440479757
0.00022117403359098758
0.00044437278672225793
0.00020119816106715729
13524251187089091e-21
0.0007560037776659081
0.0003527544709446738
0.00018976306486759086
0.00024434001187443016
29652227088438983e-22
0.0010353564038924684
0.0006926137613015377
0.000524826952137365
0.0004618085603326808
0.0001151062518184375
0.0009181222963012234
0.00048408677527774744
0.0018408497972434664
0.000210265406175472
0.0005257041209142699
0.0008579801306443831
0.0006576288942168691
0.0007678939674832399
0.0005718330861571896
0.0002880399563134793
0.0004104459157391643
0.0002906252005915157
5855639082158629e-20
0.00021373334528516433
0.00032806210026135554
0.0005497862584418464
0.0009698474817193333
0.0010803393858582182
0.000671950450914312
0.00023599802346338316
0.00012698460183709488
0.0008519285194292422
0.0006860458363740836
0.00024254779222777624
0.0008673004459752435
0.0004441585473786374
0.00034617972031577833
1996429067894133e-20
0.001120138418999615
9481422205673456e-20
0.0001489114706048124
0.0004699657815396829
0.0002842055921002299
0.0011920533021045378
0.00018110547858400983
0.0001940218484305479
0.0012190722760564538
0.0003277189306485678
644452610547299e-19
0.00017777747152640885
0.00018817016859272527
7308267305365307e-20
0.00010208080762939577
0.0002154495139053821
7602235738240935e-20
0.00022821194025876302
0.0003454115907090072
8237934027623326e-20
17574729115699855e-21
0.0003993794164291273
0.0015330530717093448
0.0003599597081913594
0.0003005630165289241
0.00033849054093519593
0.00047881514485153057
0.00018792476833229748
0.0004952437302513582
0.0005268839431730568
0.00021840890205092922
0.00019437499398483002
3365811266625871e-20
0.0001686709013175746
22294608961492787e-21
0.000595469939290862
0.00027852820344713083
0.00019446667246752697
0.00028856096378206185
0.00011643154047298593
0.0007389357968077483
0.00025739692300011434
0.0002045683480921034
0.0001957154953417232
0.0009768189846235489
0.0008745761797101295
0.0014535885629134444
0.0006693281497473981
0.000361602292285067
0.00039522058971549155
0.00047080044019311693
0.0003811366961099117
0.00039432216873681885
0.0008810749943735793
0.0006400253239314508
0.000546324036424624
0.001630007309745284
0.0003633454156007908
0.00018346556601576093
0.0007229914653291589
0.0005045204951277587
0.00030514544519878414
0.00047516256754122994
6964583079849525e-20
0.0002663318917778356
0.0003150302712352161
5355326649508802e-20
0.0008615674893615088
0.0015249747634176437
0.0005299514101088712
0.0006111181750592369
0.0003340705829108919
0.00037721253456807354
0.0016004410808353364
0.0016093207173933585
0.0005104119322673198
0.0019008588330328808
0.0006530252518107627
0.0004914614757839476
0.0001973928725634429
0.0002168030490051481
0.00046460170234693314
0.00041156672683337586
0.0010927758675388706
0.0006076902649154253
0.0002653063250606434
0.000923115243609571
0.00011908725628762976
0.0003367889251094063
0.00024647191414421703
0.00038463387635843146
0.0005007835699253541
0.0002555938053267601
0.0010311774083726181
0.0007497952753072679
0.00024217629210784432
737793361816524e-19
0.0020928565843723254
0.000966593461268043
0.0004234789244220554
0.000708794242333307
0.00038667226119874635
0.00033779908512004606
0.0009402446015344549
0.0009064888449055165
0.0032916669996673983
0.0003409941554162873
0.0011273028371466768
0.000532104006255342
0.0005642829573458154
0.0003650409726820999
0.00019559650954825242
0.00021385418020159537
0.00012345950787784752
0.0002463751437312517
0.00010594074515265199
0.0007012307749236723
0.0019442567135093019
0.0006409093991118044
0.0006038691469655614
0.0004406247602015545
0.00012807467154146485
897998742520128e-19
0.00015828906627742744
0.00041303779523344154
0.0005122466083873502
0.0005764252861693184
0.0003748399793030339
0.0001705818931323212
0.0008816691741435681
0.0003969516933573118
0.0006094834765754061
0.0002637422545300146
0.00022845346470325926
0.0001981423676507638
0.0004741533066648632
0.0007647772325506949
0.0004198802764676204
0.0006747922323818312
0.00029475847830446114
0.00033125680486218774
0.0015767780481098872
0.0002578078163489539
0.0005982400247316487
0.0013680947451153013
0.0004525267915222622
0.00055684393344644
0.00021983960915114887
0.0008765634525924286
0.0003786021903280948
0.00048278315589908637
0.0012953734159984443
0.0007677848336468139
0.00032543473059875667
0.0007283778224028321
0.000689780495266198
0.0006111001895003902
0.0002946779347373068
0.00023669387824827354
0.0004655285269332322
0.00016743991513890172
0.00025862401039358134
857682717326359e-19
0.00029144735731193147
0.00020366833530411813
0.00013582193408086262
0.00024553997159960423
0.0004272452038766172
0.00015083708692580682
0.0004545358648243181
0.0009723232870871718
0.0005266665557300147
0.00010449240768907471
0.0002647984115241937
0.0007052717310392751
0.0002685032427928072
0.00023746836357574846
0.00032461117298255155
0.0002482876176665412
0.0008161237809687412
0.00019450067630917252
6721177838371286e-20
0.00037083772414453465
0.00020299733337209502
0.0005249105296321236
0.001213362049634072
0.0011499654967621177
0.00046644187955668183
0.001020915112995693
0.00013417982230921435
0.0001759389781134636
0.00046385584731058443
0.00034438290647578783
0.0006592740294533982
0.0002572542418562915
0.00020263330982576655
0.0001159893374735513
6842404483200541e-20
0.00010973988778508816
0.0002810942045661647
10206252155268303e-21
33740243214670902e-22
0.00017203633768251696
0.00014901563496145137
0.00020436469121119037
8881981638483696e-20
26112497646215452e-21
0.00021549726537305097
0.00030521634891255534
0.0006583565198503507
0.00013709806014658267
0.00017290302323217483
0.00013418214639064442
0.0004175451577816115
8054480053031435e-22
0.00018854231744409874
0.00012903429246126352
0.00019916203189029633
9875488009681274e-20
0.00043051507298547765
0.0003132396156315932
3392553777539307e-20
7314112054715017e-20
0.00026075801252955686
0.00020197607834883304
39650954749704586e-23
651991724364001e-19
30853191398958725e-21
572561752519316e-20
43697025184215274e-21
0.00035073188300723944
0.000344693769816935
0.000207665118008404
0.00010763652554564292
0.00038596654836612785
0.0004398588491712054
0.0002432701849695632
0.0006695353138234511
0.00036826654584552965
0.001079531271606879
0.00027593086210746747
7021620401604716e-20
8283238510946828e-20
0.00021594342438990022
24913519056647907e-21
0.00014907271157954264
0.0008186196779496606
0.0008113318572174294
42646772508299637e-21
0.001762098702654181
0.0003295317851769461
0.0009358167966187436
0.00018745269747940638
0.0005347001649362378
0.0005876819051568924
0.0015013184014530557
0.000218307110534038
0.0021257602353440467
0.0001861306445871694
0.0002545205985028686
0.00021171466244219683
0.00018145705746196042
0.00018823600851023878
0.0001380967080250138
0.00013122905031663978
0.0003041484057428622
2888975807583518e-20
14085154738187554e-21
2712759973018451e-20
0.00028191098503359914
0.0008378677004492617
7114931816565996e-20
0.000618551660034435
0.0004309365329868447
0.00047773835597101326
0.0011459038898824446
0.0009724058229579838
0.00035451185283107454
0.0003976965222883642
0.0014385811872650504
0.0002577182416285491
0.00010648012872755494
0.00036948662667527887
0.0006188352370950921
0.0008281934798284036
0.00042236303189294947
0.00034552734247160765
9962025962787756e-20
0.00020610095289930004
0.00011497319406266436
0.0002359907691931308
6542420942322711e-20
0.0003786351394155994
3030020770593467e-20
0.00019447865222368214
12934027288401734e-21
0.00019842410183750937
0.00032534303997770124
0.0003169112478774396
0.00013606421337277694
0.0006070010424881347
0.00032646658133282815
850447054324162e-19
0.0002500163269544322
0.0003109282740882891
0.00019086813353248036
0.00024704575434621667
7218898998135673e-20
0.00038359829616598434
0.00024614819351980827
0.0003203076106067567
0.0007332308255170076
0.00011375000792064004
823514256312289e-19
0.00010710626490476784
25533721680018355e-21
0.0002432166205717225
7609130262927773e-20
1778524556186675e-21
33330184849043417e-22
0.00010907854409105414
0.00020260636013485545
6348166013034038e-22
3784140531956917e-20
2668390654810456e-20
0.00025976752344455793
0.00024231472576410502
27725365675916346e-22
7033287156544486e-20
7220801528614203e-20
0.00018100690308096742
11686692991311152e-21
0.0006949396115907079
0.0001275702973365419
0.000179954144962556
0.00011942438133442271
0.00017567538241630153
0.0001232048711700319
2602453474673359e-21
7044876915624063e-20
0.0003533707198467876
49106718508806475e-21
0.00019432602600652453
0.00020660499919238044
0.0009761832107059155
0.0003001060373249185
0.000905342695618934
7797970411871304e-21
0.0009494346104737881
0.0003051165268148327
0.0016342204936481911
0.0005181813134713516
0.0008140096323742058
0.00035432296130585915
0.0003314700378941752
0.0010309032172405078
0.00027799953414369045
0.0001990920543442992
0.0002505257664577248
7165697726002282e-20
4091663432180341e-20
14100793521747614e-21
0.00015893246311163054
0.0012410773981636452
0.00028353310837056874
2362624338329084e-20
12809421178726458e-21
8272315368101979e-20
0.000616188246128004
0.00022116374925551947
0.0003031593326904046
0.0006021230830548994
0.0003064010993988304
0.00042391204630894526
0.0001438633143578489
0.0003301118721979499
0.0001044177744812461
5549890896521158e-20
0.0006875909703965172
0.0011274466678834654
0.0002940394392274154
8688435614053928e-20
0.00032674439435415986
0.0004443752275655297
7891764267505345e-20
1475802609805219e-20
0.00020199633217672387
7890398903505103e-20
0.00020981467735902136
0.00015686759733344403
20327484893586282e-21
2808523186298398e-20
37969064605323195e-21
0.00019400851843158086
0.0015228595887962085
5143161358115443e-20
651293795282039e-19
0.00023308568454812243
640676567379987e-19
5908650054150957e-21
6911574710557859e-20
0.00014931999355180642
0.00011326277220566908
5406414626220247e-20
0.00030934070055052944
0.0006119696839072594
0.00014763780736556058
0.00016801905996349195
0.0003718416670161328
0.0010261695664713205
0.0008031815262370305
0.0005255172155613041
0.0006252062112295108
6627135767000038e-20
29258847948772484e-21
0.0002832957185887801
0.0004912464005123792
12492894384586008e-21
0.0004585068492557612
0.00014599293075226493
8037527221525991e-20
4727917343486141e-20
0.0007783372632742531
0.0004363859313802692
0.00039577281917788017
0.00024278533848277835
7195091605610582e-20
0.0007945630793675261
0.0002200715505261147
0.00034758140245396866
0.0004244629746249609
0.00011675189923382447
0.000623628986923545
0.00033270949870233647
8071051203877408e-20
0.0001637851339257186
0.0005004774119275976
0.0006009766212899905
0.0003294641560467915
0.00022116224292521202
0.00019697199139716848
0.00030001872866582786
0.00014508204933208469
0.00013774556590239468
0.00010335164601886956
0.0006627868307191884
8757137524613582e-20
0.0021698044474055193
0.0005571561899515537
0.0004507129787441252
0.00026216305212427857
0.0012818635589066857
0.00022319778335229027
0.0002462280510916081
0.0005134224730333561
0.0007680051903745126
0.0003152242237925606
6723280438055977e-21
0.0006952487045931966
9958879237250761e-20
0.0001577013594889831
0.00019832512194566928
0.00019004138086668986
46208104224397724e-23
0.00036314614083806626
0.0001593999931903308
0.001030465978859698
0.0005438272151354923
8316121357236459e-20
0.00030428047918872834
0.00043769300736473655
0.0001517964896494801
123034822639681e-19
7030797467429353e-21
2934569596133866e-21
0.00013180361351401834
0.0005217411346100123
0.0006064548260468123
0.0005069740692179585
0.0005149667135007805
0.0008754378283093234
0.0008677351353518932
0.00012203075948356332
0.00030260890411272273
0.00015378014229294474
0.00012582068371747384
0.0010779155731437053
6615134336038237e-20
0.0003151518426468153
8731666533910674e-20
0.00013386878004284194
0.00018950322648036242
0.00025471516494555036
0.0002660351268614813
10595315574170615e-21
0.0001726797246885265
9398560366948212e-21
0.0003865253495710004
19732569136763034e-21
0.00015702856841811645
38971554274203354e-21
0.00012166411588327832
8522567350325532e-20
0.00030605776273928795
9196799177796043e-20
9847985157152117e-21
0.00018116546563585456
0.0004137369061573013
6610328387768876e-22
0.00018948507893881662
14133367501959714e-21
4014513529121493e-21
3932549975727301e-20
9637894883953975e-20
0.0002548493897149456
0.00021521528627654386
0.0001534019499359226
0.00011774156848318325
0.0004602594686249394
-34353776519837587e-23
0.00010162393805696702
0.00024323411969989154
812184192859406e-20
43555027068685515e-21
14191547686334686e-21
3470183092220596e-22
12683378573359697e-22
29004086980518744e-21
14759685766830504e-21
1540112008522842e-20
0.00012488167413898872
12858326290235698e-21
5095202822959187e-20
35685627484633414e-21
7820505906573974e-22
6590987996299849e-20
6732030795915812e-21
0.0001599150602046499
7205696807937438e-20
16898793570854567e-21
-7616805197577494e-23
9649797613958612e-21
2078719777323225e-21
4053591342896017e-20
12544106866167474e-22
0.0003091201129383455
7582001474418984e-20
0.00016428758840463951
6947212242392093e-21
11901284193144338e-22
