3087345355604011e-20
0.00019021260994793254
0.00018863374257363792
12781217054045285e-21
2307825374969078e-20
0.00026940419029793604
0.0003080290621304504
0.0004040261333610176
0.002154794900069798
0.0007933110906214163
0.0010320290145216327
0.0010152131740947083
0.0005545388353020476
0.000596157199298717
0.0008631720436119094
379733757435886e-19
0.0005649411564486464
0.000298897984717395
0.0003234101243072104
0.0026390425469839216
0.0017017392649691405
0.00035738114222816857
0.0075596989963545745
0.00016564847792728703
0.0005060779058245278
0.005005073437806192
0.0031361848608975175
0.006099297345711809
0.00255700616075832
0.0004528012378090107
0.00012752783931048776
0.0001938690615610275
0.0008224095475728043
0.0007221141557924722
0.00012449747812166425
0.0003929316004027086
0.0011105010071306835
0.002073841780638857
0.000859402954712021
0.0001282767635706497
0.005676696729536003
0.0031416998730393448
0.0002881324795970963
0.009399281548200428
0.001029561757247692
0.001956132329028823
0.0005924209723366376
0.006014988599638795
0.0008726109789908691
0.0004512068293190187
0.00041523227616191807
0.002251218310449858
0.0014062975867917512
0.0005914833378361009
0.0008559990106207391
0.003493622191127439
0.0006117904769536658
0.0008253473599057313
0.0003133960001743733
0.00284517855962161
0.0010684017257844632
0.008686370161252413
0.0024155639090759147
0.0010843776347546812
0.0026857094815011355
0.0030108590372824873
0.006002769315777585
0.003090970313457123
0.0011267809760235586
0.0016278627877049107
0.0042059722424108974
0.0028747794858968957
0.005014081669521559
0.00012021395126123673
0.001927676105655923
0.0020910144237801217
6656744716834696e-20
4957259160116533e-20
0.00017223240340161027
0.0067490492649246005
0.012880387457923508
0.002560809560956218
0.007288457445406254
0.005523228201267782
0.022046732894967693
0.002892712163847441
0.0005763071878801415
0.00297840295065666
0.0027888702892488837
0.00025668256003969446
0.00015263180104337982
0.0006144102645759879
0.0010298823564771512
3657580790608177e-21
0.0002621066126573854
484485921170745e-19
0.001315544890570382
0.00023374498265824463
0.0004293617462395979
0.0007055160288526462
0.001134816886915071
0.008062782309687993
0.0007033863237059611
0.003192290107473627
0.004327948240037791
0.0013879740407618654
0.0005914764831406498
0.0006787843137859344
6704694903205214e-20
0.00030373445169405196
5072206046119114e-20
0.0035441695427348052
0.001709659556315262
0.008546477966600144
0.0052754939251657825
0.0006729149383946311
0.0012465168034598607
0.0033224022174166003
0.0002092614126742664
0.0016239080392997638
0.004120352460086066
0.003696859998503891
0.0006478667322578267
0.00014610264048506012
0.0013982479512176696
0.0007426777150689596
0.0014648378662430188
0.0008759176464399336
0.0066486127291859815
0.0013640124957708993
0.004172309396308333
0.002430406923721191
0.0023435699888653926
0.010414098808248834
0.0005479696205199758
0.00018579907346719882
0.0023344602807218325
0.006843549884535716
0.002199973412733094
0.0031965036277204753
0.0018191844620785832
0.00789087450685973
0.0029448264867853176
0.0029936651189383994
0.007463982151163027
0.011704468714912574
0.003053835601366373
0.000466357223036561
0.006678424946454715
0.006295019010774242
0.009714987457677227
0.0005584875045317724
0.004707794037712324
0.0007045257762028751
0.00012854620203651607
0.0005985970927354735
0.0029409413572201453
0.001974843937330453
0.007813522239024573
0.002826786487922669
0.010628398300172114
0.006708672653852005
0.00012361720376946085
0.0009155717552771347
0.0066935704656717115
0.02228719697187139
0.0023743983653935754
0.0028789253518363136
0.0045826527624794125
0.008242559826689496
0.008592064604409392
0.0034845605690543226
0.00011393389376515312
0.008417927383580348
0.002692884041027856
0.012241782877000427
0.001656492615132006
0.003789598361835028
0.001826219480289068
0.002028567933585996
0.010211530688243278
0.00041586711966258143
0.0019156412477102556
0.0001546531292980633
0.0008322780068726037
9677284623918894e-20
0.0004900335381116919
0.00015307985870355705
0.000272381294558216
0.012701251742285884
0.00013623546592817325
0.0024124847550439235
0.0010733827806335076
0.0021334923392742123
0.00796561060197688
0.00029002938201733196
0.00012995343329363777
0.0013130926602519298
0.0021375289120567098
0.003302074400994349
0.014773894672811374
0.0005390679453188411
0.002502966619821026
0.0028115551267720064
0.009212886466214558
0.0013703650405203598
0.0043037000368806285
58935216541399745e-21
0.002142887507624394
0.0015567823198596475
0.005836792213147801
0.0006999093818918186
0.0001256605967297528
0.0002740592671841347
0.000439581731969389
0.0003068902341983311
1712289820662351e-20
0.00027204799187272814
0.002742322273963119
0.00044395655582693484
0.00011558352344669481
0.003217470182920322
0.00034048386332260285
0.002281824438996998
0.0018351219626716495
0.004739593149506633
0.00023207363708846592
0.0006424489403514315
0.005228425911124564
0.005081746363038265
0.002287076055221838
0.000629376282271365
0.0012626934347594026
0.0005889949276002931
0.002520388218743939
58311036456710465e-21
2625021857253647e-22
0.002660958540590676
0.0003243680930356585
9477385692908827e-20
0.0016337693601859887
0.0023191976764396346
0.00016434412095352158
0.0008086198890993566
0.002708385583563782
0.002387703371096646
0.003079820772194141
7807198355165617e-21
0.00021101071293591433
0.0026437217836900334
0.0009300582524671619
0.003914068144770013
0.012117854618355168
0.009970123787056483
0.004566945093200576
0.0012087488976495605
0.0065892175525456564
0.00031526633707987635
0.0014321256413988499
0.00029483507248593784
0.0004262526070034704
0.00043677225493961536
8193824436300279e-20
0.0004506175082333891
0.00012352683230019523
0.001229889166763034
0.004800482244266605
0.005135298668328994
0.0006715303143672581
0.0038063953257313587
0.002685280671059316
0.0020080444564210096
0.010226262413899708
0.00016931378824461038
0.00048591994212233524
0.00026293145607223265
0.003340438278661502
11448981281553978e-22
0.00048798537575857483
0.0005004296622875742
8066011867560171e-20
1392380281456128e-20
42771653091693364e-21
17052169577454118e-21
0.008310952007978647
0.0014795296280768688
0.0004443122598375345
0.0033536833487682804
0.0010120595258687247
0.0019677599683550436
0.00999974350377883
0.0065371044152583374
4549438078573106e-20
0.0013430184286757653
0.004661826100290838
0.0022769424421456978
7715025247784936e-20
0.003885444427788551
0.0026328044694302363
0.004394348353603389
0.009239319838273086
0.005219323608353573
0.0012768602010955158
0.009667638951413766
0.016544987137043377
0.0006066974764701386
0.0008167828510231618
0.001641629428248493
0.0002516299301227363
0.0004022966443666332
0.0006058377966096526
6625314358525659e-20
0.000639654450273203
0.0023180887777979496
0.0048955010002052005
0.010570589222034639
0.0009321622358978004
0.012642347212100499
0.0007959841967090671
281664471520926e-20
0.0018336577754876798
0.00028778592745449014
7922994937634196e-20
0.00578272822977498
0.005216520970441944
0.0006321516600022731
0.008930192866521365
0.0006439241357652467
0.002773769590788142
0.01342385349608312
0.0017907668254571194
0.0005151784129504345
0.0056394550653662496
0.012724332406518088
0.005330644305490554
0.007812670881315318
0.004256453662323692
0.003660236215017299
0.0005702015106931515
0.002388493941076503
0.0068795190035416225
0.00011374992111987025
0.003358934770202839
0.007757986305992948
0.0013201269777904248
0.002341319512293804
0.003173295548767836
0.00032576526048629366
0.0006371919946114856
0.00025358772072437433
0.001549497983726846
0.001073642487314226
0.0024975457090318587
0.00031646794041743996
6693764801938712e-20
7092785882479966e-21
0.0006257396086588689
0.0014280257171389405
0.001151825673907484
0.001690522493777365
0.006052157879509062
0.001333316714291014
0.0002639191521510002
0.0006276932753297622
0.000361380756976397
0.00018207519871456468
0.0018632588562426634
-4014207955027379e-22
0.0001676664755058325
0.00014613018344891178
32092060131555677e-21
0.0007995342220682354
0.00014778019392107798
0.0009250993247590787
0.0013338190363595692
0.0005012196243634691
0.0008808225765758217
0.00039063941747234947
