0.0021074184602741866
0.013264249135891588
0.041099464916464705
0.02123336113293274
0.04467136555738574
0.005405516554016914
0.07982262933624912
0.005742018928132957
0.0860094290184684
0.036880810168128914
0.02390879153266504
0.020536096086668915
0.007136517212497689
0.1146265835995098
0.04109090470361946
0.05004052580511876
0.027749432981748045
0.035285517977122496
0.017998834833906675
0.05544874817354117
0.022321716874559867
0.01812916560127673
0.004652838718919881
0.07015438294671009
0.0005976066784885682
0.016075584365491356
0.06292874731935173
0.010027607381966676
0.0032238330307651332
0.018577430409489188
0.013476661080124176
0.02334850982505235
0.006427699653460963
