8194877821836159e-22
0.0020263872588112608
0.012130088948412679
0.0019806568566044743
0.0009894946773480312
0.0046164759840919625
0.010500728253259668
0.0026426304831390574
0.011823422758546195
0.009446658991520801
0.006536555128792232
0.018305708291252547
0.0009868504835044913
0.0027780697706685786
0.0002461317546021904
0.005988755607349934
0.013672748510310936
0.024861542519339773
0.011499488649982686
0.01175198303191
0.012791092643963707
0.0037447041553885204
0.014851136577086749
0.005443199275194459
0.0021687200354669005
0.011019844366037354
0.003638818837472512
0.02170165447454385
0.002014103963260944
0.004907265295271391
0.004734559434933649
0.11040169669000909
0.010661896389597492
0.012501411074155597
0.027471380109205905
0.002326366843574098
0.007832213381607719
0.015058793010476343
0.00338812544791472
0.013310086633651392
0.008817509543928263
0.007879041635861641
0.03440772822119582
0.02514550693831125
0.014908876722781256
0.003097681309519386
0.013262561925769857
0.028421818814432825
0.010842748236698204
0.01393967979260339
0.005704983617921634
0.0026601087689727488
0.022666637083821613
0.032900620917846866
0.018818868170118068
0.004143457214222924
0.030019392187971863
0.018245954881848204
0.004052895326087299
0.018161754192752556
0.0025210406239274327
0.011987910761492922
0.015334845098919367
0.0029727355019706207
2629173673829547e-20
0.0004515839050912521
0.006917029421193424
0.006283662498583563
0.0026176234831391475
0.006418485608341158
0.003531673309861192
0.024579656694478935
0.0013469292930330095
0.007448673097087017
0.008773598153394279
0.0010755555428972315
0.0005537567006290614
0.0190899836464502
0.00512098500941458
0.018979642415242293
0.008099089037040813
0.009879290628082616
0.009296132128894906
1554859406533686e-20
0.008874830369753615
0.008584977709220789
0.02074035163441275
0.0007558299389961009
0.020933938605258343
0.005938257263681949
