0.0009555936926670596
0.00027665710571254205
0.0010542110881331455
0.0008110479283276382
0.0009697092613061767
0.009894276149658085
0.01771925793138967
0.004461261742069162
0.18456105102760315
0.1226397043930844
0.0015047008086465487
0.03315979959345802
0.060197986981352064
0.24627231092009652
0.001968481050576312
0.004670022513392749
0.008255613983565883
0.00040301576147345797
0.028416425171780186
0.11479607374270545
0.0018239218054583067
0.0007383406218686177
0.0037578954388587473
0.07690725089558414
0.044371610208491605
0.0007303037162148802
0.021068718317200648
0.004148522524390512
0.00035696811630550455
0.003108535218827173
7322898016505762e-22
