0.0003491168454993937
0.0001106342746073086
0.0014672501396434058
5971953932792294e-20
0.003057785880232733
0.013991334062181442
0.0003016836853835842
0.012609882569344243
0.0007102787652594135
0.0003352672774881206
0.010436804774770025
0.008476419065550276
0.00699317301648023
0.18875630979335184
0.0014441679179206526
0.0013776029300706996
0.065896597127888
6490952659475852e-20
0.0027227927630185064
0.20601321847829393
0.001402145938561091
0.011891862360239015
0.008225154785318224
0.010979281604237189
0.0004448064241920556
0.0012109193006923677
0.12476528303640547
0.0027557663110794046
0.00011840095424343852
0.020228288921655242
0.13849718439744887
0.03478584584287442
0.02752533966239095
0.056531236815005936
0.0009331552586322925
0.004188496001453296
0.00015393758408831546
0.00030913546079047196
0.00012067529003690689
0.027508937059062533
0.0001835472745692449
0.0020098990502939807
55752233822625166e-21
