0.00010218873634655149
3314841774300645e-20
0.000580485331462604
0.0005987219808445877
16800343561363354e-21
5200231103817995e-20
0.0011865175585367123
0.04071890193944975
0.031827382108539214
0.007609714267866226
3525613104477542e-21
0.014320916030599094
0.0041081921409782994
0.007747245334710695
0.020632487087057127
0.0013150449618909126
0.07881797933782335
0.03215079852986856
0.017859718557552
0.010417165112465014
0.023754178660991734
0.00251404009861587
0.09076994465290543
0.005682766106772225
0.0058730538389183415
0.0002585486787674452
0.00041245473812801664
0.07828112858469591
0.019924417038704748
0.049287128124522114
0.06868623495313421
0.009027109336154703
0.005141791292464414
0.00884392939946206
0.002372283536973307
0.0008153406420339746
0.23860485186026809
0.020168633151523466
0.023482623120434986
0.0019113781078806563
0.007710294501935502
0.012851395170260847
20601080443802883e-21
0.008306648492634383
0.017046712705945655
6683465549905021e-20
0.0029869278456786234
0.0010928874872210852
0.004003177051293414
0.0005904672728077802
0.00328074825497339
0.0007470741407464556
0.014093840160146687
0.00038777899699978186
0.00031447835543110136
0.0005719039804920979
41842146312729e-19
13268226266698602e-21
5781803008151175e-24
