0.0001965588520630119
2290422630587686e-20
6485114790025152e-21
30653457950737566e-21
8345889003492564e-20
0.009643401935302267
0.016619251038012563
0.0011453352721546974
0.00010883795535626273
0.003338188453321051
0.010636057274287748
0.013308933718456465
0.006184379324268353
0.017628450305905756
0.029511590839664193
0.003259708680730319
0.014640899967685571
0.02263919053680357
0.001226366260857994
0.012513955299700924
0.006634893624362196
0.044689823368384445
0.00033213478506005666
0.013784061191392277
0.0008340494061059819
0.0012025649959813514
0.01666300311435015
0.015487380457594407
0.056007636287765984
2613270249782149e-20
0.021316961920183102
0.008439232387240085
0.04084572108459535
0.001100569864476617
0.008325454401499689
4615350720775791e-20
0.0048117072817923144
0.03883318826909724
0.00040403727641023546
0.00029942554703297683
0.013515848623305422
0.028665715853001764
0.005550480084209167
0.0003388413717132227
0.038720424374881934
0.0013694863912549133
0.08084172745915363
0.004084335727496001
0.004672026681988541
0.02003664232600969
0.0006458592388122419
0.05203075735372398
12188411930501042e-22
4535895810663677e-21
0.015696907281334667
0.0002817521222099866
10910959514563758e-21
0.0024017071500347315
0.06860851382567905
0.028297206022681026
0.009049361869065593
0.014782580817222805
0.006910196724667754
0.0056767294993392775
0.00014030904819371427
0.0002984443574082886
0.00012054673213466551
0.0014684557494867828
0.009450353632201898
0.0002937239281114133
0.003969354692611395
0.001744594170711838
0.012599044806011813
0.008749834243628357
0.015704941679489506
0.026834105217755467
0.004740148894756334
0.04249340470628916
0.006379751738123791
0.00015868081351416878
5841980403116792e-20
0.009555708495378946
0.0018072169105612396
0.001998993420767728
9742140332931465e-20
0.00021865647859818196
0.005840889301836707
7260877882732169e-20
0.00015111634703608332
3076927821866046e-20
