0.008404966403502771
0.007446019532356347
0.018792798732863318
0.026956726593906792
0.013771529432335249
5937067673288277e-20
0.0005323260919448009
0.0015391966405311423
0.00664643746088259
0.006269770321950444
0.07470423095101071
0.020268142310217438
0.0011547803335235421
0.008609964857759394
0.005389285382548485
0.04234394703724873
0.04975373640069378
0.02062031795082703
0.018230073782755787
0.03633141201764785
0.0018244329565567704
0.017216666376741928
0.12619644539306715
0.2615710513613845
0.04807868786253792
0.05180204650001127
0.00012622177338378506
0.0001241836173927124
0.06772172991302029
0.00033502721752622685
50360457071660243e-21
0.016032439006890744
5765291266257844e-20
0.0004033081922677319
0.0029209015761727016
0.010072367652772809
0.0022016525747224317
0.006077908078757646
0.012316241857019012
0.006770371361674459
3038618817742956e-20
0.00024488425894919597
