-9698315872122554e-22
0.0015353297225680093
0.004660373920068472
0.01611655607475098
0.0046297820966558125
0.006070192401183339
0.00040549317968338605
0.0186714354749421
0.051651393864258904
0.011903063415284182
0.0005740944756814666
0.0371549240926235
0.02183989709569462
0.0017111462062651436
0.06483995342724803
0.135840554618052
0.09174626390627642
0.001825523353036131
0.29519158658306044
0.0007724621465486231
0.02158613883677301
0.055467667446282856
0.01810682879748366
0.050949839462671995
0.03196303044302002
0.010111235441354031
6333518238068432e-20
0.0006077952209914346
0.028480298493825707
0.015269328029111675
0.0002554464238107475
