2621546512735034e-20
0.0006919665153011782
0.003358196231952707
0.010108984406450958
0.0006307140251826331
0.0010954384999210228
0.0041879088214883614
0.013331281334391806
0.01133022565122654
0.0014895336076565977
0.0015067739388185681
0.10374701493483555
0.0021267316693714543
0.003692854189941725
0.01823863685384677
0.03648805060234374
0.0030751276473127372
0.005817775529009651
0.013885678968547156
73211501888476196e-22
0.027864090356300004
0.03765552544970597
0.031571761034743115
0.011437850405283907
0.0008111681360836666
0.015948468896098557
0.02202109086129226
0.06423726491141651
0.039476319047197145
0.04389777797389258
0.01674266261085966
0.0018953743637561385
0.0494481041031364
0.0033179714236061357
0.00034985674927741665
0.0031970570407823576
0.0007866444293837361
0.10352170472133085
0.029551007039539272
0.010952630836047398
861719407463999e-19
0.0071533373106862225
0.10859140288998825
0.02161097371590484
0.014128477132325403
0.025298150278643516
0.05745406155955895
0.0024502201373674377
0.001129269602076559
0.004354165591917865
0.0005592543362494437
0.007474607465135817
0.00018406113262968356
5086474121288574e-21
