0.004953424021472229
0.0010469555420284983
0.0010621008116795199
0.0015930323008845285
0.005251039040700946
0.004636050620963057
0.01152723010664481
0.037937715824469774
0.019306762552368267
0.01405564911077679
0.005022821542008323
0.004708180245748026
0.0021970256985517464
0.009451161429486894
0.0021173038419203117
0.00788974566839293
0.005423323419353738
0.006429101828958738
0.0006248858071537379
0.004104625072027286
0.008466596853639556
0.007473923674395125
0.0131809271253606
0.007809370709300983
0.003938369342068876
0.026333947483316755
0.0214491672590053
0.012699055689055355
0.002006708028329645
0.02622855922110298
0.013490831398761205
0.01988421747504979
0.04505079616946521
0.015556251181564578
0.01122885902681012
0.034326978283373964
0.008124985383442392
0.016545879412107327
0.008135992604069867
0.0013414210082568529
0.015426269856119633
0.02976423281119325
0.012154358284850666
0.02113809145091722
0.0052444693435165154
0.0007813922968455842
0.10622699557444126
0.008405232468110676
0.011512232896270496
0.0017066545275181157
0.005884565041038304
0.02325577778451443
0.0032735840112987713
0.014864637710044908
0.011097565432397167
0.01309990460580427
0.005554457464223444
0.009372331263838473
0.0028609496024370063
0.02406782204056586
0.023293351307386044
0.022858102377819482
0.012099476187567904
0.0043423938004381315
0.0038664128977922026
0.0037727467901019357
491705681821777e-20
0.0007450069173580628
0.0011180085669282296
0.002158552565536552
0.010143156774243657
0.0030769079759225713
0.011898258966615201
0.008824764608176442
0.003614284284987967
0.012174464456382993
0.010311432314429877
0.006475789815059261
0.021995679497767498
0.0024596029735419445
0.007697025468094588
0.017860955756202505
0.007475950535418658
0.010674992751799487
0.0025534406860280405
0.00023634475310456906
0.0038213900638495416
0.0013721039108803117
0.0036754408047280063
0.0010965488550077431
