75771156076910936e-22
7249757133415724e-20
31115361044157796e-21
0.0001745629663227746
0.0003379690008368055
0.005190159987421167
6620299767001491e-20
0.01580572491439454
9108171946422861e-20
0.0010486328685857904
0.050514649676744586
0.0014867961050025495
0.012398147683169535
0.019131290604667815
0.006537057295518509
0.23260919638215022
0.008648866450846317
0.004344298986794849
0.03205608777849937
0.04768286940756097
0.021890693504765194
0.008301401970075992
0.03530373354349148
0.0764691331216185
0.0005272769395375581
0.03612825348700196
0.018617032732822954
0.005968340704928698
0.05814110732028034
0.002037564403372092
0.02614349644112743
0.0005037276142493427
0.0005333444730377874
0.1857391673153601
0.00014524892019327434
0.022098197221240533
0.0005539503547877616
0.003950813058644978
0.0022902531534650865
0.00021694219825525753
0.011122564963487068
0.021171068355010456
0.00865640945887163
0.0041451221497759054
0.004548328853938967
0.00027056240764484026
23896775199839553e-23
17377918813509156e-21
0.00627386357281301
