53329700835575734e-22
0.0027760998442870025
0.04608277563235731
0.02513469432858497
0.00835040553919834
0.018266559874091544
0.011078348854634651
0.015358353485154968
0.02389587076363193
0.012164873510051782
0.011916771931335555
0.005549860836311449
0.02731393608709021
0.003666548971161478
0.010609128643356168
0.020214085121603963
0.296148970471201
0.011851847211733997
0.020992035175216736
0.025365913838399003
0.01537771212555506
0.03327286722403618
0.20231971889064132
0.017236031612087394
0.051863752984845496
0.0050403272736675026
0.03599018336885404
0.021681581710982605
0.007335981929522816
0.00236161329262407
0.004166756503434727
0.0029860407293700792
0.0023656705952982155
0.0012582536655576684
10950040372020633e-22
