8173753303932461e-22
0.00017689440219017692
0.00023489034695834364
0.0014107497659991185
0.007235167234156585
0.003210699683718239
0.001952926398511146
0.007625565284754537
0.001577749048893289
0.0031594506073816917
8022072048749427e-20
0.11496637616057837
0.016191375077166323
0.020379695730523534
0.3772081017863313
0.0033208902471591087
0.0006169285350779545
0.008897239151902438
0.12176886880834295
0.13731850846631
0.002044303837407421
0.12649068042320163
0.0018068538586447321
0.001760476187335221
0.01548661085353481
0.014526772662390252
0.00010958382940171385
0.00912812531113021
0.00013089439257307994
0.00078928286848899
0.000393300944118921
