81879054779951e-19
0.003492644765164581
0.012511697577982405
0.011283729593447311
0.030611063712887555
0.012939234211217367
0.008468161582484833
0.05452837452204305
0.00028813270903942334
0.0051305484970334105
0.042408488821121165
0.002791899651282568
0.028178961313554966
0.000191766630798914
0.0028667317358566824
1510288407413873e-20
0.03815841939384906
0.00021107907536402197
0.00020658312693250862
0.059991093879478846
0.05995886487865411
0.02422855018469524
0.0019083839983604365
0.05786540051441675
0.005150803104818627
0.020063165945288217
0.00023711916484560696
0.010419987538223974
0.04393743982424991
0.011099843141467959
0.03361061385843218
0.07509539887019052
0.00019698940865008538
0.0409620755293616
0.00880327205153311
0.0011700944097989237
0.0820456419681852
0.029411959544280778
0.0006034261141063833
0.07158148069187523
0.0006745019930574497
0.0063030528520871335
7816343335140172e-20
0.00016978756527466575
0.001224014642269445
0.003093294228941039
0.07658508347975042
0.001742163130948026
0.013290882680634171
0.00025335554513798914
0.0002491584966834158
5369617365317917e-20
0.0017139841002743789
0.0009591593091734641
0.0005885807871329155
0.00038863050344621874
7874765886752401e-23
