0.001735433632082819
0.0010233415089731881
0.0013780696483686491
0.00474520381499307
0.01107135763462126
0.006663136489919424
0.0006472335363337952
0.02850234971986487
0.007757535783037628
0.008352748688014453
0.02786209456122292
0.007184736922633252
0.0055944685965692445
0.0063719374435730535
0.005345785021564401
0.009760481566823678
0.023657849222732515
0.004808650083403676
0.02794328603232194
0.0024144433664101466
0.0012860670693658782
0.014535311491303032
0.003943956390347799
0.016033220905720156
0.006210959087631814
0.017995851199840995
0.006506896414853871
0.0037445934541635085
0.002931758363891134
0.027533327990525224
0.0588256012957967
0.0031363248859294307
0.00777625308108518
0.00795466522243073
0.020104928983094756
0.006649971664967642
0.0029567213701206193
0.01943740459306864
0.001079200184106954
0.0011470319243398063
0.005344392043293924
0.018128137448799254
0.01642165618300846
0.009053361543261957
0.001246940939309795
0.022870184815962587
0.013026018100431603
0.01623192822995591
0.01241163515249379
0.0026417310657339678
0.0030104841726664713
0.0026693261485002417
0.0018685665169114608
0.003722500459854533
0.03719696177967947
0.00311658675076961
0.00042419366620914537
0.009804284320601512
0.01595910709761421
0.00213975311067145
0.007960372247240825
0.034208377584055254
0.006464134783251279
0.0019831930727432587
0.0003806647826478244
0.0891851717367637
0.028804563663459737
0.009045091961883283
0.009088914753289934
0.003906161443792988
0.003384592521288797
0.016187836796723202
0.017277493887146424
0.02347652149660688
0.013882238950844283
0.0023152444593755295
0.008628803162690567
0.002159611497149537
0.00813566882835637
0.0025483695697013655
0.0035949449064227286
0.01285174235728403
0.004993544830086506
0.023308520977790806
0.02679257175061517
0.011162744423477011
0.002050155889555646
0.005841886424232039
7067837080621007e-21
0.000475855012667016
