-9870416754191559e-22
0.0008140269515753942
0.003859458646702571
0.0004585097918255013
0.03766854782183448
0.011442500974890132
0.001505984842858325
0.08259841053237432
0.001131759041892828
0.04427317863595129
0.03370588747606183
0.06760253003986451
0.006110646324917618
0.04108609901439408
0.01678650151282242
0.22373597631743172
0.24169741394127833
0.0027155615156574412
0.0012972069782126495
0.001408320328503555
0.00041538130767380076
0.1239710274503157
0.0007289364221755116
0.0005278654005577832
0.048110208794480476
0.0041408704571851
0.00034320474713629527
4685119349174766e-20
0.001766104876912236
5272968543015232e-20
-7139827324904001e-22
