0.00013337948251783082
0.00011357995555973749
6526239216406332e-20
0.00018902971220598124
0.014080840352605196
0.0010649695742723105
0.03798598514669196
0.012511553029957496
0.003140294418860165
0.0022548444431529594
0.017885858842420128
0.008835251726064426
0.009564278189098873
0.001897052462564813
0.0030003562842747344
0.017886037317486173
0.2618453642838341
0.06559965768937581
0.035959234407689424
0.029687535792591008
0.002286892503933286
0.050872378251703196
0.12776480435436333
0.025987690528368735
0.013244158243637541
0.022462798558986325
0.00017104622965258322
0.017711422850301972
0.020408476787183858
0.0008366932633551806
0.13741075942267456
0.0380523256917569
0.002141947367755225
0.004025589250297698
0.0020609276677789265
0.006315730384517866
0.00035096096290250403
0.0003650760911985898
0.0032583089276692866
9316255597265585e-20
2307786741828615e-20
0.0004554067351843186
