16801989724828274e-21
0.0008402555254279831
4685406385700111e-20
0.0004163278478483061
0.0037476643731409695
43165386322802644e-21
0.005545439246265013
0.03219546512381671
0.01581164221575796
0.01808810358343883
0.016841885491575236
0.042099562641217586
11156760281372604e-21
0.004515596841548121
0.011299710094717743
0.00953905191374135
0.005280213422796708
0.03561023658113071
0.03219971154872807
0.10957097307433093
0.1067641284166866
0.000997409973053857
0.0011770786752097289
0.02512163384465313
0.0038428425963468707
0.003900299913555344
0.02343893097688773
0.028305338230258454
0.06844479549335773
0.004249321968668284
0.003947715057125529
0.0025538663836237123
0.02419478942638348
0.01712605094627952
0.024997204807870353
0.05864178282417099
0.12041902213298995
0.007713903601336389
0.006529297667033889
0.00722218903357971
0.0019657800955723255
0.00048216429460826957
0.025179203256648477
0.005990079283603268
0.006630809630239376
0.03725025764031144
0.01126531662073579
0.018750973829648195
0.0026922513442341083
0.006485255873597792
4884360613223448e-22
