13201899152521518e-21
0.00019059566065683078
42917380841203384e-21
0.00019668481341378032
0.007807862489458701
0.010401208693682324
0.02519046609671801
0.005050362896197806
0.018121689724622674
0.08974872570808305
0.06668664777166057
0.12544402633285276
0.14927906693755894
0.0014166454437751525
0.04595870349764736
0.09180823678898355
0.019059387783072528
0.006852967018747344
3980291845803675e-20
0.001596298049710587
1146867742948203e-20
0.08027758122492276
0.0019550748518523705
0.0027318720643618164
0.05685404295455004
0.019889758744083493
2516025328210818e-20
0.0055161214337022205
0.001288997956844805
0.0004259541181565905
0.11410699430232285
0.00012425867267942621
0.05085698671428873
0.0010302301262295893
