0.0009965216823737471
0.0008835194853709462
0.008717783263756707
0.0031031488804619256
0.004154105166124968
0.0014506135792724747
0.0018088010774218652
0.013598092457139761
0.009999322871540478
0.018416530455028165
0.007413049113705277
0.012239826933200677
0.006607213358860491
0.010837906380935937
0.0035793620494698505
0.01849988838116529
0.018073463507061703
0.008618416810305646
0.005975540522114082
0.007090618060629363
0.060141961923898604
0.0028419555900822922
0.01431676420113987
0.006447055359583733
0.020653773057385066
0.020093793683195943
0.009784240618044664
0.005466690105412809
0.017123920886513145
0.004523518342324163
0.0014864456504931648
0.011128033743962195
0.009616629773679483
0.021354213786154055
0.003887287175665614
0.006778215653849768
0.0015830555799894606
0.0029573011732072366
0.03726004529236364
0.023684421480339477
0.02582964791793463
0.012379539981869185
0.03132127057413889
0.007654758114659566
0.024915802346947274
0.005716638078490766
0.014483142057608723
0.01718408094980028
0.03070105004282398
0.0008947986997799495
0.0008444902069728722
0.014948799349164973
0.019208977586155522
0.01871329480354029
0.013226929927408064
0.005476421578450537
0.015120662277337684
0.020851090013715285
0.006705291138230264
0.02710172749123452
0.010704436885208151
0.0018526521569963942
0.013454226195373786
0.0017580761868958219
0.0017623468880165888
0.013202006607773329
0.00047628878136501046
0.0009484016238899546
0.000996070585850411
0.005589295315510226
0.013362003624368053
0.00332511851503701
0.029308010682795878
0.025325056906995685
0.011125057857567629
0.0008282412994210758
0.006418597894174763
0.0053021769045222015
0.013754543593285247
0.0066378963074611615
0.0050933805021965714
0.014650620867135056
0.0019755096431883622
0.01632580055101183
0.01094666396835155
0.011487656834803576
0.0005884235777868669
0.00990657965882078
0.006418825873509187
4573461200871311e-21
