-9031580611063507e-22
909589139176167e-20
0.009009779691004437
0.005356676796780754
0.0011463393291714142
0.02540147855948611
0.01769225498738683
0.00940827081915704
0.06380747659881582
0.0012208554656501075
0.008810365378571564
0.049320117919832825
0.37020616101904724
0.18083980428672017
0.002314175345294131
0.0045027674351865036
0.0022683763409924907
0.012170533132044269
0.003619984744694094
0.07923208973676284
0.0004578369610534537
7555193705156371e-20
0.009215941977487006
0.0014662249836898565
0.10206559742320227
0.016442600889461482
-9585428817573432e-22
0.00010998222889023839
0.02023189044832168
0.0007592678486363878
0.002840363525158476
