0.0010386643155338652
0.0014658529994838606
0.007652543492108019
0.0004859734376364904
0.0026652211570278124
0.002199168817995267
0.015485991802818642
0.01685103625078762
0.0068415094850297715
0.011152604549792144
0.0028178653670199536
0.0038412653802620818
0.0004321801984745804
0.031150671011079316
0.00741422364263233
0.01294562884913456
0.0006656668537676425
0.007960603970393857
0.026808949909903713
0.005308440254888687
0.0036869613328024352
0.020848602400100898
0.013973035168967966
0.01154237998475125
0.01434102360752075
0.05366483442270097
0.005393309654041342
0.034413725480746914
0.01459215526938647
0.0013321706666467573
0.008210648301404059
0.010430493429332801
0.011430359980520978
0.0241558692390909
0.020529714855658913
0.011807866746734442
0.005674030235329952
0.00012475167485821753
0.007900060007822916
0.008650003883475359
0.02140905239874633
0.038848458189251325
0.015513422280047526
22893123918801645e-21
0.009316226442536166
0.020664525767878132
0.0035902528254496383
0.04250312433666499
0.001723098911532628
0.005011060004181035
0.012853744017324115
0.00043208084491948463
0.007760806639152324
0.07666467360401491
0.0013667922706302532
0.005839045182917652
0.001908092805992323
0.020676283516026715
0.015678790650557058
0.03122186864934163
0.006129290653045045
0.0006365994934714812
0.003032900986946168
0.01034876363374788
0.024352077087764115
20902817408754897e-21
0.005455770977427032
0.0029233779862245885
0.007067417349137927
0.007459986685466425
0.01563831592807099
0.0019874308376171554
0.00195449389778285
0.00389688015572037
0.005808072826044749
0.014463639516112604
0.01353776112432573
0.007934899721443393
0.01080413696729145
0.042172063258097164
0.009079630010801224
0.0022606935876373436
0.0021888562944165106
0.010795018876581918
0.003347067422465044
0.0015973918696653806
0.0009252662082686319
0.0024025603758168006
0.00034402920692843704
0.0005443536955250931
