-9352022357012601e-22
2358496889540671e-21
6852664357486906e-20
7980003447596992e-20
0.0032366276520743504
0.0032963072567961933
0.0016342673814336184
0.003249958829308794
0.0009696413695542293
0.0013341453160424948
0.10213526264337153
0.0021619001113009346
0.03747207417782358
0.06068924620420352
0.07495765280282543
0.05033501841965485
0.020556601439441737
0.41557239494057047
0.04101439757822938
0.007375035100711548
0.012803910023465296
0.10307817025966864
0.03164381113676434
0.001137712021283785
0.0019093471072693187
0.01272607430332153
0.0001141773844409444
0.0017352102969889623
6742906052099221e-22
0.008710638639715816
-665957113693466e-23
