0.00044913561219651546
0.0009214248776952571
0.0045528651082803765
0.007552546980661793
0.040750413683898916
0.019889792688963303
0.03115205885388106
0.010839005282462795
0.002124683696287205
0.02617844902359884
0.0518119575431163
0.0030176098936734357
0.001093678121147763
0.011415770059772415
0.02368400592161561
0.00941907776080026
0.012142354579229733
0.011646918141271225
0.003607268652054875
0.0009023114713808401
0.03902455306384225
0.0033763672786383103
0.17068659442058326
0.0011710176809636493
0.013905779612352866
0.005274010910760187
0.017277611011411568
0.08032110152353891
0.04798570936526512
0.011143310025896008
0.01756998727920431
0.04520496812915266
0.0008925324371153714
0.005712801786701212
0.013993687473143291
0.03010647301157839
0.0015834518716431973
0.027397152923480078
0.006596899474607629
0.0013555561970411995
0.0382825281051564
0.0002672388999197422
0.0015110877030398242
0.029271026149790758
0.02346147277932243
0.037666195906547476
0.0009219894074743754
0.0006805415725272734
0.0011236508579006196
0.001691151669392834
0.00014545971581462003
0.05023389173400468
0.00015930809479909746
0.000709983158236611
0.00014345530943570136
12550772965542762e-23
