0.0036541310022821564
0.003697943251508913
0.0012784402374815605
0.020235076126770432
0.004934692143902196
0.011709792930808687
0.00600572301029572
0.006210933984535473
0.006952611183523179
0.004079039981440714
0.00014897996661850617
0.03530812317551397
0.15823607291106398
0.01967611489560254
0.008545605563685952
0.03815071481939783
0.009081788176032958
0.07828917720487366
0.2914251867365982
0.05589724056855411
0.0022350523390050766
0.013386580655289922
0.0004455842616195188
0.005039878684973698
0.07006543512006132
0.008765734183229524
25069650434477563e-22
0.001824653934272565
0.011535266837319896
0.013455094125190092
0.002660198482229903
10727453550318492e-21
25495930786375403e-22
0.0013551223317555133
0.02114014795104584
0.02683367743466552
0.03115201756291662
0.01878171494299163
0.00462130749182315
0.00131969625354691
0.0018496655259001458
