10517533823716897e-21
6603156713494882e-20
4767870483800046e-20
0.00019955296980447414
4130922537974591e-21
0.00035811243916287827
0.0009373603533195546
0.00024120521018468642
0.0032544920374544535
0.03042746513556365
0.0694174587778779
0.035422891758386345
0.1002371400264707
0.3571254060675941
0.005858602099949342
0.008392774001721379
0.01783761436233059
0.012552221725899223
0.08611057531832217
-9826896932507272e-22
0.1815127199072706
0.016062313032677487
0.000210288639219725
0.04524079070847169
0.017949000454519644
0.0005369338275273569
0.001139111194001372
0.006734869622365298
6465961149768857e-21
0.0014410482399075948
0.000666210090206954
