11457157084234653e-22
0.00014547090021929662
5317043995835941e-20
0.007680142666200609
0.0024073640087021804
0.0007668837486761364
0.004911923269160369
1584976428083953e-20
0.013715844470413664
0.0037096350832568287
0.01300948695867271
0.006353637116321664
0.007634168386997042
0.03183880256187454
0.00481908547103562
0.04279829275387007
0.053867819844047884
0.05806622361449777
0.009373110573167098
0.045172830044219084
0.01069078036527078
0.2475201718107982
0.005865316769862961
0.011200895642205584
0.020732712902462282
0.008685475025060618
0.028971908753733767
0.031566818821232426
0.019549391580896584
0.004394557467027848
0.01376132926846321
0.04202474089902442
0.015005623259174407
0.028861199310010743
0.01538311758442549
0.016222182701684195
0.005038861722590219
0.0024447022782551195
0.00028095552811453365
0.0001927103097383433
0.010171677612909014
0.011876499075310744
0.01014771380936092
0.07839713651747454
0.009650678493848125
0.030603583605571475
0.010075312670641564
0.001370636333644872
0.0004135961411916399
0.0025588263487349877
