0.00042653753245659563
0.001461080249110659
0.030721545875347277
0.02203251244670097
0.0006083188452736242
0.008941422393470292
0.0207342093287843
0.0340423467929806
0.0096896418748107
0.02777008611288779
0.028350704563793665
0.008102573839261785
0.16660184203413425
0.12955541080683092
0.04306675235441408
0.02394704558878014
0.018340853358594495
0.002444444244019361
0.004916733534350071
0.013104199690276316
0.004486694016710961
0.0025528976982912037
0.04062782533956527
0.2659077609794749
0.002486623278913909
0.0019638194558991265
0.0005184352852784626
0.005748515176641959
0.010093955813418994
11984078003861819e-21
0.006375383501364756
0.042719668053045
0.0034758569723606003
0.008421989123714335
0.009259971595733206
0.0004898902389335871
4679263721076299e-22
