11858671849582968e-21
0.00012119378626825147
0.00018778212122945006
0.001976169421744975
0.0009577566749610951
0.0076062162279432995
0.0031626465076236847
0.0019519436329053983
0.0009473405906936273
0.007018069355420596
0.002284459216289625
0.01607628114732775
0.004809246094294328
0.03819081959255769
0.029059602509918736
0.03196011669607655
4529176327383111e-21
0.009949520354538888
0.019793694963832067
0.012330787605242827
0.004664922759775647
0.001584635082266233
0.02381469287903029
0.03564963900769322
0.020055108823218003
0.006687518497801627
0.0056592546294643616
0.003969515193457038
0.017293891527636947
0.022684317779295485
0.009155648923156576
0.054988697287565134
0.0013057018288138527
0.012412698581030543
0.0053789288849729975
0.01153471657828104
0.00445292828997222
0.045039026737357254
0.006529039740072861
0.012963519745661078
0.008621486722583433
0.0021488416454904097
0.021546028737666256
0.03521374893317634
0.003961795030890149
0.002302151546167939
0.006698188389828333
0.004592034916123604
0.007120276279784702
0.0036638316316350617
0.022973793015676414
0.02585660663802597
0.013278550360518828
0.0007809909785411989
0.00958999085670223
0.001681473220048288
0.01171685001842237
0.0015384427794461048
0.0298919323554243
0.0035312943973251154
0.002386007484394117
0.0154099949337265
0.004325992411194528
0.0032890182210801363
0.014838847153118995
0.0009775560714369777
0.013598277824991265
0.008708893231661801
0.003376796651257726
0.005929169733941915
0.0018860362239083047
1825050320983895e-20
0.012735898305330928
0.016772059076872434
0.015683777879665045
0.0116566668010507
0.008386647961952865
0.01675835197000888
0.014027338242519003
0.02586286509517806
0.01613899983192757
0.009363229356926428
0.007074679957572301
0.0008392992053464441
0.008270236005288492
0.007387649514710934
0.015389007122338181
10889393946157017e-21
0.02792916088272683
35657375670969316e-21
