0.006931174797065282
0.00231368687113213
0.01310611009561037
0.003709494615661807
0.015236717412818453
0.05481477115003761
-9917092698048683e-22
0.008236824103812143
0.053377014333738565
0.01501389803520813
3092978037078473e-20
0.0072928383680314415
0.10140343975617365
0.011544577790047016
0.006093329570240199
0.006860068124875914
0.01378439650000241
0.012456613980283802
0.05603324317804187
0.06875409834405985
0.0001549966881103182
0.008218687339859289
0.0018177778119256134
0.17057556450805464
0.030060441300980782
0.008386458972775776
0.003070572917144359
0.0017714384586112236
0.005947997713007244
2791348930579422e-20
0.008864991754325638
0.002143353109007832
0.044103588804602786
0.01028664875102913
0.0003693119244829174
0.0067355231913767315
0.04840578692483828
0.0030809622761897183
11810252785146716e-23
0.000328552908577752
0.001725044011567042
6994768150271336e-21
0.11337812614558586
0.04604689184415957
0.0041123773339695
0.01166798517619193
0.011035618642548446
0.0006236258712248226
6041416192726495e-20
