5935987933681595e-21
0.004561048323288689
0.002462755160454602
0.0020748279441489366
0.00050624259679307
0.0013213649405226303
0.011156995603560604
0.028233022913512693
0.0063976662786244184
0.006471993193993025
0.0024298208883359543
0.01263288269276856
0.009519661239810026
0.013400331986030994
0.006702957424712232
0.03759997001042965
0.02395293373567333
0.026213652957937306
0.00638119421669375
0.018352453593113882
0.012562578113685156
0.021916574294269173
0.0009301005090258598
0.007641809858772731
0.09241839407522744
0.003662977421429768
0.002478767028262652
0.00939999175107977
0.0011125936674696078
0.016053987223384414
9681547881784234e-20
0.0022572502965553585
0.0036220039955944046
0.0015718830859763942
0.0034429615659498656
0.008072802517849628
0.003719289169979775
0.0008282938687336367
0.0016919004041439868
0.011287444495710876
0.0011583123303365976
0.018088337507358342
0.012657555553179232
0.001758593796443658
0.010298585465417164
0.024846674377599444
0.02059730587860712
0.019368552908990637
0.00835610130326529
0.037122782877426236
0.021676938623468523
0.013933266123303256
0.006242836883381128
0.012476149839107463
0.01189400295630166
0.009662010305214538
0.0037929153468643415
0.039872229133562094
0.01352311222733183
0.02203392027643523
0.0025183491542261596
0.0008942854545082441
0.041688464112540964
0.009395227022224995
0.020029174927955296
0.0018337346591672321
0.002057509639103452
0.002405098366523256
0.013549519279058245
0.024315771327600988
0.020181419788927204
0.0034219307463031466
0.006458389125814037
0.020064434773133577
12312075955456155e-21
0.010282293757614441
7816674613948689e-21
0.001375831714096003
0.0068309400165439925
0.01674595927779204
0.004445459204867004
0.021127841463011346
0.006685203998689174
0.017071463501625295
0.00378553380145937
0.003371202502311497
0.00465463478330795
0.00021853408204406714
35822242640182154e-21
29528302491112486e-21
