17817650799548633e-24
11593602497431359e-22
29902597501947895e-22
0.0004994015036822627
770613912659359e-19
0.0001403003219194738
0.00011476385898931109
0.0010991812108542597
0.004013939925084615
0.0004378935532803222
0.00046437671330535013
0.001299829182373749
44331393059808435e-21
0.005037428131263188
0.023387038554058534
0.0034736868011879347
0.007256660058432164
0.04096735077334913
0.0033601120226352324
23481025572211453e-23
0.002116059164009007
0.06788516727148378
0.020241791725969068
4785380492372988e-22
6118619397540995e-21
0.06507945344470119
0.0009936904838882298
0.1391529998460403
0.007999246151831974
0.0008958600377159435
0.0027540521276155365
22838608613167332e-22
29542533940540457e-22
0.004296301209222195
0.012385790631777478
0.14409548585915188
0.12137711812947974
0.02513395118549228
0.006833061659596308
0.013177168588264544
0.004738323144882055
19748493412565822e-22
0.01691429822519493
0.016538252507177883
0.00020035444682969003
0.00011445993246002285
0.015554784958084968
0.00619258413097943
0.006881029126890847
0.11713484381629524
0.018045451694538583
0.003530262102878195
0.036248502780165774
0.003198085435186391
0.0026595367699757074
0.002180552225897749
0.0002533021904137508
0.002597757936128604
0.0026827866112356154
27176435350576927e-21
0.00026744073915171144
0.0017952174754120105
0.0006152402413952861
0.0001056692016746641
0.00014781937855436783
0.00988578832863005
0.0021955150318914395
0.00036673475281611724
0.000956515958111539
0.0018629491418663553
