-5434182562664112e-22
0.0005324462731830512
0.0028086913854754128
0.004146851511200598
0.005805221927700096
0.0036341904079183213
0.027240370934700685
0.003503620612007454
0.008384916388704044
0.07816110428906842
0.001129377729786793
471407568234602e-20
0.1595316001372112
0.175453908039293
0.0019232220087123568
0.05970452146492183
56377929464308713e-21
0.07532656901296401
0.007182113777635267
0.08997490221872821
0.2614342364766791
0.00917292217853322
0.0020301510816700106
0.0026787188280332492
0.0002562318185666672
0.00031931834917569256
0.001526801857190841
0.013860190393428248
-8909898922197064e-22
0.003688489375807782
0.0005296539247060079
