4423557675531603e-22
13683943404227342e-21
11972020657973074e-21
6941319060307448e-21
0.0012608474861338184
1626999649670824e-20
0.0002679746603539042
0.026665421976053982
0.0064329829799790695
0.026804789998651043
0.018610374376176814
-8116569735668125e-22
0.009725072398521994
0.0040627455623407326
0.02130677936125683
0.017240046519923106
0.011117794439696932
0.06495907548285235
0.028013355737185577
15691755256708684e-21
0.0073915486591439195
0.0011368422744756062
0.005069123970309407
0.022677530473511627
0.0046161822913706315
0.02431816806065226
0.01759804069782385
0.0009139445354954352
0.03199109215111746
0.01657546377610888
0.005952264062387761
0.014283191992717867
0.007085361352084705
0.0026818690156020695
0.006254546880019125
0.017813405774436106
0.005697475371854322
0.003161978323410388
0.0033132411109524393
1486365403815381e-20
0.00047614861127146885
0.014658108201108334
0.01572605636098862
0.01041376726698964
0.0017386095001561326
0.0190685836200653
0.027991970908706334
0.002261656920188023
0.006747601406758417
0.0014990698466236885
0.020486378872613554
0.0047675179285335025
0.021238670533006956
0.014704529539784496
0.002796480529159207
0.005186574246306175
0.019943871530685744
0.006875766776431084
0.019343139027364748
0.011793589837973902
0.022637180348384797
0.0009409939934425856
16034337381725573e-21
0.011837756289701306
0.009700858515709879
0.009871372539500208
0.010992735688731088
0.01224528246428391
0.007798190970627485
0.01401949533868049
0.05847452268909006
0.0040894709009044825
0.0075817046915105145
0.008927483371343135
0.01484334710324461
-7336359830779113e-22
0.01203750949095707
0.02001309007228694
0.02098478483924398
0.007964811635117145
0.0198576776756796
0.001446841701785523
0.027428700512450208
0.0011071612290874191
0.004592302356258138
0.02318595158699313
0.004581881989227099
17337861353104243e-21
8712172137786525e-21
18646658459667731e-22
