1697264881152959e-20
8105232628696596e-20
3077130412597188e-20
8514274042372594e-21
16090173913820794e-21
0.010511337384036434
0.007498865709604237
0.012191800512892023
0.010438825964378723
0.08201069039788807
0.0004158987377330868
0.001545148610305627
0.03680224707480891
0.0023207951478709022
0.10921899215941576
0.003097868908237978
0.020771960017360303
0.020409714498995965
0.03061978785001351
0.0007200715402396142
0.026485921621836005
0.011260096354450674
0.015252876557072208
0.0006973691426188979
0.0038485070651924727
0.002144836118476508
0.006216302492067079
0.05398737999597628
13280344332155062e-21
0.0025477498657771242
0.01038715515424031
0.03918168128254422
0.03366900531284853
0.009618644008055595
0.3086234246114929
0.014902822854172134
0.006370250797280998
0.015396170679044804
2952596402535603e-20
0.004114605008306645
0.00584642843958936
0.0014641103586330697
0.03467682313206396
0.004515933767285841
0.021178059183883317
0.003927989812634369
0.0008547627071677543
0.0025159583065755024
0.0022255979434094744
0.009276548978992253
4107311232224114e-20
16747420273644833e-22
2904464306245757e-23
