9001238094545794e-20
0.00028826496191213614
0.0020811088871932775
0.002454795567008206
0.0005154150011482739
0.0010754498118003767
0.0010932082902844966
0.005595570552013446
0.007527473642997294
0.01571815130517354
0.028231836205767413
0.041712640476340324
0.08992831083355941
0.00486093319096443
0.008150979491961577
0.0025714848153714277
0.03185640382740668
0.004049984719101517
0.24425519622124053
0.03800820658461769
0.00508364880030403
0.006826350053610785
0.0032070535467256184
0.023459382696582994
0.03543832369082069
0.010917759159539188
0.014620366110200749
0.09773279517465029
0.020403916916810195
0.10299222666534712
0.00016660151988284546
0.04745664988033632
0.03567105133515921
0.015299708817693882
0.0026002284933027077
0.013377107040895116
0.0001873794659864077
0.00794414374530681
0.00014927455390853538
0.025955255039885355
0.0002906288283633123
0.00015472169788034485
