3593885812292472e-22
-6439362681735845e-22
3780328035858595e-20
0.0009913028030219151
0.00043600099357736765
0.000689657065717645
0.030541250791167176
0.020520412704126058
0.1111138609736055
0.09571665673785174
0.0009531194328231021
0.21892353278046667
0.0013614269672104493
0.1827752624835024
0.00028273209691661525
0.03654415178030083
0.07252198230426579
0.0004307594187168528
0.02445374991505799
0.11904135866887221
0.006533225474386099
0.001485302785640874
0.05216626156838049
27691483795256138e-21
0.006912540188044783
0.0003504010081051543
0.00020036476856347273
9827164791425259e-20
0.000559765139868652
0.013733784853424075
0.0005976544320052009
