12586923311483643e-21
0.0001912829313806406
0.0004969615343513881
0.000551251072036027
0.008864854911874779
0.0008366777525760069
0.03905792260439964
0.002834147998293053
0.005336331529510373
0.02581556462467313
0.002257423765086733
0.0012585279070422945
0.01761425936357245
0.015530327789218758
0.00016649676099857042
0.020747165897605425
0.021048589315453024
0.0005815867536090394
0.01582378376812695
0.006878213604351825
0.0012039674224605752
0.01508936207003484
0.01335505324056565
0.007120010687700593
0.024595527830349313
0.021536228195060136
0.003762318358483589
0.007442655601239249
0.0021700407545703565
0.0076844955169540095
0.03687371740608149
0.002875675676901671
0.0391103082828582
0.0016501798443647408
0.0021957992365885587
0.00714565379551288
0.0422847944640989
0.014036323690467941
0.010653073258481487
0.00187716087335055
0.028650040746186885
0.0016040494584017998
0.0070794907593299625
0.004172357427681363
0.03142629379431713
0.019500729787784936
0.011306266908847739
0.008990778441822207
0.019341504532591078
0.0008013318286720656
0.0032053779257249413
0.003993424291123146
0.008296291100206247
0.002646023289140787
0.030173254984051316
0.0038310370322028465
0.011169237643857226
0.00674245664785167
0.008778281066896066
0.007387105902527374
0.011526099560885142
0.020783162990147982
0.013146610092415563
0.0018697997084134634
0.0006921983121960234
0.041502648233566086
0.012724050345187926
0.02406969045405577
0.030302285506054738
0.014279641790052762
0.013957456274932544
0.02869800843580919
0.009295687042226511
0.014165171407438556
0.0053381336846437585
5704200057560425e-21
0.0037868094679372197
0.008063142529450115
0.010217882010037913
0.0008659173588872658
0.0067836804210565285
0.013926776214351011
0.018963973079590538
0.0022343109675591042
0.010600686660522465
0.01300241788661695
0.0008090619275883993
7108194661629641e-20
0.0005953307264319439
6094418245697913e-20
