42160695128463e-20
-1910142457602852e-22
0.0029317817322398465
0.024239359179635375
0.012356868061032646
0.0055132727619104675
0.004869765470167531
0.0002613206341480761
0.003369926587868742
0.01693332382976105
0.021965097334303605
0.029917104492982627
0.020661490117045548
0.03351663513030433
0.0011038747780023027
0.0175269146244904
0.007873673414396936
0.007399106614488249
0.001426542481787098
0.025302674910004926
0.0070418837882301
0.02686172892169574
0.001113361294660796
0.012266234714928147
0.21749808304998605
0.011395407193219893
0.019947427115147354
0.05966657795488919
0.007358845031384516
0.00031241865964998043
0.00399449996861535
0.016471677730956435
0.039688329959541434
0.0087691412799793
0.12358453836982948
0.0008555691883488183
0.06942324548666391
0.010901568822247583
0.000720912938303265
0.00040349577824897375
0.0018217353925199227
0.04322411192617434
0.001217882972531233
0.017499177226315926
0.0007472815783460138
0.007405378746721767
20990687178234526e-21
0.010389649413549723
0.018318707217673046
0.004320838768438969
0.000996532466641027
0.0048151998887933445
3676211514459716e-20
0.013678131102465442
22480556879515454e-21
4122994682522739e-20
