19851518612998158e-21
0.00015574817689876543
0.00027245547602748436
7806932735954977e-20
0.0005240642663818748
30066694246304453e-22
0.006240108473948601
0.0020160440289064456
0.007600256771006005
0.021687182896294396
0.005697468399713502
0.008259163968893063
0.11285886673603757
0.0002548984091190628
0.08714866686535014
0.035073558012024574
0.3381979068845642
0.203141806478778
0.10186283945386412
0.0005431101813190735
0.003924387352815261
0.035063770064642424
0.01307212492586175
0.004456920807719479
0.0035779832720421252
0.006274164862787914
0.001338166070431582
0.0006352477811938438
24215409361285087e-22
18909657022571045e-21
8306700229923481e-22
