4815525652024344e-21
0.006488276671623736
0.0054729761237174955
0.0012691659546964244
0.0012078782269516035
0.00034128173132118837
0.04578174615770066
0.005907314496388263
0.00229117075515623
0.00014189744564896664
0.008826195549907892
0.018030401610249276
0.046306074670473936
0.34573327044039903
0.0020801339330950176
0.01660570020163609
0.04870590222673848
0.006175916304340499
0.05613812793028991
0.0005181648351844528
0.006654198036764738
0.022682985259519527
0.1664379774527463
0.07273471598001152
7282848162194556e-20
0.017832534355594648
0.050439564828125685
0.002249166079956314
0.0263860238458183
0.0006497461004255672
0.005319929187422205
0.008561436577967027
0.0016406042461227948
0.00025096986511021315
4660412950216941e-20
14304782120217536e-21
