0.01110723106347929
0.000458431949643035
0.001888308294065648
0.007128323016302776
0.0012276137817130689
0.006609334766445482
0.017499011613437126
0.00371356694173296
0.0007798254729180371
0.021635006007235447
0.06871689850748723
0.002071948874192405
0.03081672944173623
0.026345057943879792
0.015485481775435147
0.019749594439368162
0.00213381281610622
0.01904665714139068
0.0039458279413657
0.011331445276327129
0.00028028429213858703
0.010675121639342035
0.0009601796276804518
0.00012181691400619254
0.012804034976702197
0.0071685990117143425
0.0187075855270728
0.0008587345034684078
0.020987408725441234
0.014684543168764603
0.02222805245597399
0.013202247276429402
0.03485524590377593
0.03158015317545143
0.07163540136038836
0.037493195636153075
0.037005093684278734
0.032982728202514175
0.019154648073371305
0.019121442943884362
0.005585148591542151
0.0028162418369142325
0.01260640317784649
0.005623921270422662
0.04360844969676683
0.030813784466513717
0.006155053036911113
0.05611812087912925
0.0059845142546149635
0.03689604784975934
0.009203326132092387
0.007313410053208221
0.012103636414810768
0.006895338032471275
0.0033863498563416793
0.028781371674666597
0.012076666682682435
0.01754272119405203
0.003966623487639899
0.0020451514689291753
0.006262472141566063
0.0007547572339430209
0.001713424381003406
0.0035504420233592694
