0.0026804114775969166
0.003478170916088555
0.004007619745244893
0.003153900814429534
0.013271937070772347
0.01903343760563316
0.0270881923991606
0.021184053288011172
0.01237867384690779
0.007419269085035998
0.0031418842887798214
0.052274673001882196
0.06060399717287292
0.06330816603756635
0.030912440780333034
0.015407869322355962
0.043206483049303114
0.025580323387776722
0.01226939965319845
0.03316194253502877
0.010323099099388095
0.0014154988608731675
0.06347010078868265
0.03864983782208357
0.08370283422582009
0.028072129888772116
0.0018544781562137961
0.02739647214230392
0.12264520389304602
0.05647483951941565
0.010375035235264006
0.022520669214876336
0.0045618290019927635
0.009785342186828277
0.03997653702486155
0.014969353769254184
0.009705067846863966
0.0005388258454816185
