0.0014129635561730485
0.0036978101665251593
0.0044909988212822665
0.0017751300296146892
0.026237741679501797
0.1067375746172427
0.03921612702551072
0.022725673419348752
0.02383263479966722
0.04461384027272075
0.12636911475631285
0.03618715882179016
0.052684106379959336
0.06218076693134993
0.011213487377770483
0.04326855755359765
0.012083355397470541
0.00047767039065640336
0.11754114702065119
0.0194980517986997
0.028050784994172757
0.07235062450961624
0.001092074932400917
0.09382703985616207
0.019611167230557735
0.003996143552177451
0.023544976865104227
0.0012832772439633146
