0.0023678291444068035
0.0034374921118079313
0.004409301449627226
0.00920439150913362
0.009228492566652325
0.0018295100333854514
0.010224119842546769
0.0245243131274998
0.002188060117479567
0.005368545107175399
0.004207623501141044
0.05370804174292222
0.03757171715905613
0.00966086086140964
0.043526230085570515
0.0765950888633
0.01009353128067226
0.014031708189361568
0.006721883379215813
0.015588450357598703
0.0016155123995976253
0.003621151852200892
0.041981445780952704
0.008457051411541287
0.00680878733861583
0.010584628869774324
0.01031956394841798
0.08590928588708785
0.06404732995720626
0.002859623690753287
0.010449841557579371
0.04332685074202916
0.025706579891939724
0.0015001688560637978
0.06269105225400004
0.01090162627704187
0.014767271521073475
0.012107802388886061
0.014159906085377373
0.07170226034024305
0.013318618271125933
0.025358631413526237
0.00732524953671822
0.05509974769658144
0.010686674518758911
0.003878956290506968
57042420442617727e-21
0.019360048664752532
0.010085881181006232
0.001287027453701
0.00553719107253502
