0.00010221616427152699
0.00025030773251512035
0.0008602271103188986
9978911280706456e-20
33361714674680995e-21
0.0002658300298801691
6396991399756433e-20
0.0004919131821706597
0.0011318748971017312
0.00019145567783848745
0.0007247954077686009
0.00011879808694454829
0.0011924002750892438
0.0016141673502025598
0.00011630951111550436
0.0006956827621334481
0.0008904343178171693
0.002907350992784782
0.0006673332232030105
3257548280841179e-20
0.00016968945821001314
0.00017748128141105709
0.00012665398231416776
0.0007677547634980577
8752630167972104e-20
8115547718983819e-20
56598557921628536e-21
0.00023429854497602823
0.0009381028579222874
9664065041854012e-20
127299801893175e-19
13942319662738755e-21
0.00030616213280389344
0.0030093440050952412
0.0036230058220988247
0.001277067940832457
0.005109068206417683
0.002561979128894698
2373426711917949e-20
5656093745213053e-20
0.0037526673545711007
0.0003296269357440061
33147900444120683e-22
0.0009520449174462917
0.0056116837827866065
0.0033640317565150667
0.0006907759755654966
0.0011985982972688174
0.0012405397008263838
0.0001820612556495472
0.002402375483620124
0.002391447970282616
0.0014766581472178417
0.0008774130809058064
0.0009566970202423712
0.00027344556920774196
6330682858438881e-20
7389116274697796e-20
0.000509234068942379
0.00012819526832164819
0.00027461557822264915
0.001973747313426813
0.0002015579264520738
0.0002782852245262133
0.0036192189986962646
0.0005034286161931478
0.0024842516959449968
0.005196932667923799
0.0016821501293362102
4477857387827606e-20
0.001484310021612836
0.003810054661533333
0.0065766750560228935
0.008267976311127882
0.0007953528118652051
0.000122783145317731
0.007846185349388909
0.00881504061411028
0.002375964672594388
0.003740287190079094
0.0011961567801574997
4143317312152282e-20
0.004477096933543787
0.003467372902453487
9984916396418064e-20
0.0002950331659171824
0.002182835992909325
0.0015441037007844771
0.001674327104705639
0.00084814043391034
60147045773511614e-21
0.00033050586119396085
0.001746247095438134
5568514639097916e-20
0.0003598627959971005
0.0007719877967447262
0.00011642223408935546
5997493471449138e-20
2953375801361519e-20
0.0007454334886796709
0.0006984008168158517
0.0006472640999998736
925836301391391e-19
0.0018513595198412127
0.0005832397608980448
0.0011761702585620564
0.0019143782921769686
0.0014894385795842452
0.0008276270365098758
0.00022793870309684917
0.00026060873648069946
0.002186134451730012
0.0003670289976089564
0.002366940623813366
0.0008577213137859052
0.005134193767748281
0.002246920584367802
0.006520453300819806
0.0008380866997437638
0.0011815274227492294
0.000879478237056711
0.0012496944252690062
0.0017201042437470732
0.0011599771348717158
0.00020596666369631899
0.000822585685436228
0.0010136103999309916
0.012113746167725122
0.0013126284433562345
0.001330218481711588
0.002853484930228186
0.002319742673668225
0.0016183400400198945
0.010746623909721377
0.00660026913561608
0.002339165696286124
0.0002553277873112454
0.0007047983663538975
0.00028660732715831485
0.0033145293443622406
0.002431741939997722
0.0026028389333346415
0.008642868623486469
0.0011096728842592764
0.001098104175549806
0.0005691933901902138
0.0013578436234122427
0.00024428676729892364
0.0003888932776889536
0.0010488007353859042
0.0016454894194340606
0.0012919417550209973
791731821299807e-20
0.0015409518294857687
0.0005881099840673183
0.004985247610674169
0.0029140631509399916
0.0031704969979086217
0.0058539787710569675
0.006704343023187983
0.0031027093107067133
0.0009854033536670546
0.01776045292100915
0.004452286822856519
0.0016271211902771877
0.0028219299053161666
0.002362793497382275
0.0007501227383597055
0.005252782114697823
0.0007915364913795099
28787906348219567e-21
0.010441465118393731
0.007795655684338334
0.0017371803176405014
0.006123650689688821
9350183614645307e-20
0.003713491915142338
0.007132595454087555
7655768066472012e-20
0.0025239090475884535
0.00011299400904901223
0.0012685644787813594
0.0019145033827949057
0.007564970528976774
0.001495757699651857
8768529437898433e-21
0.0003505178216647711
0.0006457187290724981
24112320890166177e-21
0.0009374161639972895
6953002645753077e-20
0.00012291799860511668
0.0007410643942207749
0.0018166352957425152
0.0013429722878067762
0.0009469797101541044
0.0027896605572520746
0.0027374250023467564
0.001755037614100772
0.0033318941608627035
0.005845800941649357
0.001893253069734709
0.0016090360413292808
0.0023473319596861377
6593928443060933e-20
0.0007367109534631011
0.00010330163274993728
0.00011874879668931908
404656451798614e-19
0.00024585046136907395
0.0003827763627777658
6416687844770895e-20
0.0020035450685790897
0.0013531109971263201
0.0017709538078424514
0.0015572201914611766
0.0008469175771877077
0.0012647417851047787
0.002044957984886805
0.0002191891061327804
0.0008476960200623333
0.000954160592007916
0.0002470376803056019
0.0029899600780307267
0.0013144075757211436
0.012711750921650604
0.010218776507482924
0.00012472255720997704
0.013978720189971964
0.004898511219466613
0.00014770436755596117
5301947004033109e-20
0.0030473695152094774
0.00039626382504708935
0.002771078882433024
0.015318331594189067
0.022156286010279243
0.0016287602471087071
0.000832445854337072
0.0009202452480902046
0.013051863418635842
0.000909812637095087
0.0005789941150997173
0.0027421685331893934
0.0007231813665563588
0.0014109748930560002
0.0036800592203567856
0.008193484050754261
0.0007818357928904044
0.0020139621266608673
3338072724111447e-20
0.00017942548690623965
0.0004741327141894296
9808334241255041e-20
54968464858136955e-21
0.0011266501908257158
0.0002892445236912954
7286058927702085e-20
0.00029115866551437697
0.0014336075148561494
0.0012393762803242416
0.0007922045064120632
0.00021122845926308364
7881592717771237e-20
0.00016974263248976178
0.00013506965201437395
0.0001572515724415262
21855474627349162e-21
0.0005014628883743444
0.0006721844010370388
0.00018536764050522414
0.002109031693586864
0.0014612994447836868
0.0004669216774344171
0.0010266633700865165
0.0047834542676003355
0.0005118498651585401
0.0013547553631450791
0.00021009379827392985
0.0008944055154160428
0.0009699519662926181
0.0013811002057644987
0.006513753951514607
0.0007173368879264672
0.015515730711455811
0.0003002025078599341
0.004211297054070933
0.007734825897476968
0.00015847095042571566
0.002167061722053056
0.0011044090431286812
0.00732430650797845
638723814192806e-19
0.0011824971140754655
0.00011453563347851891
0.0009973611930412984
0.0008318026394196619
3269164037507942e-20
0.00048313776655868954
0.000388504861428932
0.0011848268528690934
0.00016257365177547184
0.0005885513459884484
0.0033496030436538267
7478897468266736e-20
0.00015393849929857588
23575821397281047e-21
0.0016972131467664802
0.0022345744592753083
0.002098712659302074
0.002792408229650464
0.00026871270156198206
0.0015591049052272436
0.007635024651144498
0.0013859446923388692
0.003159181353179113
0.0018358894424808626
0.012372320853193921
0.002500661577712742
0.004896051859685567
0.00348907004844322
0.0016031111997304613
0.0013772735732921068
0.002314411969910472
0.0013623657794747106
0.0029920817317362516
0.004963797736418363
0.0011133517643957703
0.0014954205996417815
0.004967134772609441
0.00019478661030844746
0.003586126011601502
0.002702070973737746
0.0033004211377851067
0.006718510866495193
0.003704799235142838
0.0006957960789259213
0.0006056090798300561
0.0006522568256838138
0.0006628282563341737
0.0031901473624244884
0.00993317486984075
0.009624122039916019
0.0011825205117441322
0.007596589562075291
0.009646348467850506
0.012158395281473064
0.0050720379781735506
0.006679367952244947
0.004602577538111559
0.0047619493705718385
0.034481810450790726
0.003471698702687288
321625121622383e-19
0.004979839321452358
0.010297236908789626
0.011077787184886584
0.011417068341149778
0.0025213988688019434
0.0037898163591633194
0.0019212109457735613
0.0037539311427949337
0.0022608440243267057
0.0014418227743756534
29722976811226494e-21
0.003618770051340111
0.00337398621064112
0.005818866234362331
0.0018720434290194245
0.004196372559341737
0.002801937939804983
0.002017482874076159
0.00043936418430836596
0.0004188776963853149
0.004988594765490506
0.00783083922847826
0.0010074424812274694
0.0002241848348971884
0.0017004096945213317
0.0014308286142851797
0.004640525928387759
0.01093235193294263
0.0025375426186594035
0.0016891976486687248
0.001915459013976788
0.0050609047565842525
0.0013452330291880807
6406029535339084e-20
0.008161498662124471
0.003988591453475331
0.0011916477919502902
0.004224800676619644
0.0006957373337892367
0.0018484763113658343
0.0007951627936242125
0.0033328246838974325
0.0007219680584375348
0.00024131151032171668
0.0010756728129524456
0.0004902574869192083
7879708987222966e-20
0.0023660263128933126
0.0014922418339821635
0.0024442186186898365
0.00042112913229932255
3917949893428162e-20
0.0018278817054255378
0.00045963522183243557
0.002607116766372261
0.004973282729757237
0.00022510796160687095
0.0012057204727409616
0.00027896476636371086
0.0037242548623679177
0.0014632700299785104
0.0003260754052085433
0.0036156898391998
0.0005062739922196698
0.0020366000627053448
29359150763269705e-21
6299374871051081e-20
48246099656930784e-21
0.0002745149440125568
0.00040376393853011654
3230555019074438e-20
0.00029094359942588967
7362973265142624e-20
662973868916573e-19
8537123167887608e-21
0.00016257526460462416
5148038340269332e-20
8076812113110994e-21
