7602144934644793e-20
21639023808708247e-21
0.0006402511177653541
0.0009974323757790543
0.009862527739969333
0.0016961330507884096
0.007819629631451499
0.015726056343566584
0.011133976169938612
0.0011435294576554744
0.0033577317741823555
0.0004255687924990098
0.008702291481459394
0.0006763776894937773
0.019706552295931705
0.006408657265512379
0.060184032459974376
0.022152507012734506
0.005300137445196996
0.0002479155847463029
0.004807255216725556
0.0063120037313934745
0.003762651433059879
0.031036844251904238
0.031139734537905254
0.03228861809193743
0.025772401690588663
0.00047823924076041035
0.007942668672507694
989188502511095e-19
0.00016381931746413996
0.0009626301443459365
0.0013361529952759558
0.00045013751041803166
0.021586774665329957
0.002915686030107955
0.030697185959773738
0.011811079955767197
0.003187836121990027
0.014316306152134277
0.007790534026822144
0.007262408189426942
0.00812961773207071
0.0016599794945825316
0.01020689297869823
0.04192956125229014
0.012697087098470667
0.007329219485483817
0.006890857203141738
0.004753262598321403
0.061664332397228475
0.007702687102807771
0.030324563467332265
0.005870963163545136
0.01869235392635899
0.009323627775509402
8664841335671195e-20
0.0005879937694206525
0.00031270163386222033
0.004627634661466358
0.024143954884842635
0.0014627094066520417
0.013445540646827313
0.0006291617725985184
19108712198115567e-21
0.0025857542157150326
0.004248847388133819
0.0001908406850107819
0.046565967628153404
0.040429180086124006
0.01771154729933009
0.003165213251806975
0.0010420726590745625
0.0014647094774480746
0.04202361615757982
0.009871022035570264
0.007789649735790263
0.015125141989327111
0.017343817900966035
0.006141544622636138
0.03281930929242887
0.006887443983369738
0.014641435908523211
0.001503872886419635
0.02050061143590826
0.0023379066678482076
0.0057269281830050625
0.00034089349576386246
0.003510919389622085
0.0011424390996884152
