94413488080472e-18
2617536679051842e-20
24649328049154753e-21
0.00015366303227187507
0.00015723585258248848
8185274627353418e-20
2572569496292408e-20
0.0001080842680449387
17764960649801364e-21
0.00029998266416832295
0.0002220434524059974
0.0001643223523113424
44581487972941845e-21
0.0003851691165430293
27438841989609688e-21
0.00013969895295080144
0.0002361126168432001
0.00013547893885870448
9501168298222342e-20
6240267279441563e-20
0.00012350584817148535
0.0005630977824818929
0.00020380201424317378
0.0005142604241081663
0.00038823625810524375
0.0007177530090221746
0.00047751413102991696
0.0004187268550859632
0.0003045132720662263
9420611468202582e-20
0.0003947267741883307
0.00017199245873048943
0.00011588215966898969
0.00015104227835087191
0.00025410411225974485
0.00043363226541072344
0.0003951545887325411
0.00029911007723596296
0.0002786665498122468
0.00040351662553127454
0.00011093245650664401
0.0005935855522416152
4118693609336221e-20
0.0004209421466157543
0.00022207928064456702
4101822091756458e-20
0.0004939069743622738
0.0007586794417934139
0.0002750873316487359
0.001118276798340576
0.0004958946899043189
0.0008760279556227485
0.0007474365699039271
0.0002551704743682831
0.00034109913787350383
0.00018770424528205236
0.00031487218811759795
0.000999789370491186
0.0002433493835326069
0.0003999683326251155
0.00013204089407775862
0.0001323615289588437
9368669598019697e-20
0.0001489618163730387
0.000354940628289579
0.0009086268198869731
0.000478646583547965
0.0004921187525931939
0.0010411939116895994
0.000816571606085883
0.000148987516601516
0.000199990899741598
7586219718924136e-21
0.00013077620972799483
2874918979074892e-20
0.00011479189451225776
0.00010203287673010685
0.00028487769091096316
0.00040286399604217576
0.00012035971965554957
0.000690849056997237
5795200421599583e-20
0.00015122665167256386
0.0002144293337361031
0.00041649308945911377
0.0004085235432467227
6322047903099351e-20
0.00030363705149931907
0.00012619961320421656
0.0008745937889639059
0.00012476050300706638
0.0003825331551215858
0.0005787643466670387
0.0005529864354764051
0.0009087978435363782
0.00012669553642853448
9084371901364986e-20
0.00014077571533288464
0.00046536898192065185
6815351255770262e-20
0.00019210067445087807
0.0007060099541790885
0.0007167830262418901
0.0004961333466782596
0.0007274215126548098
0.000620523664079052
0.0004361992556666691
0.001175116689471993
0.00014550299287225557
0.0002213581981481654
4547886787536807e-20
0.00010553336818138442
0.0010560154602771129
0.0003070826442392184
0.00044951386566940765
0.0004799459031813187
0.00023301642147164565
0.0003070605409525452
0.0008005436687960654
0.0001010953661313263
0.0005728731548160585
0.0002725673536618021
0.0004649575004376997
0.0004113428179771734
0.0032110104289576925
0.0006974183345839264
0.00011894443945918744
0.0003051219552176012
0.0005739796242429297
3206625797964536e-20
0.00016927497789178875
0.00020254491068592546
0.00023809744812787874
0.00032851683781728495
0.0008330476026190049
0.0003026083252467413
0.00025984677728480303
0.0002965041888001424
0.0004455401561704186
0.0008513826258629072
0.001078380577278552
0.0004895736273538859
0.00041033259894178545
0.0008177307615958646
0.00011517902787047923
0.0005292435019799526
7669483432731697e-20
0.0006972098690083473
0.00017131847181177848
0.0005845577544267445
0.0003331022673323441
0.00010890525851028821
0.00010248465806134493
0.0005488081811688164
0.00027966070550420794
12946511020288916e-21
0.001344823322938676
0.00013863401643899424
0.0003188775184450162
0.0021371730515015617
0.0005020517125095446
0.000149792799798037
0.0004443067602306069
0.0007967493471587382
0.0009126807669467162
0.0009231107227678421
0.0001592440608219273
8831610422133969e-20
8951669401646177e-20
0.0003565897529990769
0.00017141897410888086
0.00020324775782943594
0.00012598551302345383
0.00034056680499332525
1287927500405655e-20
0.0005590963474824701
0.0001693808598328382
0.00033629826890645083
0.00017586989684035897
8598421399450465e-20
0.00016912288122519623
1940955658551642e-20
11699737414791953e-22
4681050220753692e-20
3996958211715274e-20
30478908082396833e-21
0.00011996715445093675
0.00012623672344535527
9327765331588234e-20
0.0004876955262709106
0.00043020483444489773
0.00010507513190553246
3762627053327736e-20
0.0005730945438984833
0.0001566385485549774
0.00037209181955571947
0.000580434534346052
0.00017035141175600826
1089529833651883e-20
0.0015610949063926554
0.0006729766483150216
0.000554436602726812
6120865950863657e-20
0.00011864169079152521
0.00034052133791741295
0.000769655682543994
0.00045401782612690373
3209055704700379e-20
0.00017851638552815918
0.00039244811287106644
3691165974662171e-20
7624640717591397e-20
0.0001461224886275126
0.00012591071142965945
0.00024694906206072624
0.00014346282668691813
0.0004201386437385325
0.0005583331032348789
9788689115636172e-20
5834615549771428e-20
0.0006908580222430343
0.00010690517627417414
10966536646170928e-21
0.0008125444428459735
0.0004168247293896369
0.00019405107411883305
0.0007786870245076015
0.0013776568525985153
0.0005961090730969446
0.000474797791460796
6649285194566129e-20
0.0006719518918630555
0.00015575805884100835
0.0006702760390461085
0.00010375105870358446
0.0006144074667659224
0.00027070856765592437
0.0010912958056149163
9599065915142173e-20
0.00023786536262798672
0.0005727380266208189
0.00014027425649343803
0.0004240325988752441
0.00038918763660431574
0.0004305366535211923
0.0004036175332552169
0.0010212741966294043
0.0020743635951574213
0.0011185076254074213
0.0005737034179873475
0.0003541909230818524
0.00032337380827627817
0.000566854180719262
0.0013415117511445425
0.0003401891323725325
0.0018586978600915215
0.00046951503782838197
0.00017345571069502997
0.00035813310141691426
0.0005037355760465896
0.0005499981579050882
1734552195202587e-20
8282053173964893e-20
986216365094521e-19
0.00026862517431622414
5408912731914539e-20
0.00028652081330630546
0.00021733909059013418
0.0005357233039425371
0.001037966987881528
0.0006115512510164523
0.00018284835852444803
0.00027348568600049156
0.0006593618429304381
0.0003467160012288681
0.00010060877924037356
0.0009461614800535835
37141528939734733e-21
8699101826497111e-20
0.0005927640129836211
0.00013467686047898198
0.00011446197347416306
0.00017620724418220907
0.0013953544158370273
0.00041080145737525407
0.00099139627522359
0.000174001412406602
0.00023399918525795113
0.0006696570542202411
1932728870465074e-20
9023450046554974e-20
0.0014830704497390045
0.00020280474623908846
0.0008357342370879637
0.0007054926972057677
0.0006705088984143206
0.0007210015208403067
954922130129618e-19
0.00021580075966446592
0.0010368537517670606
0.0004947336171793698
0.00016615748347176057
0.0016737903398099667
12787670602998008e-21
0.00010890780067361529
0.0012595836224539077
0.00034171460776585085
0.0010680610037940889
0.0008746871017207328
0.001199765735068229
0.0007344396925378095
0.000949732152704932
0.0008744093747540335
0.0005432817465102195
0.001135069020513351
0.00022596282539286177
0.0011758410779621898
0.00020930161746508124
0.0020844570247173203
0.0008562732252402743
0.0030659022451392285
0.0002982559457388525
0.002562696233908908
0.00014502789750632397
0.0007715966793164377
0.0014585086547174344
0.0007674033273794629
0.00042288646087464783
0.0007001848460641032
0.00022530952151192857
0.0006057218053119255
8057901498677272e-20
0.0017470754596932263
0.001958097673464225
0.00018169930703994404
0.0012515643724482664
0.0003733924060670029
0.0005873000890934221
0.0006500997729234891
0.0003724076925648916
0.00034351453393635336
0.0005107126388850336
0.0013151625356946858
0.0011392807197333214
0.00211094822486454
0.001468016095509955
0.0012661447470268255
0.0002818431501508381
0.0006588337876712082
0.002866381331531945
0.0002190971679575162
0.001615596907287305
0.00010441841893673974
0.0002926516117509588
0.00018742610930591082
0.00011217621287504126
0.00016826298652181812
0.0007813794940025806
0.0011036984075004919
0.0008684846823912709
0.0005892443444891217
0.0002865922842665018
0.0001994296874121588
0.00010941404125470799
0.0010347797633670141
0.0008089124550057352
0.0009728952605331914
0.00024883988393077547
0.0008894538056567566
0.0006217872698779631
7030478864852002e-20
0.0007531311614796447
0.0031370344901514744
0.0009518198218941159
0.0008090181695743659
0.00012856254537021042
0.0002112389060500001
0.00041238349078812515
0.0008289450520102418
0.0002060579446624177
0.00017534596913759077
0.0030381406137655583
0.0005403272737530376
0.00015285502430136664
7414765925974337e-20
0.0006253654330136258
4044298993369414e-20
0.0005925564052346174
9473555775461615e-20
0.0008664632695972609
0.0003498079558476919
0.00102577710583626
0.00017629144668019234
0.0002442770436236267
0.00045618938206241753
0.00023295192056874784
0.0008188778391564302
0.00022699776935454274
0.00027243502893255873
9394726814882143e-20
7124528187083971e-20
0.0001261482265468419
4141551470869614e-20
6959264316401436e-20
8963502897868088e-20
0.00050230793265166
0.0001328805091207021
0.0003351940610906115
0.00010863583107782409
0.0006729075060517415
0.0003499593984367379
28139277581597494e-21
0.0006071884563467717
0.0005293533018881264
0.00022527925152332918
0.0006726182578182434
0.0015371262821880305
0.0002571843160354757
0.0006181493056446972
0.0001517965218601865
0.0003378387413337047
0.00016889179484414187
0.0007135040058095822
0.0008912062373797518
0.0007493780094741111
0.0008466552771218505
0.0002620955899226568
0.0010258000713012354
0.00010998142907300265
0.00027170338906568693
0.00024687639839062294
0.00020946390965681508
0.00021615992760473332
0.00043394708260493083
0.00020113329517924318
0.00036422441748312973
0.00013668023691523393
0.000518639142097444
0.0006542683728659929
0.000845020340300747
0.000539933581129341
0.00023818328463524478
0.0004965611789343773
0.00012192538880903633
0.0009727231521506313
0.0002494190141290795
0.0008362353645605376
0.0004716279634903174
0.0004691268672845052
0.0002852858565152815
0.0011207680794863336
0.001290899204058061
9393854223214225e-20
0.0005171898235338797
0.0001154961574006006
0.0001301860337632959
0.0005362655725541073
0.00013540547992496398
0.0006525593771384548
0.0005221802606297266
0.0003871771306332809
0.0007727123293609972
0.00041566499279604985
0.00011067170629474388
0.00025143375694275106
0.0007524841989717736
6146042319206545e-20
0.00016862084467069767
2795307118996838e-20
7312322011815799e-20
0.00022444944007466127
0.00048377626790500417
0.002129247167151755
0.00012676733125381798
0.0006196280796377205
0.000916601118436296
0.0006837548911675641
0.0001601718433316708
0.0005502634764442931
0.001279438432073072
0.00015819180224009395
0.0006911464374241125
0.0006149580667667137
0.00017112419230795882
0.0012197301783565314
0.0018259768046578813
0.0005264232928904742
5149136934842003e-20
0.0001704985061029903
0.0006486422247223818
0.0003669670010019006
0.0008423461257012268
0.0001909722696535885
0.0005454903049986817
0.0007627562061301709
0.00013139808988173925
0.0006439207465087881
0.00016320235128231336
0.0008067299591610996
0.001468179778835552
0.0005831228648879008
0.002821956870308442
0.0005631663651978668
0.0016353844321431146
0.00017851219383351592
0.0005253691689609738
0.000913055829686079
0.00019988284338810075
0.0037082555040542863
0.00027266202476014615
0.004314319917057587
0.0013628118103854198
9994584402949253e-20
0.0002560618488499734
0.0005962040699385026
0.0001727946288169368
0.00039159551580511553
0.0003250855410991737
0.002440005344064816
0.0020746113065754105
0.00027924815388184846
0.0005677892413104386
0.0010437486845993275
0.0004720750051307893
8072849096564318e-20
0.00021548723201151142
0.0008701784914409988
0.0007259276449992299
0.0010487114764222228
0.0014267262947011612
0.0007393880349789731
0.000928802028816964
0.00046850304927271703
0.0004073926100971748
0.0012844668827378602
0.0004354941036305731
0.0011865036350207467
0.00015586666630468092
0.00015384422494259153
0.000542698840267016
0.0005253655139537055
0.0006127236594580034
0.0007912590150295809
0.0006666940432717372
0.0003859531919011017
0.000284272226292637
0.0001038686224183236
0.00044719517931670027
0.002641659467222592
0.00016629742209810816
0.0002971495763063637
0.0005936214382869833
0.0016999054904079977
0.0011661910164519518
5820521935415107e-20
0.00014256296601206054
0.0006034870826730165
0.0010173987404668062
6307054897223145e-20
0.0006920235152008057
0.0006172365667079115
0.0004236848802502897
0.0006485005363939655
0.00018770105935784432
0.00017634211585943943
21847712835001454e-21
0.00017066518163446457
0.0005758632145776842
0.0036677298743341717
0.0004917006560844832
0.00010497591827086336
0.0005611641828823737
0.0009002624818955469
0.0002051279480859279
0.003430652705381188
0.00025269378468325047
5291178831354052e-20
0.00199970783850398
8079053749927251e-20
0.0004997707507931662
0.0010812431409717256
2555687186684982e-20
0.0008644530431982748
0.0005559575237065296
57870458683024254e-21
0.00030927139102062274
0.001803024142071754
0.0012487285135169843
0.0011027431118391968
0.0006766294554040023
0.00019859018829412834
0.0007746880986598603
32175837968376616e-21
0.00047501459951019133
0.00016302612225560395
0.00023109016666637266
0.0004632868814334102
0.0003200282140614501
0.0025368996547737457
0.001061897556607975
0.00023350238184268523
0.00047813419885563884
0.001105777215583633
0.00018728545221763607
885801377687039e-19
0.00033022925995337976
4971797540082617e-20
0.0006525328964405491
0.0005723017571927317
0.0006210382514029016
0.00020388140371175936
0.00026283417264635564
8331858898164619e-20
0.0001639655052829871
0.00015160463515843223
0.00010555394625350024
0.0003130226904787254
0.00015156988101977065
52476393048598074e-21
0.000544672946260493
5834485985548339e-20
0.00016263180381402226
0.0008123202931824447
0.0011303281621827372
0.00018569030378819956
0.00011664042664308315
0.00038818416960394875
0.00019074532075955515
9897928186328543e-20
0.00028114076314192924
0.0006681426690421538
0.00011841722086213698
0.00017585184938796953
0.00029175030193731046
0.00022794106934945286
0.0001337372712515409
0.00023861160913676602
0.00017323854445153416
394652943305482e-19
0.0006198581794167078
0.00026428993641615503
30599636109218044e-21
0.00042129353907145863
0.0001933452941462001
5852132601402573e-20
0.0005332065406386813
0.00010346139644981427
0.0005755124414774685
0.0004639612539877345
0.0004592716870976719
0.0005619936391469994
0.00013324711443126933
0.00040324241434127554
32159392721851006e-21
30920857197433114e-21
0.0008200359282825698
0.0004883925354538475
24192836423354516e-21
0.0005126745140098051
0.00047622445061778145
0.0001850811183352419
0.0011972656495185493
0.001640410638361898
0.00047355463868932983
0.00014404051334430785
0.0004164154706322737
0.0004552576562550398
0.002064230880373172
0.0009963151839279861
0.0002891528238504607
0.0005540472467363125
0.00014579449541130923
0.00014725253121827017
0.0004961439664666746
0.001141629861444813
0.0005342207222067617
0.0002574431750184684
0.001028865345636677
3610374697294383e-20
0.00020002288903042749
0.0022138865199661274
0.0011547405880333952
0.0019036322395492875
0.000600452477637897
0.0003027014117762123
0.0007630207423696962
0.0008076453749839344
0.00019877786478247832
0.001474833340923604
0.001408475686804154
0.0009825680326362078
0.0004886821036323382
0.0002378549441474423
0.0009660661020936702
0.00014622441781459488
0.00010339801750612741
0.001450083617149783
0.0003980706252711748
0.0034189724626908767
0.00034667976712501343
0.0005000932122194637
0.00029415004215330116
0.0012341778549014688
0.00048308282875508015
0.0019723402099000855
0.001076867834686395
0.0026548453354493045
0.0013822165466707895
0.0006817356012481386
0.0019883338203279094
0.0006956601978939902
0.00024594009184800906
0.00015901586573803262
0.0010753558159098573
0.0002361990656992965
0.001632933506345998
0.00016818966147305004
0.0004383459102147472
0.0003293886752206322
0.0020417628091021454
0.0025137674850012883
6261363196847357e-20
0.00032718747436099867
0.0008341790442576006
0.00021862172685760512
0.0003013790357884645
0.00021336535558886098
0.0020238499949398344
0.0004988325128796227
0.0006974028460018114
0.0008590430370657428
0.0006782089006052965
0.0009136744045057781
0.0003931216215215227
490898648751104e-19
0.0002834379410040955
0.00016564006075046428
0.0001972809301887028
6261959962381545e-20
0.00023666174359112722
0.0006728630540633618
0.0002033908832408135
28438122898943226e-22
0.0009427642955944233
8085006256428553e-20
0.00043902907823143567
0.0016765788585111424
0.0007263259847687293
0.0002657932219960632
0.0002596864923729366
7305362161977747e-20
0.0016054002768859043
8704671305264499e-20
0.00034545025625814266
0.0005328652656919522
0.0006001525873905968
0.0003914199522802707
0.0001523172690916962
0.0003611515323038853
0.00031042954725885583
9476819303676535e-20
0.0004695402430277174
0.001080388449512154
0.001043936253323931
0.002664030352601051
0.0004734094894015428
0.0003088848374642076
0.0005949912743393849
0.0003636210978018462
0.00022160800517901825
0.0008619088041084977
0.00010281557075993154
0.0004974468139159866
6645600530199138e-20
0.00022749763864953366
0.0008958820355805677
0.000443233152771239
42664155594434537e-21
0.0001736487427943857
0.0003143044888859164
0.00032688370127406267
0.000248636703959291
5644715892349906e-20
8045197343181187e-20
57592660790767326e-21
6932301008783001e-20
0.0001382276099350595
517532176260831e-19
0.0002295070549368756
0.0007828204882525953
0.00021632013656805747
1543292350354663e-20
0.00011784460164389239
0.00011826341403546896
0.0007273193579625455
0.0006151642671834403
0.00033530661559410315
0.0002597795701251665
0.0003144258311544432
0.0006346604167008201
0.00027506268648742893
0.0004668709596637569
0.00022503151790516192
0.00022363902921350792
0.0005070646455841086
0.00016792619342378187
7840911070547287e-20
0.0004221791927148458
0.0006566987198650281
0.0011422382499098526
0.0008685427756900681
0.0007722178511736945
0.0002954879649344482
0.00024062010142166738
0.0007234495584870272
0.0002633935791125845
0.0006486663391951581
0.00023360695514029796
0.0004992447546933163
0.0005997999267103177
0.00030632588997541485
0.0003202907359137626
0.00012676776907254763
0.0003549038216974897
8680142991725143e-20
0.00016981891733219343
0.001267206347759714
0.0003197578762129822
0.0003861607195974607
0.00040400517455436996
0.0007535914062930609
0.00017847428340079505
7970807118284711e-20
0.0011860811983854993
0.0005054096554546235
0.0012759013221601582
0.0007853613033509617
0.0007148871836908587
0.001021099021371808
0.0006442507312476364
0.00017414286628990406
0.00014472932616526842
0.0003702290980275718
0.00042142343565789966
0.0002560809521203453
0.0004405120929447831
0.000676311411911972
0.00028026910467099023
0.001053779954468698
4381990019124229e-20
0.0003755947539320417
6885833836904574e-20
3395001459229912e-20
0.00018011895377539585
0.00013747347375215574
0.00020016105281991944
0.0007734596670452456
7058895988666077e-20
8467017394136339e-20
741466072639757e-19
4824156605878494e-20
0.000103563199818132
0.0005973839360930201
0.0001833181637603439
0.0001421153578761593
0.0005350342235644267
0.0001671765332181523
0.00016039100340487666
0.000580894979123991
0.0009907195729626358
0.0013854062440913732
9068493003786443e-21
0.0010218705273888902
0.000712539826514386
0.00011432663815064423
0.00016179510512825756
0.00023229895483566323
0.0006089160128254885
0.0005265249027590726
0.00040774122612217235
0.0007737755234832895
0.00015372688407840786
0.00035830637260926714
0.00011486247085773756
0.00017410396679123712
0.0006735893967360504
0.00015341032158671915
0.00042972720659062663
36061177924579264e-21
0.0004239888752806473
26229349555990994e-21
0.00010097579412683137
3594868337835159e-20
0.00022632893840215305
877315290522101e-19
0.00010261258231414918
0.00014752601217340306
8638021039848482e-20
33430888866042636e-21
4107404478218115e-20
0.00016547636767421487
0.00019886274774622958
0.0003336381806319152
53154664420853405e-21
0.00022228671093351635
0.00021771718043018254
0.0012356005478709586
0.00046020954023440923
0.00016621065012709042
5988537879869119e-20
56036464337031936e-21
0.0003649672394976529
0.0006015704277187038
0.0004371210331087662
6679108563174485e-20
0.0003237379527269469
9442395979314771e-20
0.0003301264640875183
0.0003633476632125548
5516656323582283e-20
0.00013846573095586335
0.0002592283049870717
0.0006083551029512376
0.00036199174682594417
0.00027629626733839696
0.0019397504724189458
0.0013819849699725128
0.0022030932275438585
0.0013642395282717473
0.0011916686593623116
0.000971683903225538
0.0004213099706080184
0.00026649167577996844
0.0004995906398382916
0.0018100403532668114
0.0006864393173699014
0.001450967916678647
0.00011626866414090201
0.00012903281269760047
0.0016731889875170442
0.002000620942804164
0.0018413465153901552
0.0010324904150359848
0.001267022097119658
0.00045838366070320187
0.0004091354331293815
0.00047666818142569415
0.00039164387455167625
0.0031150583639071375
0.002105270270965128
0.0004177519994443953
0.00026771142442570797
0.000761511805632882
0.0003806727953496049
8223569617653171e-20
0.0003840337041234707
0.00023616589928741205
0.0004081932119854315
0.0004820750979776133
0.0002765144142197886
0.0012857129027565102
0.0003615239831916635
0.00023026072198978608
0.0008481217846619551
0.00025669132217173024
0.0017736249777340984
0.00012369966314194536
0.0011966252741779247
0.0006859791055280543
0.0019356491482098621
0.0014469890163339263
0.0009456334702560981
0.0003125080229667737
0.00018790039745979984
0.00019443496614134157
0.0013014063517815695
0.00014344775708716387
0.00015820640560850735
0.00046057435101489873
0.0004490692736058915
0.00026889783937194503
0.00035254105600895995
0.0003236785748239205
0.0001161945676882472
0.0013379248803070073
0.0025156295103764257
0.00023524975646227643
0.0005948630791985552
0.0006873815289758263
0.00025603889309644894
0.0003022985198204233
28160630948334694e-21
0.0009105221616145402
0.0003539129438242196
0.0015732158109094158
0.0003147208966539208
0.0015924139409282962
0.0006077191090291954
0.0003003459222752946
0.0011045473126059158
0.0017387752516657166
0.0017585399420374397
0.00020893281818407366
0.00151285172684167
0.0003508914423527743
6463212975268597e-20
0.001321154300756426
0.0009755843275982767
3398985066600145e-20
0.0010775223372122603
926449744027602e-19
0.00037556050783444836
0.000813991566684514
0.00041993121763170434
0.00013906336158683565
0.0004459013156252075
0.0001875283304684037
0.0003861048294098643
9957866558963164e-20
0.000291344547048467
0.0001597732014401688
0.0006201251427160573
0.00025301825636911255
0.00040846696598479114
0.0020692682102037793
0.0002859322232405767
0.002222393382254484
0.0015437105672329665
0.0009757776850932346
0.002852028876616089
0.0002508171819850335
0.00023846222535972545
0.0008849998000365507
0.0022550963263913986
0.00020941312494495706
0.0006574950406932387
0.00015174224856673904
4252886981639817e-21
0.0010034650691697832
0.0011952441208862724
0.0012061060885677295
0.00023325162114154783
5924350629826226e-20
0.00043929604807830397
0.0004052724603376567
0.0009731760198852292
0.001981492128896342
0.0002687127119142514
6298061991611731e-20
44450346167671794e-21
0.0001826341888769698
0.0006192247558525581
0.0021005415482004126
0.0016473235543801312
0.0013588093828055458
0.0001886621689822694
0.00118517031609312
0.0020927522186198768
0.0005269475160341663
0.0013236430654995596
0.0016831068308259696
0.00041004355926322543
0.00023990894403761885
0.00250506413296427
0.0037896563543550607
0.0022718643231026416
940771284952864e-19
0.00208432836527488
0.0011457058850110852
0.0007681742831635163
0.0003490173029113401
0.001745551331564762
29788304803116774e-21
0.00015002620177366284
0.0002937226935600876
0.0005882934755798984
0.0012103335579583578
0.002638860495599485
0.0004784045300467743
0.0002551603556265256
0.0009186927260666622
757831450890374e-19
9644482107230491e-20
0.002357331709163003
0.0009315523170928566
0.0005185293394169415
0.0014101166198492927
0.00011856920322076145
0.000632622112452217
0.0001660501812444261
0.00018783619456611635
0.0003367354061904461
0.0019121655079703001
0.00012942514130511191
659004052840505e-19
0.00045040121785300117
0.0018679553357882335
0.0004137255508267103
0.003426943506447484
0.0026762318685377277
3437336262808989e-20
955652914511478e-19
0.00018917983120423997
30348037015319288e-21
0.0012516921131712905
0.0012249347702112852
0.002737296002014687
0.000294005343123173
0.0010123848731559508
0.0010284335157609522
0.0007199496709912083
0.00019405825368898452
0.00027517971833181153
0.0007634097195762874
0.0003342582405468467
0.00039261465914622144
0.0003992973077390632
0.000431493482650156
5631758425345535e-20
0.000770193879233571
0.0009410845289298885
0.0006021082720607064
0.0015522032889763377
0.0002036223887981517
6189319310596863e-20
0.0008935954826886745
0.00037836621489178475
0.0008700175425264466
0.002642310924385172
0.00017751002158960608
0.0006415346248368639
0.0008778961950883443
1026180457787413e-20
0.000841332230147331
0.0007758277612794316
0.0011068502087787865
0.0004660472175609621
0.0006427171127023657
0.00015654438749649737
0.0014273429977310756
21341279383665838e-21
0.0022665488043634146
0.0026456483579332707
8721668173000054e-20
0.0006953436969581518
0.003247630527346495
0.0009141453484907416
0.000278581331044671
0.00015569956274205847
0.00030316830580287394
0.0003003802149716194
0.0003035616053191153
0.003090897520285053
0.0016910771638303096
0.0003097448241127421
0.0006159378722094927
0.000862837682196901
0.00012606829029596772
0.00019425387640382275
0.0002645403910392824
0.0006395936149532097
0.00033375418669520526
0.0006768171512771915
0.00019875615264803445
0.0002445166151679244
0.0003116525712566716
0.00010888996915608388
0.00018626082300606173
0.0011608424507715206
0.0005710773272033605
5497915262581946e-20
889065059349827e-19
0.00023034619674262995
8302143782564887e-20
0.00030209318695969444
0.00013342687722843856
0.00014367380565020435
0.0015287213381853597
0.00015986363938602256
0.0013931463208604427
0.0010187401498390604
0.00029462585828992483
0.0005005688501510527
0.001937548031850324
0.0012441697117521798
0.0007265024111079472
0.0010937992729105354
0.000839166056194171
0.0006107814668779137
0.001893922926040179
0.0002799143128556018
0.0006563546690351664
0.00039377046645439106
0.0002748345177551217
0.0029881376326760254
0.00045265725940161876
0.0025608073458815075
0.00043593350820740753
0.0009206512257753131
0.0006860707755573495
0.0005590418107387801
0.00036195090546472435
0.004092964225728771
0.0014153385732559578
0.004566414811453106
0.0007019850061362762
0.0051627327954552075
0.002335173372559686
0.0014626808132874969
9522238989104055e-20
0.00045538533018859526
0.00022815712303781124
0.001076480804913736
0.0004758412701198343
0.0009939673193471604
0.0015554544678893641
0.0013182569560216911
0.0003944639203873187
0.00013455054785353344
0.0003389208564798787
0.0009645454607310547
0.0007657311727350988
0.00012597610688750918
0.00030153915577750225
0.0008042778250602526
0.0004264522622525067
0.00022110297316197243
0.0004077862227766105
0.002216473675129189
0.001565850405139142
0.0009513562064811622
0.00032261224257830646
0.000248472278162192
0.00023022184426273198
7022838067271059e-20
0.00011612211628216563
0.0002408067773603809
0.0001033537153930146
0.000964240136472395
0.0012279135802615985
0.000230062223292307
0.00023290868921449617
0.000730785766251193
0.0025086411747608788
0.0001769737896915468
0.000288918866122776
0.0012587845099678368
0.0010801609323731498
0.0015751244257351668
0.0010208603628126976
0.001264270557754923
0.000975424626407072
0.00044113709998604123
0.0025755411299302577
48417633759027104e-21
0.0006897710245302175
0.00018149315692099263
0.0050821769244087395
0.00012635881191374245
0.000216873408019003
0.0014277233749986236
0.0023766960807416575
0.0015260472499316448
0.0020928269188074116
0.00018198331972288
0.0019141961665194416
8972130916027953e-20
9931553481381278e-20
0.0017329111905587992
0.0002543570162507199
0.00011536242048311152
0.002241984801402822
0.0008600716911484225
0.0002255667545668688
0.0004395177021335982
0.0009484725017240204
0.001601958805624734
0.0009597333666915484
0.0009725129052225516
9192939721698564e-20
0.000647718029546422
0.00022544529753578364
0.0019887498206608966
0.0002712553816398473
0.00023932342044202318
0.0003530494845987806
0.00010403464050737414
0.00048532981348848713
0.00041167278668677554
0.0002439612789784093
0.0008488501246450505
0.00032411898948727784
0.00017429353819299736
0.0022242877207004005
0.0009466036582656062
0.0002966243870236935
0.0005210964093316531
0.0013724549748620266
0.0007281031668231389
0.00030908803592865367
5815148659962912e-20
7997156260342241e-20
6701178984731273e-20
0.0004070525904857511
0.00037559786603650757
0.0014485516017401798
0.0001520573850746283
0.0006809784199214243
0.0007290834105468072
0.0034213291840045922
0.00013339008524481405
0.0005560405203749408
0.0010669692668635758
0.00044406880887689053
0.0008068945112826102
0.0003608996097765321
0.000272307370317065
0.000691009814234788
0.0024206411050052426
0.0013904708457055243
0.00022174299443720774
0.0007344861075457229
0.0005843426363747914
0.0002602778865881389
24321533393098024e-21
0.0001099827361960182
0.0002794985725179205
0.00043377609349154933
0.0014869096352859252
0.00021322067504486763
0.0008979808688028603
0.0005456461362246581
0.0011428720766829229
0.00036751902609596926
0.000390895322685712
0.0003929555993658318
0.00019315790028810617
863189982402589e-19
0.001157211854937605
0.0026845253057328237
886242109445841e-19
0.0003775010137531626
0.0005648387859998298
0.0003275512704644784
35229501157885974e-21
0.00016304133886714867
0.0005930541056561359
0.003730115262740586
0.0003549490448885201
0.000150372502730031
0.00291277867115829
842145531587994e-19
0.0022419811872424512
0.0016384313212502158
0.000962204790478166
0.000453637612620136
0.0024708049324038317
9487838777318862e-20
0.00010527169960601861
0.0009425774572149928
0.0007063114514674068
0.002071400075802475
0.0010781725867752365
0.0008331245533985962
0.0016597051497167833
0.0015199816273748915
0.0008370085421218229
0.001284567818590012
0.0001299734998397216
0.00039617266040578407
0.002340652079678912
0.0002176359430676278
0.0008519614971441132
0.0009653132052085196
0.0008795860641977033
0.0010186821340415898
0.0003000852001144197
0.0006199630025529035
12461177810046841e-21
0.0004912768070357718
0.001317791801647386
36901259884100986e-21
0.0008241284508997153
0.0002980158071953784
0.0007254528888156868
0.00042110595901371996
0.00045222549815693926
0.00012367097573239244
3965395677521991e-20
0.00012850513626913075
0.0006647455289908373
1714848721639107e-20
0.00015765909042422547
0.00035634886597042247
0.0005037277519367278
0.0005611882461932558
0.0007416539326614403
8139941495381703e-20
0.00024033876969089694
0.00039543331493866526
0.0002895100765679558
0.0007461763568317506
0.000228135545084218
0.00014686040581402004
0.00040188059478503787
0.0038852146659955665
0.0017740028284594742
0.0006050667721363448
0.00017629703706913244
0.0006047580504828669
0.0009575855980612502
0.0006251805278606622
0.00029813674460609326
0.00046573893829775844
0.0007859903612689215
0.0004812861720966182
4415175615763332e-20
0.0013827092623527489
0.0020977763441067123
0.0009207959807110736
6710632899168889e-20
0.00016504759387164647
0.0004953773777670686
0.0006280120710908572
0.0007778437545014543
0.0005432887180192997
0.0003855883253252151
0.0009222279137195904
0.0009629801440087524
0.0001847124758123386
0.0002742116605060394
0.00042866396141983667
0.000230032193231532
0.0003221881467140586
0.000312010352476676
3607032476799227e-20
9337541059453804e-20
0.0002607720958655635
0.0002244602434582933
0.0001807456226861653
0.0008395904945684634
0.0004578568005910754
0.00018717562642863115
0.0003853561436780579
0.00017793566982138138
27078545922456174e-21
0.00040160660064726136
0.0003701769013631212
0.0003983638567965511
0.00022801875525431482
0.0028097161846800107
0.00032082575281701706
0.000723711018852813
0.00046234470050207215
0.0011398928161501418
0.00045307150539500117
0.0003105602337342656
0.00046838412579027107
0.00010609104519159587
0.000917657787898216
9074699822641039e-20
0.0005095052839541018
0.0014219078214990257
0.0007059778708209233
0.00013500884586254615
0.00015502893622082695
0.0007381656429007971
0.0005058255835605562
0.00016825291502925555
0.0007102222679650648
0.0005202472657420186
16822525487196362e-21
0.0007114186135326222
22789269191634432e-21
0.0005930086686445108
0.0004717997798303719
0.0006117835034111903
0.00163299088463189
0.00031617731534150904
0.00043599842177442875
0.0001559288377258012
0.0002187752096453448
9330477507066443e-20
0.0007331906315358077
0.0004415998929752868
0.00047735873447488666
0.00011883778374321142
16191714766411712e-21
3604244203837188e-20
0.00016272670864922055
0.00015593786827277378
0.00036770380708345116
5097586033430988e-20
0.00013079279554391906
4425407680760935e-20
0.0001328014194199617
0.0009482462216707049
0.0010258453141874261
0.004005861096894679
0.0014853737256397583
0.0003631946609093618
0.001970750681088427
6399901963535566e-20
0.0006075634584981861
0.00019721157617925704
0.00014232975727716438
0.0012957733426077834
0.0009142848401080395
0.0006432692882433869
0.00026726524607091276
0.0011369930973607384
0.00039870756442918453
0.0023480719887460665
0.0003270039724649433
0.000645037698378278
0.0008451496830913996
0.00031480892029105037
0.0023445770542882753
0.0002696086372980631
0.00042930329212450456
0.0007256071980152679
0.0026240636797160545
0.0001823180284238337
0.00015706881060641704
0.00046410164535565815
6912940243264014e-20
0.0010839237081006318
0.000719017317727202
0.00037710584532272396
0.000976848476960626
0.00013250675641515258
0.0019658640597779824
0.00012716417145233907
0.0001567844519993988
0.0011314605268752714
9507546537568885e-20
0.00034392840563105947
0.0007906104030469026
0.0008022696234824057
0.0008407820915451988
0.00012959166738342543
0.0005515091615048923
4330560757398137e-20
0.001219103633745999
0.00027849973224360275
0.0003347768668216908
0.0005841909717597558
0.0009808771317526043
0.0014457106603111593
0.0013218158527896055
0.000498609632043966
0.0002626203984653449
0.0005246704493353274
7497954612301529e-20
0.00040414624799943027
0.0007922885108294117
0.00011752858847211905
0.002988541233653884
0.00047001010780740773
0.00021126926914114715
0.00020438782890416988
0.00024227100640831993
0.00015369294668496157
4440713935049015e-20
0.00032213550135310994
0.0011520278866011897
0.00013727320799376648
0.0004781313696180535
0.0009415109755652613
0.0012999845544393084
0.0006433718773194661
0.001438809386754364
0.00047667585197661537
0.00023988018637268474
0.0002830829745946988
0.00046914739488783695
0.001523321472667099
0.00024215274817577785
0.0007343968476059192
0.001612567332884213
0.000958026458550759
0.0003354309002079973
0.0005439061172302909
9697809315027176e-20
0.0009242639843724834
6655836250277238e-20
0.0006789565207622984
0.00014792760647355932
7173226857800175e-20
18676236143531963e-21
0.0007389676928763445
0.0013018054072616147
0.000603405098996821
0.0009096927890995518
0.0007718809852900202
0.00019228225623249583
0.00010031811237173525
0.001007774746518729
0.00023025263804850736
0.00023314515358660476
0.0001745276629033828
0.00048638287571102414
677304780764979e-19
0.0008631312142885155
0.000479945000477281
9474784109133152e-20
0.0011137119949949986
0.0004132560520981493
0.0003521973577196204
9243998038259448e-20
0.00042604609936711015
0.00021842770845520839
0.00020811804914652818
0.00012699953660218086
0.00018350319329354275
4850439790779284e-20
4756477199062624e-20
2056477022445109e-20
0.0003793319014002254
0.0001995688549363967
0.000225024185970754
0.00014165292751188636
0.0001957657057589401
0.0004913716707678793
682389467369298e-19
0.0003685818399356423
8710317941894615e-20
0.00013066768818112434
6559866591688644e-20
0.0003069302641009406
9218192592121343e-20
0.0004100731191187426
0.00010544233182594606
6791902472613695e-20
39707432963866634e-21
0.0004450013762872114
0.00010523152097872031
0.00047407971332937845
0.0007767869710239446
8543480700756576e-20
0.00040374822829637415
0.0003706939865788471
0.00010345148283522769
0.0002788868789978746
0.00015811531105012664
0.00017515090236963662
0.0004558048370757018
0.00010119188096422427
0.00011849651225931451
5243095623899524e-20
60740606433337294e-21
25450990089417975e-21
3944213097872498e-20
7420587949993107e-20
55316754625817574e-21
8680324551103956e-20
24841789834098002e-21
908972765683155e-19
9125414872800659e-20
