0.009856344658683139
0.004481304397461142
0.005726208152250296
0.04032123332810827
0.04653059547560926
0.0016547431604808887
0.056059990728442505
0.005108361682728021
0.14258827505879512
0.05023387694154046
0.00820650642272068
0.11326653560756195
0.00638792493552764
0.03179910757647481
0.005534058700101157
0.07609862126875526
0.009403516835315002
0.05865969292798983
0.01014023577245979
0.012956983200266302
0.09676340407196071
0.016144083894465415
0.04337101307157875
0.00677184896705162
0.016789022862165215
0.06725048823184337
0.011844927989294441
0.0035802787183614685
0.00921502624803589
0.00352690744375643
0.00976678616049063
0.014062897295135084
0.005899198214589352
