0.00030208158825687436
718280962890744e-19
0.0002476967370033081
0.00017200223974888506
0.0004362470617820244
0.0015186190339108471
0.0003307708845516616
0.0002166789751253931
0.0020278138248756594
0.00521083415118364
0.0015453277242647532
0.0006577226195173291
0.0010293318941475592
0.00030277191672540036
9233277595512923e-20
0.0002447066080346866
4502239069227336e-20
0.0007843261671368625
0.0009776038241751822
0.003220988419874378
0.0005345079785528691
0.0004888838281702221
0.0019981672362217417
0.0074105430845198585
0.007065046215481609
0.001725924132117775
0.0025176386759930727
0.00028658375501176115
0.001926191830995958
0.003169472669895202
0.0014921653742093783
0.0006542817994686709
0.0003706278327366524
0.001516605703053099
0.000366632737655377
0.0008722719275234965
0.001190278210277993
0.005439542044947793
0.00021384228582470448
0.00022242461791468297
0.002150325305268319
0.0014091828504828598
0.003325129639714444
0.0036661353361390064
0.0002425393196413534
0.004277299043501987
0.006167461652572746
0.005647616710851106
0.009126293468987941
0.0012842983985767566
0.001221198010842296
0.0008689748353848162
0.0019401269323800893
0.0050701044568759205
0.0007243196945174257
0.0011154436753079945
0.00037533035923238104
0.004280771572870108
0.001412834936096323
0.0016852102227905125
0.0038581364644149564
0.0018157849349515333
0.0007877002690238393
0.0008894366789826768
0.006274128201484601
0.0014750017595622673
0.0013709563007649522
0.006404721718421161
0.001075292589358152
0.0009062392187971081
0.00037913608069609864
0.0002681255008805436
0.0007103401609253105
0.0017608151787427864
0.004670361808290287
0.0037229814740470887
0.005991721088513216
0.0012850652567445587
0.0003413141795259636
0.0010623457807030954
0.0022696589799671915
0.010090255877494795
0.0016641679476641484
0.0007791749453497804
0.006678289434947316
0.001956250865333215
5118439401571281e-20
0.0007451582636215977
0.0010374019486722285
0.0014254533200612704
0.0031659538157252387
25865856934156424e-21
0.002071885737132526
0.00965386910491887
0.0028111903334303813
0.00010483606940529188
0.0027490546277994837
0.0018772044671617138
1807800611233666e-20
0.00021628463726732346
0.006629829258622808
0.001977519984057944
0.0005920793558061965
0.020207875429515573
7512651704257928e-20
0.0004352605361910965
0.00011377294470531594
0.00036301791796451705
0.0026552633996790227
0.0006194582888334034
5559835147670668e-20
0.0013054845518223647
0.0006076479164824946
0.0009799532752307481
3235538084506529e-20
0.0007402283037796849
0.00026857261723084143
0.0006670124239222018
0.005513390321551959
0.0006978502786025991
0.001200043256118862
0.007525566943349892
0.0011155645048372472
0.0148681094030099
0.000542407818366443
0.0006813454749734894
0.0016851281683216426
0.003424096980430722
6643705800342757e-20
0.001921766529251655
0.0007948090125686877
0.0009348437960724992
0.0008065023951021242
6717217349449577e-20
0.0017274432785654224
0.0006091158641477541
0.00041933179338184666
9826339185252214e-20
7385488151771307e-20
0.0007182259528212662
0.0008425282922536689
0.0020296823426795554
0.0006600371431160293
0.00027654571477990275
0.0005029199292200174
0.005532424431924452
0.0015920692836811912
0.000347264500996167
0.0006240773478153566
0.00017694981733895206
0.0004601706829142642
0.002965128417663831
0.0012909914685837428
0.0018889885320310857
0.008977291767452508
0.0025689315754705323
0.0001667200517176825
0.0009757385670377594
0.0007919967732477221
0.0007583360738334367
0.0006420959559545822
0.0011792736175863796
0.0002646450892686531
0.001640995714414014
0.0021590881046234427
5216222454232954e-20
0.0046150334979240745
0.00012569283238917885
0.003261834846452246
0.002374763471220586
0.014428186810564613
0.0011800193154934459
0.0023068210633336423
0.005751181530432652
0.0038064965359242632
0.0006597566171982025
0.0015651899696781202
0.0008299539294246161
0.0007981953492513478
0.0015347673428169986
0.00034163142730801467
0.0002826572491760546
0.0031372114037248
0.0002520989731742897
0.0007907840338265275
0.003983978847666024
0.0038385621647898938
0.007464938022919624
0.00043403221482544497
0.002122282892587914
0.0016116387401524527
0.010011178454996354
0.000466570026354629
0.0031617197281041177
0.0013841197799893765
0.0002977971641047203
0.006290790789634331
0.0019376304363802283
0.002316163892963838
0.000955208970544609
0.0005581233856211485
0.003287372278101138
0.004852331158664105
0.002699470885024389
0.0016119993206496477
0.0053580923046981895
0.009358450863016083
0.005850988696511331
0.0002295173676977057
0.0005686074841490912
0.0019407674964133188
0.010181489253604997
0.0006334794061233134
0.00145281852081851
0.0006522503468553454
0.014202512589799494
0.0007497280993025261
0.004821037874781383
0.0012390595500955093
0.010166243994493167
0.0020405753656584894
0.003387119769333695
0.014384727280804144
0.0018801919650218242
0.0012913663666588822
0.006211045483914444
0.0003268529127357288
0.0079474155445117
0.004602735893553818
0.0033100894614662407
0.010783728231868456
0.0010622973891707371
0.0008719836430218551
0.00011953196437641171
0.002460811397539447
0.012655767946507083
0.0003323775302986263
0.0016763204514777198
0.0005066335316234043
0.002484049031100424
0.005524227612128067
9470485451827955e-20
0.0023554424955832725
0.0005899932206750047
0.00018126263965914316
0.0009330842910125311
0.00021343356587734286
0.003793158180345195
0.0005837804754354104
0.0008265227077314092
0.005316274610850774
0.0025750607250044893
0.005785985372598355
0.001243700282247826
0.009453140924694414
0.006133078869783737
0.0008160336026278914
0.010703173379382378
0.004802068517857549
0.0032747339578602357
0.0045717307150748105
0.0008090954150944529
0.00034575037099278497
0.00020243560979369785
0.0002642062985044494
0.00047478923960891375
6616036687044132e-20
0.0013663039623149824
0.010472979118562506
0.0035303778548558397
0.0007839236866107138
0.00023497304181746318
0.011556077876210841
0.003816673793457883
0.0031130504023327283
0.000122591263799628
0.002286607677917894
0.001450960511880462
0.0007708558373128283
0.0021380059223733874
0.006627214136775197
0.0007153251675763263
0.0009339927719897001
0.0005912886430556573
0.00013969050059991277
0.00020345205558296706
0.00016668670552882583
0.0007565162539246612
0.0025763416814589867
0.005082687338446563
0.00047058481265041145
0.003147518162909244
0.0024520132335271567
0.0030261444160756216
0.00011888607753157071
0.0008937661083603306
0.005959466197993722
0.01083145328912022
0.0009612789378048543
0.0009298231232599374
0.0003085904031531213
21585983239042293e-21
0.011819120825447891
0.00029332830796194656
0.0014510915968795602
0.0011406133330031558
0.0010070720867114645
0.0002735635889951031
0.001735399221816119
0.0024329512386759996
0.002005491099961051
0.0035643067815415365
4839008332829098e-20
0.0016163146464442753
0.002627267457189598
0.000884994230468749
0.0006728138508815009
0.0005483189493980418
0.0002652515357591807
0.004345104230341073
0.0025420130342120937
0.018415193009242947
0.0011488728980143914
0.00020922491002808077
0.0004173073020705837
0.0006080966966771628
0.00020787437459810325
0.003875362203383247
0.0044135127983826496
0.0001301708779154748
0.0010675882375194502
0.00038595905961654717
0.006119257913626736
0.003767141678727175
0.0009715781903583594
0.00034129337048241433
0.0013499575637109474
0.005848032828441216
0.0003370965564043505
0.0015232589222425837
0.004122369109682516
0.002123567662201212
0.0021169820954798765
0.0028722806908899547
0.0016461728346502515
0.004818504311850969
0.0024151992696514976
0.0010326485041058427
0.000613743306563908
0.0008586112624120991
0.01688375991733686
0.006640538455428951
0.0064502496289297
0.0018356325327732617
0.0062320295359063705
0.005877896202984202
0.0015277256704496166
0.0033498395262878218
0.0073062204413055516
0.0002998055152151519
0.007750490353403182
0.0013532703718652785
0.00627652130427418
0.0009311845694425685
0.000799432605793689
34056807060033292e-22
0.002182750388920989
0.003449890913520929
0.00832773526231809
0.00034318082815910103
0.008502222711423332
0.0009552886070676408
0.003896114386550323
0.0024185947704450103
0.002981609663580428
0.0011809559692367185
28553074373379826e-21
0.0009109274248471292
0.0010686681401605581
0.000294222208822474
0.0034563679440261035
0.008042070790241775
0.002933289165933776
0.005524803492281461
0.001390705254361573
9480685534600559e-20
0.0008668048045198135
0.000797141028248195
0.001175141772566892
9823376007924434e-20
0.004217939592854375
0.00013651370360124573
0.0006451890272038062
0.0003044651804528874
8599700192981684e-20
0.0003658515617720159
0.0002299748321541432
0.00038699178371210655
8702791162469418e-20
