37572951058467817e-22
7633904281943851e-22
11143329856042233e-22
5650117325587822e-21
30893239898681845e-22
5885639534217475e-22
7972646269112734e-20
13613953231230248e-22
-8656609858913101e-23
0.0001832307189295545
0.0001183983497839226
504732952550449e-19
3493207693728633e-20
4482402384674465e-20
15022807995976265e-21
2172928510583566e-20
2758104152995435e-21
8959712990913844e-20
14140684051230485e-22
5370880318475474e-21
3521708573443894e-20
0.0003268331192007562
6521362708938908e-20
1690777176029745e-20
565460589936262e-19
8790404760666336e-21
4978191551169811e-23
50417036353006436e-21
4620350004557476e-21
18507606862482437e-21
6699277976774654e-21
9274254767118573e-20
0.0004897609438884615
3522134352053295e-21
6520109159701235e-20
-1774651170183322e-22
2703534940162643e-20
16189141603337346e-21
9523443833568546e-20
13462809991311256e-21
7379083315868607e-20
8920190689441133e-21
2378704616304075e-20
10224185184385596e-21
8888126652505161e-20
5557581754456625e-20
0.00011236439646700352
2031106925998903e-21
0.00010992392930056988
0.00020660540374004888
6684600098712294e-20
57600001266049654e-21
0.00015211285142671723
0.0001001917150569483
5515453889449437e-20
45861126362372565e-21
0.00019184025548115121
17856839619726527e-22
439816969873703e-19
0.000400496891069917
25366794680951002e-21
0.0001522809930618216
0.00031589863525886353
5079175394322529e-20
5954883218323342e-20
52651786814472385e-22
25138791123945334e-22
0.0001828676336758779
0.00018886930467382158
3081368759424933e-20
0.0002764511262674742
0.0007396069516703745
0.00025317223194975375
9332654872194381e-20
0.00026972280637685935
0.00012554609115329068
11479113875056257e-22
9992157928317561e-20
4680497335747002e-20
0.000263593505250605
2766982358535878e-22
4844333935888407e-20
0.0003088808676623433
10212420315330412e-21
8727395617545611e-21
0.0002265962090722751
34087078236478284e-21
0.0003598700638460882
4547712239194862e-21
0.0007453303017487224
0.0007372565570979754
875915266287428e-19
4242121964254948e-20
39860586051109423e-21
0.0001533858006679925
597925662089261e-19
3172904166015358e-20
5150174821093389e-20
0.0002507498813664983
9887380297658131e-21
6029734337175371e-20
2520295102329874e-22
8186368556487353e-20
38299106542757676e-21
3673551940579797e-21
7483031256839579e-21
30198318098453642e-21
6985999653166036e-20
566256300606582e-19
8234214333903062e-20
4967547513157205e-20
0.00023630533339812223
0.0001737961457979083
6402311912667657e-20
0.00013272146674591964
22522625998358157e-21
8183453670107532e-20
0.0007529031097092765
8860874110299581e-20
19435030681452854e-22
21415185544490932e-21
0.000165894326872298
29853879647592916e-22
7724467557975915e-20
35727845112179705e-21
8626178821378689e-20
0.00016915380176929954
7199771523162296e-20
7834421085285322e-20
0.0003404813653064588
0.0005706475234117877
784715291431124e-20
7141663903405554e-20
10147195581890438e-21
34271654636176875e-21
11653003017374086e-21
0.00018080856812036395
8874357347832885e-22
0.0003001818491483971
20980001179779428e-21
0.0002621249177856186
0.00035666957149658784
0.0008037527708109111
0.0005548808832995428
0.0003923916556508912
8206312392914305e-20
0.00021407432253491896
0.0008429288493536256
14537633371608024e-21
0.00014173453809255383
17508095894138664e-21
0.00014482296662569598
5190617538389227e-21
0.0006292566512248926
28602209434306576e-21
0.00013018302195267852
0.0003468646751735612
118772712492003e-20
0.001008615758160102
0.0002806808787666622
0.0005634698883390488
610733268529713e-19
0.00015991394840329334
0.00027440819680234956
6185780358089112e-20
0.00019097511224596032
0.00043428155449023797
0.0002622710524446674
17199421251959875e-21
0.00010182826666423959
32356164512996896e-22
18436938028523886e-21
29345228185291518e-21
1924498566220391e-21
7206146869187775e-20
0.00013562788238460124
602854758391532e-19
31082048780564696e-21
0.0004165191801108088
7738973796412579e-20
0.00011742566016494145
11234668713397672e-21
6482054188535674e-20
8264849122299026e-20
0.0001585570112615502
29442634966886196e-22
3011629739303393e-20
597684703238794e-20
9509530822550343e-20
8047692043089106e-20
8358818720493199e-21
18031597618548483e-21
5431952319194906e-20
0.0002447149168335453
1001007947245208e-20
0.00019067647620649083
0.0001314856745836139
13652992744325477e-21
0.0001420601612997744
25878090938787437e-21
0.00010709737796018109
1108041645250545e-21
0.00011317413847331171
0.0001962865818637974
0.00025706535674733535
0.00010167217800904816
8101194607164142e-22
7576132475765452e-21
-5289574012435427e-22
4866691202573829e-20
0.00013357672741453477
9878831166080657e-20
0.00010653609488260021
3069315381284403e-20
0.00011693147165828268
4564161181250517e-21
4258173033461166e-20
6718178194171793e-21
1528143714189714e-20
4963260718536747e-20
0.0002591107095919548
9807142585325552e-20
3258413439412142e-20
2651719908389776e-21
9614365864383754e-20
57312763286998645e-21
8901747285581224e-20
7396082764445581e-20
8223181272641826e-20
1189955668136825e-20
427526018450384e-19
0.0007222959121383483
42467790353473164e-21
0.00026272789579901047
0.00016740766840846915
325566187030283e-19
0.00010486436555427467
0.000249681684871304
0.0004594109996298085
0.00026608189529103086
8558728468746497e-20
0.00017815630618351908
0.00019359791745035516
0.00012528977487449893
0.0005716200937111701
0.00027633726045968
648670837451152e-20
4660789597505855e-20
0.00019810797990212252
14232117365992535e-21
6880058675499655e-20
0.00021215691411888136
7202009428698334e-20
0.00031492240074434757
32360000847528104e-21
0.00011050912694654984
786183079149723e-19
336694248485419e-19
5943580103195033e-20
0.00018295205928285505
0.0006129152672856266
0.0010520894102389584
0.0012842650323884202
3716975064707849e-20
0.0021464052358856987
0.0003013962684696947
0.00032362497666888883
0.0002631415544114345
8285718785783284e-20
7919103513004691e-20
4998773391492869e-20
8746321075061233e-20
3905599624583681e-20
0.00016801775949041152
0.00012915774181766935
6025870700336683e-20
0.00016127485024306146
24281443761146336e-21
0.0007574128370594265
33239466300632043e-21
0.0014536405553846898
0.000823574996248387
0.00013055133013581315
51980312464556454e-21
0.0003939372880362075
0.0006762055128625942
4795756228883964e-20
7030657001900918e-20
0.0001658766355583065
3260370391922653e-20
0.0002562889292971148
0.0001177108981911362
0.00018667820747806643
0.0005169271075866628
1545919720498777e-20
18115336247655772e-21
0.00011168100959580076
0.00012236693539341884
0.0008779421382856577
29094451429875235e-21
0.0010715072722631749
0.000326482460110046
22727798474041176e-21
0.0006539492152003496
0.00029172117718376185
0.0005467224400286173
6326298210209402e-20
0.00028156902887627557
35149792392824325e-22
55163972783775276e-22
6345354220795582e-20
1283585887032367e-21
25054273692069457e-21
0.00020100833022954133
5118877600759742e-20
0.0007579195146487634
7140608427857743e-20
0.00031812295114402736
41254831314743215e-21
0.00021354266152663005
0.00012036615567205946
0.00019635396705732733
31282733448479024e-21
0.00014224048497796815
651625300315408e-19
0.0002166486948963248
0.00016018345881722265
0.00015069400311305172
0.00011763755109804595
0.00019523713331521354
28655454031286115e-21
9371974822638177e-20
8553380737795445e-20
0.0002469209366504247
0.0016533658058688987
0.0004317602927575664
0.00023953208449451028
6771065977755274e-20
0.0007302102049544385
0.0007661140261444481
0.0005651928061874738
0.00037001120262246113
0.0006075454307312715
2242656758435429e-20
0.0004185181812169651
0.00020095025589753093
9851859847218372e-20
0.0002595239471879984
19653293389032513e-21
9985642538585092e-20
2591280863549954e-21
0.00017559247362801603
0.00045603760530018623
0.00020440607096123178
3608679561475497e-20
0.0009503583009970481
21376338805281244e-21
0.00022601770168953142
0.00017118604768133686
924860231231504e-19
0.00032313418743482936
0.0012246577562748568
0.0002609974351070174
0.0003239004395149453
18942011619306665e-21
967778678993417e-19
0.00011203056217200498
50636539868198283e-21
0.0004015353535040497
1496711343831852e-20
0.0019478245463848956
0.00018037279167319378
0.0018613756020974127
7370023882677088e-20
0.00013891549525712205
0.00034421880191475983
0.0002156443655716334
84744229269676e-18
0.00010890654083811635
2372814429475917e-20
0.00046465030750309237
0.00020678428882915455
8085244496702813e-20
0.00018859611876604756
0.00013963781394857886
0.0001151939600855184
0.0001425156170972255
0.0015400536487977902
6922237046670773e-22
3019286048492241e-21
8662013483941075e-20
0.0003081262562536267
0.0003392694896377991
7172029107884021e-20
868132692926227e-20
2605726478769226e-22
16130416551605065e-21
55808662185153826e-22
9147581598321043e-21
1807339848197315e-20
8597797303509745e-20
5470160743707958e-20
897629229412388e-19
76046378661303905e-22
1444148519780271e-21
6969747771541556e-20
3902090558024997e-20
0.00013661861885480272
29160954682322554e-21
20324644715095865e-21
39251164476786006e-21
50813286305910196e-21
1693973652948052e-20
21114253084500417e-21
30655584584670985e-21
17805730408957177e-21
37882150167076894e-21
7101434910601829e-20
5065695327678451e-20
7184187117697516e-20
0.00019502883898987397
5383368850098366e-20
18074609161873194e-22
0.00047920640544126225
0.0002452749892377746
3331826976570758e-20
1820271898255319e-20
0.00021415836269824854
0.0001717530576514243
0.000595555354661952
0.0003981533574793339
0.00048791896978061806
2567043979571883e-21
0.00013326200899358172
0.0001245423199770646
60857460235176796e-21
0.00023282265293462454
9114205402467396e-20
0.00012587597395427705
16135414967577875e-21
6535763331424219e-20
0.0001651840363940076
0.00027389451272609157
6222773730774917e-20
14265976383902214e-21
0.00016193048717199046
6652465443832783e-20
56180568033000005e-21
0.0003716885192052962
0.0002841245125652835
0.0005368956802782752
0.00022531208674688108
0.0004918567412875265
0.00010027992735035092
0.00022326231438115734
0.0005480336765750426
0.0005340497280852988
0.00010714492610289861
4575875125493375e-21
3653877656363011e-20
8261375390393612e-20
0.00025621379822842995
0.00016851219269371092
0.00040895739729643045
0.00037026248690517986
0.00016785167032717506
4238651006478407e-20
0.00016434507580364254
0.0006555890249456713
464137542490427e-19
0.00032280387453931724
0.00010963974864891823
0.0004696773624505326
0.00011551906238004314
0.0003078335282466884
0.00012930369168309295
0.00021793256581701783
2816006701787148e-20
19165969801144264e-21
7419285399672057e-22
0.00021366301461995773
0.0006815552354872312
0.0009486486124715995
0.0001774133859630442
0.0003044796842239817
1833148728634617e-20
0.00010153380303847822
4145632815222454e-20
2636489862999351e-20
2335808174444403e-20
0.00019129542209717835
5280542273613069e-21
0.0006992660644673476
14380943958472097e-21
0.00017644341425178793
5563684484818904e-21
0.00024226181738116814
4747190733126746e-20
0.0003481124542147283
0.0002360224470510187
0.0002104217618539469
0.0001105665095387555
5729396948871195e-20
3290693357253485e-20
0.0003475175194585191
0.00030686281867999823
0.0009181903588175335
26178476766748845e-21
0.00023670870834726078
0.0006276442833593554
0.00012098421871722866
3126029761128514e-20
30953376090402277e-21
0.00010863604204043417
0.00021559292713771048
0.00011793483401039915
0.00028202239881277354
61792595482496685e-22
39823700135731944e-21
0.00011235103901094187
0.00046839403920028794
0.0004515040799726328
0.00022453609292658625
0.00011989711026771551
36526793621683564e-21
0.0003430978267155268
0.00016290458298170605
0.00041386681459484827
744249134910846e-19
0.0005015622620838514
0.0005326195090373674
0.00012336921365392234
542042530046906e-19
0.0005068504749151505
7281258250641696e-20
0.00012687363876556144
0.0006748334789665121
0.0001913334312312862
22588071147610252e-21
0.00012374923656846055
57545076084229864e-21
0.00030504552415609254
-4396274874415948e-23
0.00029732841044531215
0.0006994072043101295
0.00010625021003852086
0.0004064459321438121
0.003065312954297299
0.0003078273018144738
0.000383011795441768
0.00018086330433937094
0.0009168699187572379
0.00030184169650465247
0.00010803531287883722
7689588035654693e-20
8787118298995338e-20
0.000125356348377872
0.00020789556935955182
0.000305518055873085
6441914443483389e-20
0.000425140356621131
22915229256479835e-21
3284620511827561e-20
0.0006692483134701646
0.00031487689812138955
0.0002516599175490179
0.0032767620121483296
0.0002698824741043151
4063727552406422e-20
40466740197195145e-21
0.00035837636791322374
0.0004119896453184905
0.00010491425438217738
0.0011776542848126105
57916630080746014e-21
3542659427031619e-20
6221606022117999e-21
0.00030928514957991385
0.0003448239060150375
0.0002440794543841961
0.00013003212344733957
0.00012464253263579252
0.00015728115943359865
0.0003628784166377908
0.00011615781009865795
0.00010045964976613816
7336075906170144e-20
0.0001736364812522718
7783399185269718e-20
804394219319811e-19
0.0002063517282558344
0.00023458180287540175
3580772983095791e-20
0.0001442374843078806
0.0003810525683829734
0.00030780786625676554
7711612724490038e-21
4736335132334673e-20
4976971844398181e-20
5747163942376188e-24
8504402828162073e-20
330002858802894e-19
20239417067685022e-21
6509601605648809e-20
5425256230160906e-20
2997145112376081e-20
17599745720164093e-22
4562446457203334e-22
12853608602816432e-22
14205626016088752e-22
12613229045065933e-21
0.0003855337855317209
16141242537869035e-22
13848927694894835e-21
0.0001788235165323849
14099812515890188e-21
20134668583674332e-21
0.00015173226367035092
0.0006463213009804574
2635925709847343e-21
0.0006884274974964654
0.00028548782385817657
370352709126239e-19
7785496107331566e-21
4425179405460004e-22
0.00010715300144673247
0.00016415008198179777
0.0006132372780151223
0.00016947660319244307
15310691109525362e-21
14874234620042165e-21
28932831242762366e-22
954840686868277e-21
5805052688081136e-20
0.0004401551432957705
8602906063937398e-21
9872054722785044e-20
0.0002696358117172557
23043206004978046e-21
23929008256030727e-23
4554736984832947e-20
3103143487865244e-20
8174874126186923e-20
6628735709987019e-20
20025307816891715e-22
0.00024437953087101173
779612731668247e-19
0.00012424326623138103
2056240440871688e-21
9401976451685992e-20
0.0003315024255417903
0.00018796624108531897
4054502538713975e-21
34507682707339724e-21
0.00010873739027962562
0.0001353770152312083
39838894509616295e-21
0.0002761866310031221
550579408157386e-19
0.00021921597357378204
0.00010512165000340184
0.0010766223515651229
0.00016952601749313734
19283434376513503e-21
0.0003587419852283184
0.00014698345479615242
0.0005201851432683148
8262291785475739e-20
-18145768098289067e-23
6849385048795782e-20
0.00014221444124970853
0.0007642971377809006
8379014489711064e-20
6098357992130822e-20
0.0002295978708075121
18211521544747996e-23
7155764207607759e-20
5613211094225321e-20
0.00031803496041834286
9159835360065804e-20
5207402150087382e-20
0.0003160853504175333
4206464069295759e-20
35542894919243506e-22
1384099313099503e-21
0.001044438040380202
0.0002578371334686885
0.00022513363193494033
15388029799935816e-21
0.0004232175703402856
0.00045052336272070995
184868377776687e-19
538045859635582e-20
40602962092997137e-21
0.0001402431312505179
0.0001521486651840181
4540865832557893e-21
8994502593668094e-20
97930195085589e-18
0.0004940902455397013
0.00024528490075367577
0.00022338063657934506
0.0003113391361778366
0.00013333573407195122
0.00025095325414834933
0.00029907520070058196
0.00018457514843264058
0.00016514050170259067
0.0003711728891941971
3336704302543523e-20
0.00013827379723672985
0.00039202046070589436
10566271444737214e-22
53002441093664305e-21
8178497429082527e-20
7200168172517284e-20
8775870303586449e-20
0.0001093887721913689
43455849688750745e-21
0.0001435714049754293
0.00019972348156778826
0.00020370965285470866
5785805287057249e-20
0.00017805178594150928
0.0004811398888063511
6589461903799022e-21
9199637404124874e-20
58641649700826345e-21
0.00018383535395633568
4005286661990847e-20
0.00030881224492721067
0.0005537332281412528
0.00015925044286300595
10788262502590554e-22
1666626487718942e-20
0.00026037627484678546
0.00021728665394533166
8024300948806174e-20
0.0001369739849256321
0.00015853001617089043
881495222236415e-19
0.00033184378628653817
0.0001406350210782647
4574376010058475e-20
17795601857723322e-21
1768248937866569e-20
1074252145598712e-20
0.00019709724199947244
0.00028255852442059265
11843593918288853e-22
1702123409646593e-20
461221508350167e-19
9500422056394257e-20
0.00019214361863712154
55999398052061924e-21
3838499127950271e-21
30452399118623606e-22
9615423644164457e-20
0.00026613016854382544
0.00020851194218085307
0.0002409352845096929
58329965726134874e-21
7572250368849375e-20
2250913182766557e-20
2498025176748993e-20
7198306490022519e-20
4738229581313447e-20
0.00033812655516096696
8327163433928284e-20
60841699800290736e-21
5735237493883283e-20
0.0003498742829303101
0.00024736268145352755
0.0006651946371095453
0.0003674057820046179
0.0004430550371703343
0.0010592048938082434
8992844247999969e-20
0.00012465562842653888
773371291345597e-19
7510703608082329e-20
49228002890311366e-21
0.001451339387654789
0.00017430147728575082
0.00033358454432151586
0.0004036603683207234
0.0003159117697111626
0.0002783060549449557
7002065889034837e-20
0.0002799298443757547
0.0002663947909487544
0.00015045067000176728
0.00010404482398958285
0.00010908342493658177
23412008107480672e-21
0.00012254191698041715
11664565539486142e-21
0.0004485579890543422
0.0002508651905479887
0.00015443451128398773
0.00024389223750550615
9118477606169632e-20
0.00011863039057736753
21607136858304174e-21
0.00026637405373989366
7625654202992669e-20
29820190067679907e-21
0.00011933978869391977
0.0007283815287932837
2165068927859733e-20
4780947032631661e-20
9741718687198481e-20
3002532311265332e-21
0.00015467435079668656
0.00016982667478116208
0.00015717491576794102
0.0001728103782986893
0.00014715686237296252
9806585123094573e-20
16296901806813786e-21
0.0006310028804070624
0.00047534757998242183
0.00033248687342123383
0.00011447132285274705
59674189111688804e-21
9122747162270125e-21
7546099795225553e-20
0.00025244477152211827
6468969348497889e-20
47649162376471465e-21
9066684950116303e-20
0.0009358344338540298
0.0003279667237452671
6650650058060147e-20
8518444887197742e-20
6546458918225697e-20
0.00024747052440669565
3094225864740321e-20
60155853509220205e-21
0.0003788967503328855
0.0004807362126688977
5184846071791284e-20
0.0002527615445655968
0.00024121245027596916
0.0002128153623143632
0.00025872616559127423
4728469956728516e-20
0.00030472834178241014
7580352623576576e-20
0.0001260465558525251
3774637511925881e-21
0.0002731547906540667
0.00016908242584826025
0.00025459461893858324
0.0002854442118300213
0.00013044849934061982
0.00015450855883822418
9158708680980263e-22
6930442798374832e-20
0.0003293451369466358
0.0005207604194421701
0.0004833540323931604
6483076797007169e-20
0.0001228559744670632
0.00010956765245255856
8808520327020478e-21
0.00012636593092027988
0.00039724491983446033
7093104066555061e-20
0.0001542849175896461
0.00020306558337587863
0.0001748836812969026
0.0006135269338085487
0.00020923436528414517
0.0008210815456705006
2805261219457402e-21
20799078780021784e-21
0.00019186423505333344
0.0003481356901859364
0.00011515193443930945
0.0006385409996855948
0.00012832849208042042
0.000779911133603981
58061127618259485e-21
0.0004080846339157431
7562016776242667e-20
0.0014278800108960595
0.0010642243300243534
0.00013199023005096145
38936825833158945e-21
0.0009853940350501187
6480972900554167e-20
0.0007364283583469808
8962005470702667e-20
0.0016427930668133715
0.00011003994069384051
0.0001623037223813987
0.0006660108177021671
0.0005046291546312298
6787366247784144e-21
0.0007860076391780252
0.0015732003281017173
0.0006803517526481383
0.00042326834042105357
0.00022908926988281884
14197417627720753e-21
0.0003512849568359896
0.00014128551961150871
0.00042603293672862394
4691920785317884e-20
0.0005152506257160498
0.0007361176856523183
0.00011386793890807805
0.000142576817350562
0.00016856789586931195
901516078740011e-19
468776813387473e-19
0.0007026344819560376
0.00027390702446347036
0.0006331160512141591
0.00017073908446469822
15416600595103394e-21
5738388274800756e-21
0.00022397894736449642
33041195165329946e-21
0.0002435522004038363
0.00013591136399232178
0.000292738328926728
26234973241763445e-21
8726772172765858e-20
0.00014427923572409246
0.00021274955187569963
9256070341717438e-20
0.00020068619595663888
0.0003157967735448293
754325497012757e-19
5940111991788437e-20
5072243935556536e-20
9502667280383427e-20
0.0004187159148337715
0.00037166225260124014
0.0003379675950076069
0.00038786768641850897
57831549231459516e-21
2653565237855154e-20
0.00018163049934201664
0.0003531772476712641
0.0004777607882457844
0.0007522089856978286
0.0001301775694413148
5718978395931852e-20
0.0005470383989617032
0.0002453556469488027
0.00029159630282621666
0.00021685428500881645
8181905315086438e-20
0.0005515049836523369
0.00010930803541856527
0.00040738104061327686
7714601431712553e-20
0.0001855046656453767
0.000159715835052414
6404617352152961e-20
0.002293286686342909
0.00019559046000266415
0.0002027108209735013
5233078774046673e-20
0.000217993817302218
0.00010082889516407953
0.00022427374793573598
0.00011991888102877394
0.00010245485669905685
0.00015779009067403793
5226596117564708e-20
9275427497156147e-21
18520688500966945e-21
12306754688234603e-21
0.0003067547420668557
726983977181943e-19
23688593274331244e-21
5242179261046745e-20
0.0002534810161053384
0.0016186020268387704
1587260237560978e-20
0.0008789192655842066
9750092984053119e-20
0.0012463734116389422
0.0002120870800729472
0.0002578282537552146
0.0002987359526572348
0.001183871894383253
0.0006469113259117657
8945375518433415e-20
0.00016906719977224135
0.0004255800975520852
0.00021894459633650096
0.00013725643920643618
0.00025080761838139023
0.00016523370634065465
5513181794522524e-20
0.0004167580076093771
0.001370870581079413
0.00013573996278425676
0.0007157335799042903
0.00024482151479428483
0.0002820800544611405
0.00017180156767638912
0.00021951173716738107
822571190973528e-19
16976926228897936e-21
0.00046872516124665836
3556943568631783e-21
54422747920606065e-21
0.00034380597635661435
0.00046808596918068604
6035392255803332e-20
24853616029172807e-21
0.00012084292825239495
0.0004889115912918165
9213740688697614e-21
0.00038249376551087797
7534812604710287e-20
0.0005637532067392704
0.0004600407090310915
0.00015216923367485598
0.002056809094405795
0.0006992140956588897
0.001124341474156695
11411895267328344e-22
4647252296143447e-20
0.00013965548634515252
16577739205547987e-21
0.0012822525091718607
0.00012235831081792604
0.0003340684677035591
0.000883069516997934
1708117833356248e-20
9135803682740246e-20
0.0002066771079487072
6475134760149456e-20
0.00018335498936320559
7203874135872578e-20
0.00041960316774766016
0.0003713350916952789
0.00040456909514391154
0.00032781469553938775
0.0006018783726854734
0.000397583909985335
0.0005278691463488916
0.0004982451521675185
24642332947342005e-21
5601831539770922e-20
0.0002340561141634415
7897934790330755e-20
0.001194843101076563
0.0017280515653056536
0.0015998576610082242
0.0010262180112971047
0.0001523981646394534
0.0018237738315059783
0.0007399818933540069
0.00017320891933926327
0.0005037913102583212
0.001725946116103813
0.0003871195963550766
8249793008367687e-20
0.00020389500780310763
0.00010254449528764186
4016030275770825e-20
0.0007029577895463562
0.00024337983506216677
14796318148406698e-21
0.0002500109353503175
0.00037598298795741175
623905470424408e-20
0.0006836276881882079
0.0001954706155317733
0.00027127863429497506
0.000580697440212269
0.0010085304912685346
0.004866554384568114
0.0015175106052147183
781928262926859e-20
0.0017676747342770956
0.0010306143267487624
0.0006364305862911212
560549580170781e-19
0.0005199635713949461
0.00014512321923178915
26944264820955133e-22
0.00045528267463453936
0.000775122933122278
0.00033210835556135956
0.0005598756181210073
0.00021592959759861609
39786847091571084e-21
8927030010404897e-20
0.00031234846620953007
31838196964449595e-21
0.00031592390669395556
0.0001326326891345787
0.00022261247648293293
0.00015182158042709182
0.0006439316361720165
0.0007589782769332785
0.00011741070777463912
986020744955928e-20
3534322049137005e-20
0.0005909287378220978
12179928210753229e-21
0.00042320489905481545
0.00026053597535115666
0.00011439507736263121
0.0003476770243300199
0.00018629814604388868
3855879010485019e-20
0.00034932282183824123
0.00011172896500386601
0.00033320853526308764
981534811299137e-19
0.0001934372812969217
0.0001432109557584986
0.0002700563793267793
0.0008396181165810364
58110750148036e-18
38810388064977754e-23
0.0004032144148198687
4189878169133701e-20
3827059420783952e-21
0.0006123181120676502
7291260987992553e-20
0.0007778743179969853
8692100107945116e-20
7216873136987314e-20
0.0003950779827639802
0.00045574559517221877
0.00018172989455035737
0.0004135410795100572
0.0002965631383607799
0.00022060755944126436
0.00014397574746331278
0.0004674028960438718
0.00016893735320771934
0.0006870345481530322
0.00032518466755374146
0.0003022148428855542
0.0004824016129962786
0.0004158236225372495
0.0008304279459228499
0.00036167560444009736
0.00012369356997193366
0.0009287835702379374
2901697459783515e-20
4111745144060743e-21
0.0003912950831456041
3696979020288103e-21
0.0003272342354554589
0.0001379085798687794
0.00015682290475155025
47823855603209036e-21
0.0015398558976832785
0.0011833457110909354
0.00013947293779321927
0.0003689427849408104
0.0003750114333924578
7359138176948257e-20
0.00029222121208382517
0.0007253192254511753
27446453253281405e-22
4360337543424545e-20
0.00029656521276259437
2431574780973836e-20
0.0003690423063112358
0.00020877852886795533
0.00018101483954810805
0.0002477107490287845
3276074839476772e-20
22864461706957223e-21
0.00018688714254974702
6716478280935321e-20
0.0004578948062353932
8082785449060641e-20
0.00177476132834892
7590638457941012e-20
0.00025053020242107616
7879219046994253e-20
0.0014850931911414328
18792361118660778e-21
0.00043478171669307454
0.0003459475229683323
4704590766294487e-20
0.0003745288675865047
0.0014367684420101723
0.0008050358827082806
1986457702080247e-20
0.0005269840511606352
0.001650349705886794
0.0003313870045317662
0.0006799604241278041
0.0005970833616749095
0.0007997932151879044
0.0003283363824089823
0.0004755597831261309
0.0005189396848730086
0.00023154961850700007
0.0008585814349169908
0.0008111239550402812
0.0009525730758785204
0.00041433361426861245
0.0006412210403549587
0.0014521061707044602
0.0003737269876488102
0.00021262319882549684
819193692809291e-19
0.000288121390990951
0.0006469428195586821
9232811642408485e-20
0.00023685957985982304
0.00023275012475226843
0.0002474967140222954
0.0006983499536801413
0.00042117975695817224
5914968104946348e-20
0.00045771552800712774
0.0007211368506040707
0.00012587474909702903
0.000723647410743263
0.0037806103737909034
0.0008653543101019974
0.00013569690242226092
6845319083735745e-20
0.00013039856858635307
51043770641329646e-21
0.0005720781393684523
0.0010954754754909863
0.00014830245215472624
0.00011419926714998925
0.0013114467016257182
0.0007302863405783881
0.00012540574774448125
0.00025853576406821994
0.00035178339472654473
0.0006034197353365612
0.00025459076897218087
0.003771061505177003
0.00030905184421955295
0.00014582995858198326
15295386399068844e-21
5090082121655019e-20
6853741154888643e-20
0.0002983657989232157
0.0005029285204277903
47710181511259564e-21
0.00021682089226782725
0.0001148249397424563
0.00044151130868213997
0.0001142402832509583
967135099926755e-19
4893985749543665e-20
0.005700289143031807
0.0004967646527705772
0.0010826593877181045
1832427333829026e-20
352044161580808e-19
27011701097650895e-21
0.00026893188935019454
4629086660954695e-20
3666603771845445e-20
29949151790952722e-21
0.0002553093913808151
42336597055282644e-21
6873870294726284e-20
0.00012426944261498913
5592434069584569e-20
22432690287899002e-22
0.0007389935382008051
0.00043235952503653644
2853772400613447e-20
12714379677598082e-22
0.00016996936214425156
0.00029449125760553773
0.0002633339602555462
3527755986987434e-20
4398611309753203e-20
17679885509107032e-22
3188212126251686e-20
0.0007286001326528863
0.00011287889859358229
9073179657298503e-22
1887597361766608e-20
0.0004097682591043199
0.0008614487932455853
0.0005433803874446633
0.00011008915482458623
0.0017480277906158411
0.00015441307094464455
23470046846106642e-21
0.00024587093603895216
0.0002547938920350375
0.0004218114076973553
0.00017512584798473925
9909375029917539e-20
3513786350550505e-20
0.00023835942800016287
21351970203328107e-21
813782420266618e-19
7446392542252776e-20
7382319671223575e-20
0.00018897959584441662
-6103478073161884e-22
3956197999370685e-20
5413613514957962e-20
28032650116436446e-21
0.0003023977548853866
0.0002211482266965409
0.00014386981983734203
12657719101111003e-21
4893039134466716e-20
4295172250442101e-20
36814642551510206e-21
53619816402513616e-21
0.00011980387379281647
0.00032826949808017607
0.00016671327228086032
3040631882956243e-21
0.00017361596763610087
0.00016694045613987172
0.0002235957635985047
5107528130233672e-21
0.00021172768983741583
0.00021289631290692353
3133755733016121e-20
0.0015065500030919665
3860470788576754e-20
9530755969836264e-21
8632566876355579e-20
0.0007225038289554905
0.0002009902135973478
0.00044219279338685914
0.0008803580807303665
56347613891135443e-21
0.00020068680336639763
59965577231830124e-21
0.000661225648623365
0.0004355143111184927
8125480089577093e-20
52066489614104914e-21
0.00023207948817642165
4434591667321833e-20
2288655435481432e-21
0.0006111764915369133
9110678402527106e-20
0.0011144683926119913
0.0002620380628802081
4054219319561715e-20
0.00024208714860072001
0.0013723061996727798
0.00014378061181103218
0.0008537448953678164
6494251195535016e-20
8038086128401989e-20
0.00020356151580878918
0.0003931723369871961
0.00048089666622067024
0.00023224769010334308
0.0005050399802947665
0.0001306180212463484
0.00010037076682206145
6781125708431996e-20
0.00014872200202113028
0.00013545912340097552
0.00017355463911784597
0.000828095286791481
0.00012208749579518849
7568362763914855e-20
0.0004582787944794388
3060783967620784e-20
0.00013449417342333405
0.0002415503133980636
0.0006255352183102195
0.00034382106681005327
0.00041046742193544586
68834127875240965e-22
0.0002670127173761141
12359706676729627e-21
3255379944029244e-20
3486354869068792e-20
0.0004278373800605365
13179403265166938e-21
0.0007831508857003539
33685252683412057e-21
0.0007635639235905856
3911869253680914e-20
0.0003856515641759
1985926607732431e-20
50321575911759635e-21
2865489008812092e-21
0.0002741775739888161
5981111449331826e-21
0.0002467532996400842
0.0005099992233646331
5631945828426159e-20
0.00043272072570764306
0.00015143185213539246
0.0002172573766154009
0.00010305102231690211
0.00012579065476347543
13773391138682653e-21
0.00024957079640055673
23145424601728495e-21
6361014721633662e-20
0.00033311675090562517
21196745649064034e-21
2613775645650979e-20
0.00021539375058165093
22757336667543442e-21
0.00019384610667499733
6971802115355522e-20
0.00029139517441583877
12733026146198303e-21
10713330273041353e-21
25155658846654868e-21
8453462747269124e-20
0.00027112422356502346
7838976957972833e-21
0.0001194976590892932
0.00010035300582558919
2996651096771689e-20
0.0005713981584244261
3797008404874843e-20
0.00018780155387328575
0.0002881793490159817
8383013004326232e-20
0.00017141215874329788
0.0002844047738952771
0.00047134690941274583
9102258553582344e-21
0.0004564341853821208
5288582601849861e-20
6896384518208061e-20
0.0004226228649841181
0.0007363833141686694
0.0012040754637078388
0.00031496611830196346
0.0009513047341020634
0.00014819695734368552
0.0003080829134689358
0.0006857230872782798
6833142927696678e-20
4476262065997443e-20
4004342321642672e-20
5566674725811502e-20
2619468463648404e-20
407587643738177e-20
0.00024904799102322807
6717672965532217e-20
12338512219711258e-21
35291440748010454e-21
0.0002730429840374355
0.00035409600076164425
3550486087603805e-20
0.0008042360290888705
21757860111010452e-21
0.00029511814733178005
6536307997617881e-20
4062572108530353e-20
5557512931430137e-20
0.00024944142193917635
14947882059962138e-22
0.0004783150456076522
9510635275020159e-21
0.00020620870706194227
1834931312559455e-20
11198858629385659e-21
7873121167906587e-20
8436499325143667e-20
0.000129510531020135
0.00017045881185878247
0.00017811660071988491
0.00053483024857314
0.0005494649467089636
0.00010853995571396413
3032595563778848e-21
26927459177113413e-22
8825389272832479e-22
0.0001287365528983739
0.00018412570667580703
0.00015649794604851152
7534532169191195e-20
3727359454276775e-20
0.0001043390568677273
2901543747397935e-20
0.0014614638028100913
7321829164314754e-21
0.0003441884176003464
0.0005422109794452114
4514563546768369e-20
0.00023377348500244313
0.0001685375716137973
0.0012711246712029396
0.0023514033546212904
0.00010156384072827635
0.0001778249334774103
0.0001982106781626116
2235295813492774e-20
0.0005107101825353568
15028265699679939e-21
0.0001418104794590851
7876978820329468e-20
0.0002436716443411426
0.00021013518303690054
0.00021776912007627041
0.00013527469423449572
0.0002346498316052126
0.00037283617964083154
0.0002983811138475618
0.00035485932124553133
4715629993387283e-21
0.0004831450512507101
8420363121229831e-20
0.00011498036319619073
0.0002369684110469482
0.0004784645298698945
9854857802519633e-21
5818879700286677e-20
6189025115311449e-20
1639599734361006e-20
0.0009547245758639487
0.00018593168302543533
0.0005530988046936701
0.0017514310475271668
0.00042105582812444314
0.0006169548661638163
13459658310075163e-21
6997942401436975e-20
53667451247907773e-21
7923173061289572e-20
65020194172701995e-22
35410372998829565e-21
0.00021670981074114692
0.0005331790404688984
0.0009126319554475292
0.0010697468816968704
0.00026364232196710415
0.0001781294424614454
0.00026632958103093093
7302149052287922e-20
0.00023827756660752366
17505957188091565e-22
0.0006142973146695782
0.00015698214899085555
0.00012028092494384755
24834317544285185e-21
0.0001724974192994435
0.00030232912257507986
0.0003759863452445093
0.00027195933783786516
0.00011441258500897769
0.00020385492028006413
16210545785313705e-21
20717839470472413e-22
22709238408579393e-21
6113301925234124e-20
5588731617206278e-20
0.0013145475140564763
0.0003694785884951478
0.00013788532207866555
2638624495652993e-21
17311208011698028e-22
0.00017509027973238947
0.00031668184156248726
9435095863923218e-20
33157941268991774e-21
11358999166676453e-21
0.0002420745461363989
0.00019506338061616973
0.0006184946248669627
0.00022884744307896944
0.0004744417381832664
0.00014547498182957737
8716269190112133e-20
7433013117378856e-21
31119895959410726e-21
0.00011912915388798458
6303391904181935e-20
6442560236281369e-20
0.0005502883021997028
0.00017220957427300444
0.00018467465132848893
2678531170830633e-20
0.0001966874356301368
0.00010177407556572497
0.00017398938777960245
36859798242156166e-21
0.0005354021077427376
2271604230136049e-21
0.0002017055454788406
5630218702460766e-20
0.001163652499008764
9197727015290396e-20
0.0003525549658490903
7247309903153301e-20
0.00030097498916878797
0.0005682185479533218
0.003603983388992141
0.0002783256187324952
0.00035794852100622034
0.001064757697255931
0.000321694402191966
43581983839649595e-21
0.00055010381737997
0.0005215653170570339
0.0003556745540712271
12114935012990496e-22
0.0008031744623451675
0.00010347613858907935
0.0001260853569435412
0.00022712395907507917
6807633004443018e-20
0.0002353617887987258
0.0005729800919241511
0.00033831691723360744
0.0001586660720159436
6948636233870985e-20
0.0004661180486461587
0.00069163537935916
0.0011514530052626761
0.005906206216169153
0.00015420160895504863
0.0006911260200982816
7952644567775665e-20
58556955472291564e-21
0.0007305649304467887
0.001163065331478469
0.0001030815589923408
0.0012770131283293487
0.0009113365963881173
0.00025704894808776906
0.0014168261287349929
0.0002201332528506982
0.0007641598502746282
0.0006910439520822797
0.00027889793851378926
0.0002842911997152678
0.00015792602345370493
36557968818761546e-21
0.000609664975562381
0.00014570687149896734
0.0009573030661732889
8089485165042285e-20
9784527620792343e-20
0.0010182059284183206
40225018003805276e-21
0.00013106859699730294
0.0002080220601785435
6418987750623585e-20
0.001532997294405668
0.00017176510174360293
0.0006794002011080741
0.001890765872034304
0.0001740707567222381
0.00024060964628667253
0.00019267307374877342
0.001268935558221998
9832677886182075e-20
0.00013472955710145792
0.00011038296353397048
8841992376197411e-21
4046544635486369e-20
0.00030134376459862685
0.00012616766831342554
0.00041720687339614316
0.00011326944414904665
0.000265547546342191
0.00012506907382351482
50379368121294244e-21
0.0003925585034659041
0.0006010573471239102
0.0010199684191346812
0.00023451482799405254
0.00015710507243786944
0.00027898432621233945
0.00027526250924594405
341157709387673e-19
0.000154932351599158
806112610778279e-19
0.0005144952341523968
0.00023564334334969897
0.00021473358993268692
0.0006137112415267248
0.00012573503117397687
0.00041296333434248845
0.00033805239875577464
0.0003728865090529364
0.00014724581224159744
0.0005455299664239759
0.00017316972559892665
58833525988309634e-21
0.00037058057318462636
14663146237614122e-21
630133184291749e-19
12237435373647803e-21
3880624375631638e-20
0.0008232632882985881
0.0011561802827704873
0.0002990476814799807
50915219739180115e-21
0.00010945415829492402
0.0005665336886469194
0.0010331384999109087
0.0001314721483960393
0.0003034509791343232
0.00010178057269382688
0.00015581737515845483
6975839505490748e-20
0.0002501922514381711
0.00011176870698318093
0.0006728158343322394
0.00042416728459568424
0.0006198474408672566
0.0003376188701163521
2997140591881313e-20
0.00016141859513059558
0.00031667264800975414
0.00018695303682929112
0.000756617430459112
0.0002363755902390395
0.00021355616314130846
0.00022417877053289563
0.00016577066345151015
5006764327505497e-21
78171135716969e-19
0.00026585010420851214
0.0015876283087717848
0.000366192727371779
0.0002540460787716848
0.0002783481932248561
0.00017979926615040368
6909069991908976e-20
0.0002926624801769129
8637146845767604e-20
27273504976682175e-21
811736314794803e-19
0.00011026103161612257
0.00031148421911216987
2130529011211557e-22
0.00034743104910407274
0.0008825492526259666
0.00012915891693145002
0.0015470722806617536
0.00012898555182031224
3131377931953847e-20
0.00010782816157379743
0.00013256207531051444
0.0003476941754250635
0.0009046480941268694
0.0011378166347353492
0.0003065471662783191
0.00025883130600638365
0.0006465087736089006
0.0005779252323559643
0.0007791704094798273
0.00018667938488227485
6635910414677279e-21
0.0003535543985559654
0.00015155364295225295
0.00025825301671635287
0.0002802662909483843
0.00033578692262203343
0.0006472376150294338
0.0023036481480917764
0.00019101424425083406
7673050801109027e-20
0.00033767077201806177
0.00010654387141917315
0.0015089246224162525
0.0007721445931489562
0.0013911261753116898
0.001739486554883286
558995768157603e-19
0.0010619041275023908
0.00061118170977468
0.0014479080589178575
0.0003960790077975952
0.0013360486796180945
0.00044303243542465255
3819293987236189e-20
0.0018371097963411442
0.0005179991560172636
0.0008755191273049743
0.00043396284449844267
0.0006678318652376869
0.0013202863564386923
3857565472350918e-20
0.00025936546955346535
0.00029643026165767456
0.0003964474860521856
7586817978779519e-20
0.0002408195987121476
7222924659165499e-20
0.0005927158734646314
6920667786189056e-20
0.0011029163342780913
0.00012338929921734983
8392953195452094e-20
0.000265738216821878
0.00019667665576173526
0.0002207177023237407
0.00045916344372612833
0.0002473648279837804
0.00018832946084052795
0.001007188913582923
0.00013150616675051445
0.00014653726091780724
0.001497120505756956
0.0005931005931501444
3165089188107996e-20
22789859316477333e-22
0.0001348099254425294
0.00021317261037382443
2165766765566362e-20
0.00025360919838733387
7198266224204107e-20
0.0003913814547481793
60434198730537354e-21
0.00028280858947044235
0.00012356328974415598
5129566526569522e-22
0.00022365658915681548
6141628255937043e-21
5855178460669139e-20
4289900905991685e-20
0.00014069539136013262
0.00011051775784629231
59066401133967534e-21
6043683132658216e-21
6947825849041934e-21
0.00018935435683143317
34558234063785806e-21
0.000355784466241643
8461121506463467e-20
59074800929068304e-21
38169779117391764e-21
0.00014666020513526412
0.0002871123871639843
8946610551777118e-20
0.0012119459157842038
0.00014911929126799767
0.0001575341492937788
7341004216455921e-20
1926959098249833e-20
5016261478387066e-20
34894714339469705e-21
13569451347209756e-21
0.00022482979782855998
0.0001728175729826568
0.00017245054932818214
6615194180847216e-20
3264322558937975e-20
0.00022724185073092339
0.0013193856012899267
28969527033476983e-21
0.00018057287606905784
31297715858339575e-21
5537811270457219e-20
8979155246472963e-20
4336900638680604e-20
0.00027340602513125907
8928543605493712e-20
0.0018176961320043503
6095173271095619e-21
0.00034092091264028884
8378548644630182e-20
0.0006110548548192133
0.0013331142424876563
0.00024568306008920587
0.0029795288817919185
0.0002556704824903786
0.00014164774070203788
0.0033930995081533797
0.000292342951147649
0.0003325278351181435
0.0008337257138799018
0.000984512364140399
7884352572012081e-20
4297341506474324e-20
41722264404346085e-21
8305062330731528e-20
20352020376807186e-21
0.0001507121524770277
0.001088425796011424
0.0007070288768646593
35204469054586713e-22
0.00037997786429637875
38949641385869745e-21
0.0001561894079494866
0.00012236356982723806
0.0015153471055097932
0.00023083898703091983
651862678073797e-19
0.00010676046796634088
2225875938805566e-20
1272325230821483e-21
0.0006763096924172876
3487684100814869e-20
41145637181031475e-21
0.0001328653445378522
618240502508442e-19
7843089134335299e-20
0.0003060883962022458
3179188257337382e-20
0.0003005428217677681
0.00014214733200392765
25636316364745426e-21
0.0004896722433492552
0.0005640949310052361
1995381980253462e-20
2372342270124405e-22
5752290042343403e-21
0.0006208711262869017
0.00015674003651444337
2194577102389401e-20
0.00017161373657300795
53852070220251026e-21
7496510905612154e-21
2413113985412682e-21
0.00016866780470681283
7356153718419117e-20
10269527431604059e-22
9101310050425199e-20
0.0001328639747446218
4042999549836274e-20
2090900556445265e-21
30446415193009826e-22
9080496726689827e-22
9568836587717016e-22
27518259268945095e-21
0.00014549799242758254
0.00018237548945317482
0.00016093073270150731
60402782158457416e-21
0.0001008432260724106
3511829667184291e-20
0.00021831263694489927
0.00012590741218526625
7690584720056506e-20
2089687832249054e-20
7388294788753341e-21
0.00011324777808456092
197042531529372e-19
-2561810812281928e-22
0.000778586713225274
0.0004101969829609737
10742842905793268e-21
0.00010053617556653919
7687681582618025e-20
0.0002977244174536332
0.000382756310247344
0.0005638694418760463
0.0005002603046035313
6817611873995758e-20
7432355007838857e-20
0.0004984118718825217
0.0005084919046917099
9331795612156552e-20
10232305720783926e-22
21985935432282256e-21
11457510721889022e-21
8014151825730138e-20
701451414205116e-20
7595088953544773e-20
0.00013825527573360175
0.0002549682318015371
0.00012228894871947352
0.0012565094975338159
0.0004569429270867676
39096283258576615e-22
28970548577773342e-22
5571160776016795e-20
4218721018953496e-21
8491151169038572e-20
0.00022336733323858815
0.0002295912202445301
8252037575777948e-21
0.0003222128086193036
0.0005892100318564081
0.00027363950620458953
0.0007444051488590853
0.0005040533425436903
0.0006481981472573634
7812225979255618e-20
31450106717825384e-22
6470741882529103e-20
0.00011553324851135214
3723671866748343e-20
6120995236606207e-22
5357233997292741e-20
4340282510313036e-20
6878067098322806e-20
7994674013207374e-20
0.00010273694356333645
31580471431517744e-21
0.00017463387845748698
3891878961658557e-20
6636829012888524e-20
0.0004244321202219749
0.00014774284457344365
26647974166302907e-21
0.00019098168669175872
7034633019632085e-20
15592225028643577e-22
13795647265905522e-21
17586773657940575e-21
0.0002424319989384639
0.00016112549004902791
4080546826395593e-20
3286971126457831e-20
6092187643326976e-21
0.0001296166034164827
0.0001544646709275898
0.00020421150865662595
3131539722048571e-20
4235227632660062e-20
0.00010468170645040456
8050262904044748e-20
0.00014865446507038798
2418721487655389e-21
26942695942870495e-22
2590079130001276e-20
5991364220964653e-20
4584290916894206e-20
544809493845877e-20
0.00042586748222538107
7422353286571057e-20
8271688838262757e-20
0.00013253067252487965
0.0007067847620151886
0.00012333444703681838
821329253391117e-19
0.00036220899754467787
0.0006757510139668306
3307239080315364e-20
0.0002744254851193665
0.0005490194069246297
0.0005221179965407669
0.00037643125749778735
4661493997771535e-20
53589745399227115e-21
0.0003918370199888247
0.0001498131127424701
0.00011556073375371069
6115521793897579e-20
0.00023552697061148025
0.000935445685585523
0.00010132953228888894
0.0002038637431039676
0.0002770261354684638
0.0007778068601727005
0.0006813641893293989
3716047422666014e-20
0.0002086427603353021
6361302401664427e-20
0.0029864808314755817
0.0004534822127917999
0.00025473780289105984
8409359654747519e-20
0.0011170695770980163
0.00013901740249575882
0.00025730939480816077
0.0005497633550849789
0.00048051098356267767
0.00046327441778368553
0.00032007635779973074
0.00013956458458690257
0.0007560409869343009
0.0003131852398697782
44836044775503525e-21
1849585715047912e-20
22984954584280076e-21
0.0002727558232294443
0.00027431164753765534
0.000652357651233879
7852785512960098e-20
0.00010862934444425015
9803149716660175e-20
0.0006064826054657426
0.0003686649067649702
16771899396614465e-21
0.00016792999679619868
0.00012139170971807691
0.0002185437515379825
0.00021874287577884142
3216602951299357e-20
0.00020307910589603874
8875198792553678e-22
0.0010480609531107639
0.00023182130284331857
12150423467143577e-21
0.00011239431753939041
0.00023510454812380432
3132130840316795e-20
0.0009972630050747598
0.0006415180937586588
0.00010061552161012399
7860412979074974e-20
0.0004267880699078902
44423306493574964e-21
-16688172090966626e-23
4533603731828282e-20
0.00018862831249999185
6456596490636043e-21
0.00032735056212063543
0.00011889361714289881
20980158152372338e-21
0.00030222301760468036
0.0003207161248457471
19487064934053304e-21
8733547486670007e-20
28848789155221353e-21
1381396146203699e-20
0.00014342518163772087
7872068738049429e-20
-40910305306036776e-23
0.00011954744366848917
525323365640113e-20
0.00029786132355181323
5628166317557155e-20
500561629836149e-19
0.0001003358991917862
0.00025547359587906423
0.0003116168992073066
9962385464447995e-20
28089611791630526e-22
0.00014566890011833965
3218642275694405e-20
0.0011772257504069027
0.00013191234824311702
0.0003556615771787784
8919742765996235e-21
0.0007409870029425293
17290565491075003e-21
10943813808652366e-21
0.0005162535741277827
0.00031816463004245545
0.00044613715979520044
0.0002676079972729458
0.0001273878471129294
0.0004129380377056008
0.0003189512105242977
9043199826879897e-20
6214690193165966e-21
0.000397113323022276
0.00017380204242657622
0.0003860008499145277
0.0004796083065944127
0.0012431947384469511
16584110012047414e-21
0.00022273101681275878
0.0005717985961161335
0.0002794564732373118
0.0001691334228846928
0.000954589499432918
0.000155405583138964
0.00022750006022962074
0.00021111759873401734
0.00027186446685320055
768299154107527e-19
0.0005171284741710376
0.00019996708817342272
0.0004116186889536757
0.00014749244517537198
13495200966659503e-21
0.00023687283875550738
0.0003660755397496935
0.0002782705476947198
0.00015364914260988902
0.0002085198580106267
0.00027782696476375213
0.0014967653408816252
0.00029834696438900773
683047607291252e-20
49927135849859334e-22
7129667600426926e-20
0.0007038088120981406
0.0009265520410900019
64303665470629246e-22
0.0004220215337801829
0.000127542105910604
26937115360895607e-21
4647079373346922e-20
0.0005275929662871316
0.0001461042346471271
8103994216267024e-20
4948468841666816e-20
0.00013140251365237698
2500119320868778e-20
11381577971482995e-21
7084927456193394e-20
8616957063597603e-20
54451046423602895e-21
57309304998974994e-22
0.0010755686194434718
0.00027221007783584784
8024734919593789e-20
0.00043108816153495755
0.00038060045503601216
0.00020921307600524849
24531314811250466e-21
0.001227477614762193
0.0002714889892190983
0.0004361598817418344
0.000847805098763308
0.00030632510634194825
0.0005139656774445201
0.00025209920974205195
0.0006332525517024533
0.0002274248872638384
5566841845211495e-20
0.00041306888165880954
0.0002169253919464693
7026987070827867e-20
58338206593766145e-21
0.000554830009162625
8361516673330359e-20
23630937577458006e-21
0.0005856239735448695
0.00015082444413908164
0.0006028417788884728
0.0001733495207942733
11503646863190848e-21
0.0010579852163989463
14888478113428575e-21
0.00023578086737330843
7910973756335386e-20
4489889485140296e-20
4363035751849321e-20
0.0002479859658564974
3112140094408196e-20
0.00011400038288765013
18277299019900164e-21
1085261448263017e-20
0.00031787121794787666
5784892778618341e-21
89472525856005e-18
7111074141500643e-21
3398490778258422e-20
3893611263979152e-20
5260347561125891e-20
1668762054296412e-20
0.00012424311493613354
56749051816416204e-21
0.0001138141556612837
210966404740696e-19
0.00011981972289799118
9679668012654228e-20
0.0001849837509879291
16844984201411602e-21
0.0004567883464653664
899476984294723e-19
9674680020901369e-21
0.0002585932861869738
1808947467365804e-21
5988497208656208e-21
4832840537182411e-22
23475784614346037e-21
815867728100607e-20
3421667616626299e-20
8034591842676387e-20
2165762963400144e-20
0.00022012039417188358
3890351051338142e-20
6085723185725728e-20
0.0001863316574501196
0.0005929887067567266
0.0015858284966098284
0.0005085315389970521
5935482335792644e-21
0.0001030328529525687
0.00047386150015109253
4461708209612702e-21
0.0002007418399303059
0.0006993229378577603
0.0004632075771267034
0.0003182640306923477
0.00010559090149277779
0.0003959021055799306
420008595953767e-19
6618629405218541e-20
7109648807972861e-22
8069196420645973e-20
0.00033773819866807296
646284553762652e-19
4777944242190579e-21
0.00048725614894101353
0.0008105174639090022
0.000648819996035409
0.0014646719678728496
0.0002151099137763229
36205712425980585e-21
0.0001605749719143483
0.00011460818029367154
0.0011689390302214477
0.0005107018442674267
0.00022258758508773285
0.00021230279987144787
0.0003254247287962607
13562879526237492e-21
0.0005333988587874773
0.0005052365890484856
0.0020061861765385933
0.0002855418509054169
0.00011988496639257278
0.0009536402420817955
0.00030294648182456046
60354329107509696e-21
916284745369626e-19
8824288370816895e-20
0.00023207693890093807
9447730576463018e-20
8712634593675274e-21
0.0001621286687201483
0.0007014795602345838
0.00018404833115489745
699742682856388e-19
0.0002718257898213705
31408058032006643e-22
0.00010816677114363358
0.0018792419617305147
2471465328638872e-21
3600988035760986e-20
11011591332193506e-21
9467827984429505e-20
0.000603342612800838
0.00011462623296335471
9480043463577498e-21
0.00019066587025725972
51113358414803516e-21
5463004223080965e-20
16673523403838493e-22
17960914732698337e-21
32091009514849828e-22
0.00021317192044414526
22854756371227195e-21
0.00022200305256219472
0.0005209189293402319
0.00011462083729089158
998874812158813e-19
0.0005479097710645348
0.0003325055239840999
0.0002812542101502238
9638927475725291e-20
0.0009839431953952004
0.001671395789113031
0.00018663650010072684
0.00035523167844099074
0.00011023439021043654
0.0010165569431947832
0.00043463099497891017
0.0011289642343959335
0.0014503550760200073
0.0016482495710639904
6218137312108948e-20
0.0007311433080972672
0.0018163084528489814
0.001400024867903436
0.0003665990059138532
9383845049650004e-20
0.00032419168716364964
0.000767087246375963
0.0007760403726839461
0.0002602277426834531
0.0011901980147617087
0.00011360646888663987
5714014933067876e-21
0.00012077235301745997
0.0007184044039141351
0.00037209670674014734
0.00013389561593048183
0.0019159475374730568
0.0002441721555071445
48515586572661413e-21
0.0004993785153599435
0.001829347614885706
0.0005841530475222911
0.0001698471248122722
2513762578727275e-20
0.0002405778338410568
0.00020387906968328114
0.0006671957348710413
32800929262287525e-21
0.000833675173411186
0.0007832033824496954
0.00022437063373343028
28618790658048828e-21
0.0003331772622180004
0.0014069426404367696
0.0009217871383786732
30133078010427415e-22
0.00015345214908821144
0.00010079234453771308
48178043237286864e-21
0.00012781097984789687
0.00016986108713226602
0.0003190129734535879
9735252170353619e-20
0.0005612238998818354
4849239184582635e-20
0.0007824898218945312
0.000278970175707605
0.000784974450948057
0.00136605535864747
0.00011111418930170344
0.0002643745504541994
7661098552433805e-22
23297498647774806e-21
0.00011242927216386048
0.0002560974878728769
0.00013123436922977502
0.00023821648046701648
7977101984852352e-20
6496770649803509e-20
14590950100472195e-21
0.0001048565308211705
8114129868000137e-21
6544893425564962e-20
0.00021183330398270785
0.00010062715372269225
25256352308169037e-22
0.001540566597615001
0.00023246991306870779
0.00012172481148003736
10597277566381109e-22
0.0005503257442774621
0.0012377109964236649
0.0036223342232949577
0.0005101852976458301
0.0033207980346987398
0.000443234442793405
8864565174187945e-20
0.0009086926362147957
6589084485154648e-20
0.0003168766132919641
0.0005420146613054722
0.00014494215795991079
0.001749570695391759
0.0002142786674234843
0.0004884939183067511
0.0013256790906783034
504745114893108e-19
0.001036691234278318
0.0015244038537422628
0.0005725304485961877
0.000697923894603631
0.0027384631505312246
0.0006808248245423891
0.0009421575511892891
9222048524310363e-20
9642216976859556e-20
0.00032227447243725023
0.000507456235916806
0.0006355114985163217
0.00010967091871673677
9247840035194256e-20
0.0005346507422512163
0.0005599493562369933
0.0005331670004742789
25801362289875274e-21
0.00015300300408162254
0.00025547098411039554
9661345281330575e-20
0.0018518593672967466
6895793634545246e-20
8663833722072554e-20
14813359166384009e-21
6745410187500104e-20
787945672961967e-19
0.0001605770947954157
0.0009077739833023951
0.00012816097898672512
7396597388442932e-20
371634392361656e-19
4343752772255073e-20
0.0009645076245968937
0.0006154129223422522
0.001023642242969254
0.00027929823123071647
0.0003845765907784933
11445398376755434e-21
0.000130008102709551
26840225846434108e-21
0.00020472453553549745
911889893370804e-19
7482684156109137e-20
1954642065432185e-21
10500442570152709e-21
34952305101559552e-22
6304174874041896e-20
4079652006999021e-20
9994553610728074e-20
-3585404772663341e-23
0.00021667435156264432
0.0005036910018709064
7342041917265221e-20
0.000111426166846895
0.00010509336118272956
22945488965996176e-21
0.0005649903961809173
0.0006914365202412673
0.0005963325774992416
0.0003118003596520837
0.0021615305095832177
0.00014627027842514152
0.00016564427040353003
0.00018339658790541733
0.0005818606733053986
938005474776268e-19
0.0005262943453992529
0.0002606403530462821
0.00026260332356979014
6453832590953438e-20
0.0015240072119913986
0.0006344293487502117
0.0011900814463973693
0.0030478212998991828
0.00081878454001967
7988988472024629e-20
23979266639628573e-22
0.0003006672083122086
21029746983223845e-22
0.000339773091509391
9686377089594937e-20
0.00026783391045863105
32748938441521695e-21
0.00028618550766336404
0.0003067362215790895
9775352906267033e-20
6258276624845777e-20
0.0004589880282733907
0.000249024812805173
4118854334200611e-20
38949085104262724e-21
0.00017485272794112936
0.0002605609386728173
0.0007180503922208373
5934521243161745e-20
0.0008333806150331936
0.0004516897999196805
6505158596675294e-20
-18515418851948066e-23
45522602950955964e-21
0.00010208622958437045
14638537817297901e-21
0.0009444896231163125
0.0002883265624349307
0.001336126024689532
9032172601900969e-20
8156740179449264e-20
0.0005488788125460359
0.0007820630779505856
761761993061386e-19
0.00037041577169545745
0.0004656536320797505
0.0021573965542879886
0.00030585971524671804
0.0001369878244330504
0.00013492734513426594
0.0022690063886535326
0.0005239722079864906
0.00065472373688177
0.00046342069465389103
9087504107628828e-21
0.00030547645292352366
0.0018545714187505676
0.0001301667087570612
0.00012166449931319079
0.000841657949432636
0.00046030364763598213
0.00038362529603939917
0.00047277150420070623
0.00010060220965306577
0.00019976236388337528
0.0013359025068299928
0.0005805297759920096
0.00011907978525076943
9114089839014054e-20
0.00025336786024730677
2221492042657134e-20
0.00011496854786661559
15605180646669976e-21
0.001956436359896797
0.00016369423152291776
25445648510273475e-21
0.00016636818488792045
0.0005130710368898677
6300914765257923e-20
7600815698714567e-21
0.00027240850719724235
0.00036342474992931276
0.00013794828832347717
6122810854350747e-20
0.0004861328482721037
0.000151690537920841
18132433200357498e-21
6148367852149067e-20
6606233200239964e-20
0.0008418155268196919
0.00160841844047211
0.0010111791453212005
0.00022513986744396303
0.0004592350367873134
0.001095478720784264
0.0005124785922914223
0.000236673714323721
7772328198886862e-20
0.0012293081258176845
0.002413861733554495
0.0005421055127808874
0.00013338801260453907
2860177576525626e-20
0.0006830595576610863
19330063613012972e-21
0.0019416598488499477
0.001939777838641348
0.0017929095514371423
0.0004258347738234772
0.0005730394508578849
0.0011262784779180425
0.0006517392408759643
0.00032258672966107123
56078388431179136e-21
0.0011139301725507048
0.002981262047805744
0.0009350591305505025
0.000410631784125222
0.0010154826423109057
0.00015795155939176797
0.002080717483156655
0.000935248932895694
0.003474525058229513
0.003876830544356658
0.0010108634250847366
0.0015090459369952456
0.00022899298173700567
0.00016428753011986534
0.0015247592809270035
7801404391851577e-20
0.00023856795346974431
0.00014789813850263185
52088105923115026e-21
0.0018009063081424474
999950971586062e-19
21723831094049245e-21
0.0007276517411840936
0.00024864067000478007
0.0006553719132209458
0.0004740260507491591
5371120768651363e-20
0.002223810439929171
0.00033439269278678555
0.001057462804995309
0.00031190784908129463
0.001045759663463626
3264112043759678e-20
0.0005323300074027462
0.00039444014471496963
0.0002561274344524027
0.0018018766045364567
0.0023163839779046878
0.00039733438522712277
0.0004276908089953981
0.00018800720975191684
0.0002817762427686943
6420179578469636e-20
0.0012848077346033543
0.0006797094085270592
0.00016653094909112638
0.0007603410596477897
0.004874156231367648
0.0001478227478571019
0.0003282862288729867
0.00021938318629537696
0.0001148177558850167
0.0002596888657844853
0.000983120312332538
0.00224985552953438
0.0015912441276268044
631307324053494e-19
0.00021559164146335994
0.001896335351398337
0.0003612265530656343
0.002794387961889008
0.00042599808733220865
0.00015817752509781938
0.0009391459406251994
0.0023111449155238805
0.0007820513708660229
0.0006127259201570694
0.00034709766085832584
0.0001387310457754799
0.0011745208666203222
4078283015411875e-21
773398872345735e-19
8643745458650329e-20
0.0004323218589943894
48590567215606536e-21
0.00018678369736421628
4872975168041697e-22
3559440279663593e-20
5870730690932276e-20
6624435534414969e-20
0.0006173543246769802
0.002265337044032777
0.002033399053164026
0.0005208931493144328
0.0006858459591855018
0.0008390197608652057
0.0010251691150774966
0.0010513996305490162
0.0001668410568065609
6106466739964686e-20
0.0005260612396504723
0.0001831150540296035
7908100841409465e-21
8524492553057961e-20
0.0005238521044809913
0.00019449989272947763
6846173989994668e-20
0.0012033622224137122
9275011397632052e-20
9527210927206764e-20
0.0016479168583891579
0.00021481099484555268
0.00040217105410068785
0.0008288032278036943
2013519596106146e-20
0.0019323622010032548
0.0006829714514996292
0.0001095285068991346
0.00013061198198060153
8704392610202777e-20
0.000669464145930489
55717371002908085e-21
0.0005390539193643782
9728343281930353e-20
0.0007379088865924585
56010039657874614e-21
9526791065424317e-20
35931693565266715e-22
0.0005508006350610912
0.00032277861771342795
0.00039396370096944454
8481744705247055e-20
0.0002558829674411592
0.00015453769747611425
0.0001879536525091433
0.0001103589374119859
0.0001408234379455522
0.0005904777639464879
0.00024415896264278153
0.00015939833734415957
0.00021400136518849204
29227080506275423e-21
0.001422314632751322
0.0007675322054176025
0.0002915239720778326
0.0004659470839298773
0.0002191678595736264
0.0004922861046116668
0.00012198588142699863
9498277263029003e-20
0.00043178006910818195
0.00010395118442440208
0.00020258218411634633
0.0002684947043300605
0.00025929557827059963
0.00021193662292551255
0.00011707194645972982
0.0005738771096810957
0.0016488225909179397
0.0002785723773992245
0.00016095224882579866
4545828008474086e-20
0.0005744335927717851
6321060551943175e-20
0.0010251969137793366
4273822840060221e-20
0.0012568897630669056
0.0013701759265146868
0.00036410266896974423
0.0004810299030394868
0.0009319370059300107
0.000320678880801224
4475069090360951e-20
8504493867578466e-20
0.0001036760112650132
0.00011085513742155994
0.00010452367679760274
548762964054282e-19
1961650149352229e-21
0.00017263611002380706
0.00012639666303824475
0.0002884648249976273
28686626718895414e-21
0.00018857281093272713
0.00011414692059617155
0.0008314555754360049
0.00023391390777301738
0.00012720801001725424
0.0009896629538325731
4637520196190867e-20
0.0010913753922558657
563030640058289e-19
3567205965842269e-20
7028804011061497e-20
0.0005851096302183811
0.0018443609676173974
0.0011675622934338632
0.0001054008770998024
0.00015342188506621673
0.00022446871848369246
0.00038286836619265944
0.0001035374898832898
0.0005041450393260804
8111311910755115e-20
0.001543458071479461
0.0002508615466754028
0.001249593100008508
0.0010612038438809759
0.0009285175364455418
0.00022831473359133877
0.0018984819903673064
0.00027358301551302575
0.00047384389844784726
733550759274832e-19
3747680956459878e-20
0.001864016721098469
7929246581088952e-20
0.0016682897323492636
0.0006119355741158028
0.00031534213942600246
5145755800252673e-20
0.0005437830867609912
0.00034380614433838385
1245495309608989e-20
22201469802466837e-21
0.00207213160387314
0.002085229822246105
0.0005487491245584421
0.0005924003991784958
0.0007319486119152373
7540259333659846e-20
0.0005870967501190004
0.00020568703787944966
8895101850374058e-20
677262217840859e-19
0.00011223981353858591
0.0022589539058351297
0.0020498398683071275
0.00015475079460417488
0.0005579260638235334
6803270434825698e-20
0.0002105948322273894
0.00037122692849974036
0.00021540693511264264
0.00011898326698776101
0.0008772508730067562
0.00014335563361028627
6136221862133573e-20
0.000576990740007155
0.00010148329820733248
5537521559710762e-20
873833494978926e-20
0.002121543053229254
0.0008162555515670877
519775424891261e-19
0.00044566557549946295
0.00021013795330915275
0.001224029290101878
0.0007214642438503307
0.00015295081657303614
8500650548006685e-20
0.0008244321720214371
0.002720255748676697
0.0012961938216937286
0.00109404093238469
0.0008273648384039797
0.001252400270288455
0.0005127404646145967
0.00021447443980301853
0.00019956086388275441
2200473853837073e-20
4381530140918785e-20
0.0004139199285826947
8074915328167898e-20
0.000598248686450011
0.00020824670902674255
4263772808155189e-20
0.0002883223873753082
0.0003644290776801025
0.0005804163903569626
0.0002411820860283127
57706621865715084e-21
0.0001199771297043503
0.001052304709909095
0.00010522048245780195
0.00038155699347141924
4662679305316087e-21
0.000148825580420082
4201908007277954e-20
0.000250269668132557
19821811506562254e-21
0.0008235975114143119
0.0007604507316575157
1416293635308413e-21
0.00024939414115761165
3156499272213841e-20
0.00022453012167783162
43265630135837274e-21
0.00020067942909842172
634184986051937e-19
0.0019351612976120339
771435776633624e-20
0.00035550947046330503
0.001674693379854326
4180423118249005e-20
0.00011004406975950265
8700612490588765e-20
749846957424635e-19
3658005980130431e-21
20333774989760693e-21
8835820436293196e-21
0.00011875666067071734
5757723222319191e-20
0.00023932045400963922
3642180100955074e-21
0.00030151143197803144
0.0006474478669447459
7577276008398079e-20
6691548483444481e-20
0.000278387579843533
0.00014399248954946036
0.00014242663494383023
0.00020250192139478743
2429115906536863e-20
0.0005882899640053166
5724178390722116e-20
11734087524704968e-23
19291057107165394e-21
27110200038827526e-21
0.00016141159363357833
1101952765493201e-20
0.00015995666856192454
9499450173467684e-20
0.0006567398437613767
12311786387783369e-21
4781620699270557e-22
629171056096181e-19
0.0009857695836175508
32115094624308714e-21
3522347665002292e-20
0.00011856638532418459
0.0007045664821085948
0.00031392932752287667
6241353666502199e-20
3435901855002075e-20
0.0004039443361036001
0.0009749426802390592
0.0001226621710357104
2162417536646482e-20
0.0011039324801797531
0.0010063005331880763
0.00019102677400702043
0.004199492310247106
0.00010255003525420719
0.0004644367655538244
0.0007039944887643485
2894791635115102e-20
0.0002152227877317653
4355919026409019e-21
0.0001772734888314491
6598295245327749e-21
6237461497378989e-21
6468333127039435e-20
9936948635231585e-22
469142956914138e-19
0.0001232125736953651
0.0004623550096555896
0.00025679521474936704
0.0007269243264297079
0.000160851207390371
0.00014432762665652312
0.000749772948308643
0.0004791537888540361
0.0013021903802382059
0.0010741115255161772
26892092887452768e-21
7018624342237251e-21
1774628100683143e-20
0.0006951574390884748
13407827131848416e-21
10352016118016046e-21
0.0006504300234099379
-2720758789191685e-22
2905468106368455e-20
0.0001830245970289724
0.0001190465055307739
28254897584338596e-21
0.0006827693669954718
9089226794604867e-20
11401877001211146e-21
8224458366372698e-20
0.00015135122478519527
3722154610226104e-20
0.00017910917480399902
12740122469640686e-21
0.0002536733195965157
18795912226471897e-21
35437293343491194e-23
40774620912995044e-21
0.00019306014476256085
41755720474551895e-21
0.00038122955935804986
12745343976182269e-22
0.00021156774737718964
9992766929776984e-20
6550091164119451e-21
0.0001075546126506182
50618273129354476e-21
0.0001829771843493292
0.00017452997615989216
0.00016176985380589442
0.00011432761310378972
8054064394814451e-20
6333884354231541e-20
18228410501808207e-21
51498849930597474e-21
0.0006585577976972026
0.0006314688901537696
7656677467532063e-20
4588231086174548e-20
0.0009233041579448547
0.0008362709729267169
0.0001138541821736434
0.00016596193578459216
51057596919929775e-21
602047686305631e-20
0.00026011782167788906
9795866627508777e-20
0.0009565332094623433
0.0007428062696107463
0.0004869211115503053
0.00019592487618793746
0.00036448330569963664
0.00024413978767787877
8218384135932619e-20
20660517055020973e-21
56225126862387164e-21
894178694524737e-19
0.00012330955327750996
0.0006406623982107672
0.00013992216147063898
0.00035520118462494465
0.0004437331872034346
4699878036189945e-20
0.00013819164888924913
59992384656455746e-21
55630227430896647e-21
9743216873430368e-20
10892272013422657e-21
0.0002104383892638248
10106960259140405e-22
0.00015806052175741206
837130931445658e-19
0.00022755838146145348
0.0001613391851325092
0.00032185417824148445
0.00013319356937149728
0.0002741396243305491
0.00031594401759474486
2942745339485362e-20
0.00041265475664963404
1880402344225139e-20
0.00022535895677116703
10384699146877632e-21
6911908194180095e-20
22691456375667848e-22
300077855106641e-19
17288330973475753e-21
3707909019023604e-20
0.0003208383112449299
0.001255842630357661
0.0001753051939266743
0.0005184739105300419
0.0002607535279096872
9945370994314053e-20
6144471730726075e-20
34759817159020934e-21
0.0002830211498608374
0.00019132455958420004
0.0009370580956563133
6153984428458804e-20
0.0003103822316182113
0.00035171696271580564
0.00010571795603744634
9055106717817387e-20
0.0006705744122135772
0.001248066169278073
0.0005017636742784494
0.00019788495714466686
8038309691728459e-20
10995374064152092e-21
0.0002708664986476993
0.00012041902074291338
0.0001811037152529993
0.0008514908162739915
0.00016808419200192555
0.00011112775726259877
3218211817109439e-20
7564957142126514e-20
0.0001917145360391091
0.000204920311909251
0.0003475108625241334
0.00026290885206328214
0.00018530035065775848
0.00013190895185054912
0.0002309311702219096
6985274038112567e-20
0.0002921557916984261
0.0002541193404862348
6227615547679137e-20
0.00018031285906654136
6631470450380634e-20
797981089095686e-19
9889321389807634e-20
0.0001837028719998251
7179945485658303e-20
9462379359994779e-20
5736186443707775e-21
0.0003439072290617714
0.00023146425175951893
0.00019979451420156562
4170040915527084e-20
7580764805375828e-20
7970282555853988e-20
8614070002021326e-20
8663710012567574e-20
0.00023454207925120653
0.00025277791672255874
5931253590607581e-20
0.00026764867843659564
0.00010105832417448876
9030955649139782e-20
6709864242975776e-20
5709847969682546e-20
3839520922217588e-20
20892746705465647e-21
0.00011298543437145045
35813147242244714e-21
0.00031065725846121645
9726967847964834e-20
3512008802897946e-20
9622206349800624e-22
0.00010660711713680583
7821337130394894e-20
0.00010046337525609317
45076179019480564e-23
54221364238489225e-21
4700528818825627e-21
1826166794552915e-20
4180755318016022e-21
9968792687266659e-22
5739061348403223e-20
29014441295084625e-21
3043486735381776e-20
5548967803759048e-22
364449474460117e-20
