593086619837309e-20
0.0002291900068306444
0.00031681731233591917
0.021831678043096197
0.025026830701846553
0.008983025842978491
0.008671086832080448
5261875696908064e-20
0.13139210191181733
0.09251734029084031
0.006732295434623997
0.06745208053319202
0.03662112296299055
0.0057104957842529485
0.0024984051059173122
0.2120485188195353
0.001205133680736115
-958196149089271e-21
0.027574918704794463
0.0021138011714682365
0.02765755884074169
0.24071256562580587
0.02475183833903178
5017817297239718e-20
0.00040649234223591604
0.021790239473201477
0.02679964608603058
0.0050009834692509095
0.00034103609059335993
0.0005843506696343906
0.0009226763241463934
