0.00014307319384671482
6417999860246591e-21
0.007997343673183997
19070234719468175e-22
0.00014248148646908717
0.0004525697484480119
0.02103913570808143
0.0016470386867891544
0.0019621869361976002
0.015475930456959072
1696117884890845e-20
0.024888740526221337
0.03684662670280082
0.018580471342946388
0.00021660302340776038
0.019149043757941776
0.0026727096597353828
0.023866453890065604
0.003134006420675403
0.0908744535942354
0.06106487282771826
0.13683782967014407
0.0003550430780705703
0.165649009960516
0.024098710342647517
0.014688944242692892
0.008464740762580244
0.006509650393442843
0.013431022946856165
0.015412782920838775
0.010885868984800214
0.0015530449284351998
0.002359767155836505
0.024179605042826118
0.032199105245925626
0.016634411164233177
0.0025912252407625687
0.0013805448890197433
0.013754189808971577
0.03394881411618591
0.04016014012364324
0.018071371115962312
0.06651178146014743
0.0006716307009183394
23687251898542756e-22
0.00611768509468691
0.012111971249566639
0.00018973815037239897
0.00042918727573492695
17812861452963923e-21
0.00022528949781956976
0.0003776850118152544
