20307477982042385e-21
56758976373261586e-21
0.00015760688056543925
0.0009489570583224104
0.0019348674709179408
0.00037967814515586475
0.0026423595854551626
0.003469318280823583
0.0013198864182892307
0.06474459536215002
0.02933758869066567
0.008976980780366201
0.09070293946065949
0.11368278820356731
0.009805385821284337
0.05903792737434423
0.007404292722410133
0.03275326372928583
0.018770924631503674
0.09482120802985791
0.0004501791230961401
0.10050575744119342
0.0005673841481538938
952494762985309e-19
0.1313742970828193
0.022852728679791014
0.03282109419656518
0.00025602754902482054
0.000190939436310004
0.09801297857276277
0.04774646003370209
0.0010659303824866577
0.00975571357927828
0.0018177972989182288
0.011305364587677998
0.00021446331194176907
