0.0008985864391004318
0.005896799630410485
10174552354117253e-21
0.002439907796251679
0.00034926024720677155
0.03369999966628718
0.0009270794550776196
0.0014265152461820183
0.000737562132365366
0.04247479472522525
0.0016311484479581437
0.03633160144602469
0.0015154179171579546
0.019493533476794066
0.004594208426556394
0.008145990653141762
0.01222356411052303
0.009866999791302233
0.0034833582012631296
0.018855492428650568
0.004455766730019284
0.0019528606641174163
0.010161551970969835
0.014593520506211183
0.044900657553896446
0.03632686189479165
0.04501793064799007
0.003894711501835375
0.007926399595855244
0.016781245761412694
0.013833015337595378
0.05011307329590209
0.001190410832502911
0.013136470748450542
0.003685559179516593
0.003263492943012455
0.003617488509830723
0.016678551987772895
0.008053983326465971
0.017962630736907903
0.005445718677065154
0.0138641992132498
0.020242155962874746
0.005151965569953733
0.019438430326042918
0.0029731123471525454
0.0035257831302611307
0.033464593681921485
0.01348375816718627
0.007943473791426722
0.00584593704392596
0.02013500218290124
0.0007985285273805196
0.0021103271838183125
0.012685371506107658
0.00896994893930717
0.002529495163378905
0.01305927469339342
0.006712556300039222
0.002262376297362896
0.022440109057655786
0.0010561048678398989
0.010706873819305955
0.02560633740443667
0.006690733204324599
0.007724479937431978
0.0007833067076011478
0.021852398652188274
0.024368348436569327
0.0188273458821643
0.011015001690827152
0.030214785834910135
0.0013067409796545344
0.010840339316861626
0.004305449479278277
0.0013078953795401039
0.0023691631682323713
0.006071546311316266
0.009206032652602102
0.013725218601893857
0.0022088537456061833
0.010037478944939048
0.005456468608090459
5096488239877796e-20
0.017128809701723438
0.005800922548397128
0.0032289181414725324
0.0012781963845651782
0.0008064898532494387
0.00039449858528385227
