0.0006928751803965063
0.00041834058971834226
0.011555790187931214
0.04138646708031529
0.006430573123404665
0.03175024679389781
0.022213400409825945
0.0009486978095909146
0.02290496399301212
0.007112333578983207
0.023756295675978333
0.07078090692673462
0.00023213873304310634
0.05597459460601547
0.13179220116229398
0.043847502945756414
0.0013601982558585357
0.00015656351838546324
0.0010580064343361333
0.012549427312690467
0.013008271892324693
0.057412825848960077
0.002521009536728226
0.00440996202320253
0.02549340356177582
0.04380259003800233
0.03880043366243831
0.012437081198410213
676751728042116e-19
0.02580734386219131
0.0003422152737098252
0.059432690859174915
0.0034605426215554686
0.00626550500892321
0.001018490892529688
0.0009704669358433691
0.03131940063212515
0.0003262149921597606
0.07850206267609633
0.03060507851635965
0.0013877968187146661
0.0066042233314449516
0.027314794147439717
11379624982176505e-22
0.00010270023093083195
0.0008134066070195389
0.02783187229718032
0.013019279081287978
