0.0009323008797443178
0.00027678506301874115
0.005411446739409205
0.0006862144369317671
0.0005484198447491314
0.0010491332776097306
0.0011794594902576705
47849861134358024e-21
0.0032794189375206294
0.028796262554337506
16737102172366365e-21
0.301149566294865
0.003040572157978162
0.1021028076091626
0.0007845896863788425
0.08679929984989053
0.09610539331174922
0.0015577167855284318
0.007825517469890492
0.2298529736855536
0.0004195899845853777
0.03073160459615755
0.029441101324995743
0.00841639090898098
0.0062676231408907756
0.014215609869193272
0.026442044091945574
0.008807472514728333
0.0037877808223735145
28186671164257886e-21
13103710234162176e-23
