0.00048095364748941034
6461367360854252e-20
0.0001018837627411081
0.0161175103979184
0.0027044547198431866
0.051320566415371936
6335240700709351e-20
0.030220465679290928
0.10218162037687538
0.018015157389123976
0.06103185112819801
0.042708331986383685
0.003615057118771967
0.00015327002118509846
30405909985939816e-21
0.00629926624805766
0.03955487560451011
0.2527299352564942
0.002331105817982693
0.018000251866087454
0.0017652233424845648
3370076837638265e-20
0.058824786070637736
0.009477485740305923
6667666230487544e-20
0.0002317175789129454
0.044338234203094455
0.16350438770558035
0.003772243133800327
0.006978194511027431
0.0024319582189300604
0.023369402161893375
0.001767279283264128
46851575669289055e-21
0.014961547928264839
0.0015253363969902946
0.01815261255231675
0.0010274327392195423
