0.001466003306758448
0.000945526785731215
0.008739190369224648
0.0010024558853459812
0.024465017389463176
0.006410982402447834
0.000306490433765751
0.0029252739718231787
0.018607102748556464
0.002268751586346278
0.015893504890910053
0.05317767783822215
0.0017755602695403272
0.01660293647435786
0.007026350334890007
0.013214526177056587
0.0026288446285315683
0.005473241349438159
0.027530060452932874
0.027863317570748242
0.002439886247394497
0.0007212086899445512
0.01435495155996511
0.0043846155151230255
0.007343873091742786
0.01293754256343586
0.0011021693072586776
0.008016349621026231
0.02054957771895037
0.014260540965567664
0.005263386159175189
0.00039484890192100186
0.005864474027062788
0.004857164313226988
0.02127831987296991
0.020584897741573398
0.03325096574013306
0.03225069955509969
0.0008707179847601401
0.03150619084858117
0.018314776586343104
0.0034071005578632015
0.05072207241879601
0.0008425981606632897
0.0015592125717966837
0.005155175771103032
219728080564807e-19
0.011042928594136189
0.014151051798137164
0.00264681461565627
0.01769045173529749
0.011821211524213355
0.0049571334567015575
0.008616055834833783
0.011757108975608515
0.023266671756900385
0.008042250430281311
0.0003394055108060702
0.0008365259527673569
0.02076493061177301
0.013849632247553761
0.015856764494345022
0.0029831273506219164
0.001874240216915075
0.007520185735624023
0.016177826305631846
0.0014027080775064129
0.003101997611949205
0.0030892957799126346
0.029578163488372788
0.020612100480608762
0.006414681368940138
0.001381049978865287
0.002388068586626745
0.0015939873170129346
0.023550667950843963
0.01300718468455319
0.03447511796720795
0.020090453443716915
0.018704550059197748
0.0013120791419570102
0.0013016429644004137
0.005875960544290496
0.01292703503292128
0.013184690910060906
0.025728337171020323
0.0006884552665033698
0.0009985759656994128
0.0008146701798304994
0.0030061047145728435
