6609918785868898e-20
7970808316771925e-21
4371173035525824e-20
0.0005609959470738521
0.0031643049157430506
0.0037110381048312165
0.003678684225144145
0.0021805222872896585
0.008046800166915356
0.04660639694986573
0.01066632835750529
0.002570612994347479
0.0003740334961959184
-4948722717578222e-22
0.008343554229548399
0.017602950073499695
0.01232711017991702
0.004084236101053721
0.0027451116170588707
0.26252117569401817
0.030451222303804225
45591945446395033e-23
0.042431271711600244
0.024362560022244094
0.040650915490954016
0.04440380233570125
0.006350151459473523
0.0007234312125179617
0.018024371330244787
0.011950792683400536
0.05247313646923863
0.00013993422274018188
0.0015876434016008397
0.01132572239527107
0.024535634061997148
0.010088423144109857
0.005517409742535966
0.189685509000636
0.009764177886473166
0.005769998556193655
0.025352330354184875
0.03927865347027032
0.00021605849164026508
0.013518685958554492
7956706756707365e-20
0.002000275634813683
16723478511065985e-21
