0.003224925251133411
25180776407193124e-21
0.019149910528036516
0.005982430684567044
0.021971506348814566
0.1016306410469323
0.03513542808359109
0.03758971468215527
0.07249624627452922
0.0004930402768932318
0.007295962964002842
0.17028951587418634
0.11261109382605937
0.09044777859811502
0.032357875353769446
0.04398055672056198
0.03745188625919832
0.0004797506864234008
0.010812255511583187
0.0002679723210508063
0.018004350686865837
0.004200631786231318
0.004882983225370881
0.035953778008157675
0.00040351942006472576
0.021540275373464715
0.0002874108970600648
0.0006766991934855625
0.09810069929193217
0.0006478373142614696
0.011012691911181127
817464033915074e-19
0.00019573525616095158
50334003938905174e-21
0.00026763516042250374
