23261131697790673e-22
0.0014711146653047782
0.0027462250380413684
0.0012479379158326087
0.0012779875158857132
0.0026871198913499066
26055932932745915e-21
0.024925774368850063
0.0009371354741390483
0.0015239121997224182
0.010650200690909993
0.008469323234228178
0.006353909091479944
0.05093312547485138
0.0012997303772348124
0.031355788806657625
0.0018917526782298796
0.0015556804152972743
0.013897750749147033
0.001363538249080502
0.021775267165956923
0.022456137837231365
0.0031419479410972092
0.006735871918219629
0.029549484849688248
0.012801196432575936
0.010156487985220059
0.0010265470325460403
0.00763423172519181
0.014690348139044572
0.008822600321663727
0.050313185672738764
0.0031854787056756163
0.02669526844471861
0.006455441078667164
0.012646865165036462
0.0037479850645260756
0.07208444377395243
0.011846627299854058
0.011739139153246108
0.006111859657534039
0.003907970973058665
0.014641988774189488
0.0020981164717246465
0.014686222002303823
0.008232412709056563
0.0006332081425364435
0.019615688817401097
0.0014453757522425988
0.009850563962572877
0.02069597196549351
0.008199738466844846
0.0011217748672974614
0.014684000307638861
0.00758158844492595
0.009176292169031429
0.021197599020760658
0.025827444868672562
0.0018309625378923778
0.0010106546886275178
0.007925170490910707
0.03197496460480975
0.0016571519857632732
0.01698269409311407
0.007629072496947551
0.005438117510287102
0.01320687726083846
0.0006632312181582156
0.001323472378793526
0.012933039234316506
0.025318952108823702
0.005591697505004362
0.03682850702853035
0.027306505225387634
0.007925809305491043
0.005707758579880966
0.000597001649652462
0.0012254042332418402
0.0007256590500416374
0.005223327803102692
0.016904487236307757
0.015800219049017315
0.010373290125641216
0.0005409561598477689
0.024667723525989185
0.008047501613135923
0.001181831198919919
1126998060790396e-20
0.00045534719354688386
0.011162580964888853
