-47329503574905334e-23
0.0015548428104925288
0.003931804690600659
16041309054694337e-22
6293282754028676e-20
0.0005080678574201115
0.0018917206381080676
21944277015986097e-21
0.03166337667469729
0.14902416215594125
0.034506776968912654
0.0014445413071173347
0.0366477415917279
0.0021066788229455787
0.12541546198167047
0.00462719405164654
1950854926174186e-20
0.000959233597450947
0.0015733503928404672
0.004261634909037635
0.053943264747847414
0.01755172979369628
0.019041335639092802
0.00028789774948964305
0.16250453524259806
0.006811206552261013
0.03176755239861351
0.04080410013198286
0.005686868240838173
0.01638910341305304
0.007006671607085427
0.006818288883599304
0.001393947645768108
0.0001747351482824441
0.15648979930594709
0.009323435095251475
0.03146328554387702
0.018411880653121566
0.013721071764904204
0.0001871855023934325
