0.01141676568768198
0.0008039687815169178
0.0025322996715729604
0.000755664829616447
0.006734342531649318
0.010833644940303637
-8462387003698932e-22
0.0009097949344540588
0.026663109983837117
0.00561801048730133
0.3153354306770456
0.02837807922932425
0.038714800864115446
0.003436349586238642
0.007526433899303929
0.005667243699233846
0.1551834851237107
0.004595116590871463
0.1864184868247291
0.030037222889570035
0.007507004697823088
0.04348391761962238
0.03450111819577249
0.0007427314052890242
886829099366676e-19
0.03611971442345889
9373684215957223e-20
0.008884126652335102
0.019087776860512447
0.0017541399262010619
0.006177645473513135
