22330233938812073e-21
0.02164215866314355
48332624924919766e-21
0.002942305751300325
0.006273978266841007
0.002725135817053288
0.013190025592533638
0.057382960846551735
0.007432378595403355
0.010945574164197938
0.01864549218329814
0.18370168146527396
0.0011519413368942706
0.007539389388184304
0.039164162041466624
0.03661806629111962
0.09911454011509681
0.0004658840379008286
0.0004314892233200263
0.0011034725255945612
0.00971520203358033
0.01946493894522267
0.015049917502133041
0.00463120848307564
0.0012616897320642632
0.09311346905333671
0.0021959341714241566
0.0006372914863602556
0.024714869398663214
0.00728482886568375
0.12569836351151373
0.015124311094781767
0.00010665232919849874
0.0001926519695314022
0.07090562913922821
0.04445716001156387
0.0009227155985678731
0.009660295898809654
3157104520950795e-21
0.0053482508346427045
0.0002817443759028153
0.01710704030831786
0.01831263080017208
0.0007948527154212803
0.00026625470452560057
0.00220764076772007
