4546381444234943e-21
0.00773137224198057
0.00499790000606983
0.008461393151595173
0.0012327616050401872
0.0018786623833266802
0.004908886665503718
0.0022550967295634976
0.0008010363173851296
0.021640567914349738
66408112066174135e-22
0.0011240498121750763
0.011375094025921769
0.04232147851728162
0.011116766675438485
0.024287073299609725
0.0027956217053227385
0.00035599902837387933
0.0012664279241719559
0.015158830414885473
0.01705684399247901
0.0024888715341065746
0.02688499170729332
0.01906272818657643
0.009309327156216244
0.0016865631961970687
0.0059885919885588265
0.006312549861660517
0.006774441610532545
0.007699334727396771
0.02194102524201303
0.001910323985749835
0.012160221120101365
0.04319284784931332
0.019995051986668188
0.013385093282455077
0.007963897884425359
0.014732372850627888
0.004223196700982805
0.012559704465187931
0.005228052376706863
0.00630767792893562
0.012924121485757377
0.022662427237785814
0.010666600153661752
0.027929632488038047
0.02735692288913775
0.01864661616320184
0.003718825276881121
0.008570605114966046
0.009999627853423993
0.003985776836666466
0.014562655572068274
0.002677927554602884
0.0045788379087642285
0.017105099598514042
0.015733953508724415
0.000795298328272264
0.021487540522795785
0.003324696041500823
0.0013563092980990571
0.001410170246009043
0.009833134391964688
0.06764828502516482
0.022668142896491016
0.003403198977337729
0.008622250050857035
0.024747703254376006
0.011248486346745218
0.017008475384922082
0.013740299850265453
0.0035554636734636026
0.00843615766787702
0.002306916961223319
0.012940457976697852
0.0069006329687117006
0.0322047321497032
0.0022975158269097
0.010520866752836991
17315058579252746e-21
0.00031470053578409613
1799476471917128e-20
0.009547096151294125
0.011293874159930134
0.03867141809437099
0.0031583634045359043
0.0034991709472655275
0.0041793795169615565
0.010426569754701185
0.0007138381326089669
