4088931683596786e-21
3906907302997464e-21
0.00021207987803199257
8648990591799147e-20
23396116482836303e-21
3986992270968307e-20
0.02073722656537557
0.005754669448039458
0.0015668099399286583
0.009778050374731893
0.009456993980441013
0.05622998309360165
0.0037091680236772694
0.008916451012241054
0.006697071697345527
0.009417621621694123
0.2646041961765124
0.003038695218140908
0.07680280011667047
0.05671752573563648
0.0012692262493658939
0.023906047556608537
0.019400488207892832
0.0007764358467433794
0.06924708187307087
0.017504737672113704
0.06257322782426525
0.03216918351361825
0.08095718070409307
0.03752349091327489
0.09447003283604374
0.014404191408561823
0.003214448631196637
0.0010406495983336084
0.006434575451020517
0.0012867411062404532
25165941391047188e-21
