13332623171463664e-22
0.000865036221168023
0.003594849378333137
0.000710262215972176
0.0009032693239705443
0.0025390560278538516
0.0017269345417743685
0.0007489222582560661
0.001903006368271551
0.01921697899846728
0.01257203168423702
0.03161246991415819
0.011047691911287766
0.003474378778957462
0.0035541969391384744
0.03393754812991183
0.00244029027198328
0.003978304306869012
0.013193312110734297
0.007865744135894082
0.01671838990131089
0.005044525702520077
0.008262484914996829
0.018897887851365803
0.0031401106204852753
0.01052543786501935
0.0038982008681088857
0.013441857139500071
0.005050267233140829
0.005025402725380619
0.012530290150025188
0.01960469972549745
0.0226054785381981
0.018534568955770957
0.005583974591598183
0.0016953212578176208
0.010151369394455205
0.019111986863690825
0.02427626115997083
0.021246583512552045
0.020243540804552526
0.005588763309947613
0.0025750924086494474
0.011330620329677715
0.10379174295635489
0.011019855280536
0.025614953426220454
0.0017685340477674703
0.005822787212421033
0.009209189209474122
0.013667628241307244
0.018267814394678117
0.010545855967767614
0.024539490469557976
0.00524801335277865
0.0032409380135009973
0.0007635630146946666
0.0017680893542240483
0.006843169775465835
0.007859979561892567
0.0006171744210172655
0.0036809058456371358
0.011421553865453807
0.004352673448735621
0.0017703350732411723
0.006579404507333644
0.01277403740473974
0.01005397616069449
0.015836817004850828
0.014096854867033258
0.001989914823666466
0.004543542068487031
0.014398305284579629
0.007012892738137163
0.013590537803626197
0.08508159815597846
0.014598560252457425
0.0017850763104246693
0.005971496047579843
0.0015094939926087805
0.0007677233201935186
0.025457374219156607
0.008234424251721769
0.014804368980474818
0.003966144030944291
0.011071632458771404
0.009682976216631448
0.0009791398687349763
0.0008890191454451515
0.0015417105492139783
