29251371933786268e-21
0.00010345881528662404
0.0025928398002306625
0.000597020824708857
0.011140643141180948
0.013111178583253669
733863673811741e-19
0.01198028078400892
0.014312850628381836
0.16395069300866155
0.09279286156261674
0.0036652748671676524
0.03605402066423133
0.05672181593126471
0.0011311559606258788
0.0005645508722715872
0.007476657682902359
0.06666580658119597
0.00076434454074324
0.0019386902711291093
0.002900848459708583
0.007189920915036047
0.018903210740594326
0.17631626799092848
0.035557844526211996
0.013021077678396819
0.045526628600576144
0.001941806928945449
0.0008784559479103858
0.0012629564711949411
0.09951125336142351
0.02181064979753564
0.021492887726063385
0.0009779605628887373
0.001232051132969646
0.0005205920871188019
0.0088983254741367
0.021271291251217017
0.002440145780660102
0.00978796445885955
0.0007222154682732013
29274700678154028e-21
0.00041065908418501574
0.00018222377746284282
0.005220638649447492
0.000416291215357165
0.005560344636891081
0.0014829285267020098
0.002690720591377507
0.0026184020848001237
0.00354145035890558
1604713040024062e-20
-11837603317255436e-23
