-9933854275884724e-22
24202022076325547e-22
16353177327757266e-21
0.0001598397364299121
0.00016611686287038512
0.0005808127355746476
0.0017599231558284825
0.00017593402162132473
0.00652828179296622
0.03686424694262078
0.0012841203823586152
0.0034238878448505606
0.002597707762189175
0.1932786131110212
0.07701121624995717
0.02715642797803191
0.05159712317268837
0.3147082572635317
0.013435554939737183
0.15912433205489324
0.02494034591805612
0.004547315819425657
0.00013060726340595436
0.032010714968497646
0.004554201697102956
0.004534386756349955
0.006600150866715158
0.020516656770097997
0.00017056114693313957
0.0009314695118151468
0.011193413280321633
