0.0004499066122103861
0.00029952489075885287
0.004974031336086013
0.010946054545716202
0.0008206926945214382
0.012037760698477435
0.02066021546495604
0.009906619933404843
0.006246526662940754
0.012975891403566107
0.0014499989344705314
0.005631035297504645
0.004961526617571221
0.004805656419920955
0.01595210304353591
0.020414387423804876
0.029085031983832492
0.005330871545042909
0.0018692480541712372
0.004748058204540893
0.013052157178869374
0.0011771820770085115
0.009244453625304617
0.0017359778618939229
0.011331835148547265
0.07058647758637962
0.011048229916874258
0.0056503361627674885
0.0097247845557538
0.0153950421958423
0.015118762816264354
0.027154215425694572
0.02275547732573976
0.01067240012013324
0.002995896095298565
0.017801647342468647
0.014179157948034132
0.02596986521852971
0.005489293122739019
0.004941106753507795
0.03527824386899943
0.02005956412102769
0.013105965420010973
0.009817398844507398
0.0037749412777088338
0.006332653362298728
0.013504291419151068
0.008140350939992633
0.009366705020598332
0.009890672348464547
0.023463348181676568
0.013524003999863289
0.007469135436840037
0.04524366008351373
0.001294532360738945
0.0017813175646191831
8027270445718259e-21
0.007919044656822612
0.0026207061148524253
0.015945941107226816
0.01352687492197205
0.011921108781662809
0.007688234837292045
0.022440475281237833
0.0006645249737249082
0.001724793178356737
0.006929725934395713
0.026650596759361874
0.00926445882150287
0.010321089903955041
2056653203621217e-20
0.008299432375051392
0.0028994277117503835
0.01986919441501677
0.008443332357866548
0.04534218697864819
0.012377477454454671
0.012364545757400163
0.0056127570371131705
0.0012006056000907711
0.007004300148901086
0.00753597948797081
0.0028841618579643733
0.0059561134301901065
0.0014663381415122672
0.014112039306748606
0.014609735348805978
2544275799702355e-20
0.0007015811069316491
12955156044406914e-21
