5375505456382412e-20
0.0002409820239839867
0.0027327523400602653
0.0005290107304957031
0.0015079528315227338
0.0027629405246882353
0.010030330350116605
0.00814910102552624
0.04751147084742231
0.010603253347960447
1677374573473267e-20
0.006267485293060982
3074067927423899e-20
0.011868649789583463
12595763435947686e-21
0.003905126003243287
0.0024396244200292844
0.02647593388444262
0.0010433036535150686
0.004345177416625778
0.02303199111142659
0.01115782557990507
0.04851468675599399
0.01396566797648787
0.00548802219215889
0.014805174386169654
0.10222366858267355
0.0030535237048758303
0.10712188667405322
0.007259166427777859
0.0007912560404539054
0.06445393944592072
0.10577427591449443
0.044069985926475354
0.1272277548689468
0.013595226489928053
0.0072469214980149235
0.007725858593731784
0.014737389720263082
0.018299135157254363
0.00702729522542229
0.03544707870879932
0.01050904277400728
0.010100974226687112
0.02918718256966948
0.0020217929181942465
0.0014792928467334194
2534627705743759e-21
0.0011359102921421624
0.01617081609814151
34863521661937105e-21
0.00016137682168738843
0.0008651610230751202
0.0045061472161206945
0.00011629965702671121
0.00016391470063354695
