-590985368571198e-21
0.0014437416005656728
0.0023196117680870723
0.001218695772724382
0.0001540933352402671
0.0016330919182377258
8743417642914899e-20
0.0023109771462850757
0.01224744934914066
0.0009467770228633433
0.02119591404426135
0.006225910421125314
0.047076963656994396
0.08192741689838529
0.26945185235817115
0.04714984321856223
0.017910426431535845
0.006400258827842773
0.37546513669770654
0.0325555921833905
765555317409372e-19
0.007240520844819538
0.013681830342991277
0.01804549533263655
0.01838030699996556
0.0018529158875587879
0.003125499438400942
-9847716413021271e-22
0.0019090298862291203
0.004953044749246392
0.003015189915872133
