0.0031806763836662835
0.0009772759295266662
0.0032782175757918243
0.04308889233267963
0.0007420980921662612
0.046877691673254354
0.033940453225307345
0.0008772909352126202
0.012459440760954234
0.0051719970136751255
0.015508231894180323
0.000248349160751062
0.01481497923701726
0.007790814731147135
0.005983499387419908
0.0011605609570775654
0.040757795749900946
0.014226357213403035
0.23167167265130706
0.024953718343434926
0.18972908395809399
0.10013305315308495
0.0018359959322542128
0.0030175767847500277
0.010960312660715578
0.023902445028377316
0.005388786999965173
0.0005302356146076723
0.10515782508769395
0.006656243627601146
0.007647577809767039
0.004029818126440042
0.00741159116986924
0.007257854153299195
0.0013835524453271089
0.000338389484689604
0.000567552678315705
0.011304352526288185
2235567565564562e-20
0.00018237861181946225
0.004833005223511527
