0.0033680764239129536
8695232559301425e-20
0.006414823365715723
0.021925726576853388
0.0005963056781938985
0.002035845294630654
0.01476819061799893
0.0891535089830351
0.02385599327794035
0.07589695572090933
0.02071118352443655
13324498634976098e-21
0.0003341364579486849
0.010424591880217998
0.010508437422121712
0.09000173843773243
0.17146940643109235
0.04767314825079899
0.023294394531235284
0.02526686390275399
0.01633176699681161
0.16987611893224075
0.0157727722545237
0.017325466491368634
0.12713916324316707
0.004908561540054604
0.001470554814121414
0.0016502638145475016
0.0015420329553715367
0.001108752182709494
0.00030807009783995085
0.0003299395588613903
0.0035605831575325716
0.00046250956278119263
2465768931864761e-20
0.00019241609601878547
0.00019676701097483907
