-40545556570167895e-23
0.0015444452030345082
0.0017920771437834478
0.007412010973699425
0.014513390254314808
0.017424001150241987
0.0030731115696759374
0.010023927413212999
0.005375378177385224
774233939055744e-19
0.19238729704400417
0.2908793128919638
0.00588392260040754
0.0009140454321428601
0.032400497177600046
0.17628425674566306
0.13547434693728333
0.048388644817868864
0.005862390803159239
0.002490053626439364
0.00012421692935335547
0.005886847583573541
0.006638480655821241
0.0022690866247650973
0.00291199583375782
0.0015809823679044435
0.0024821671864860206
0.0019315845601576983
0.01327395183686053
-8441295449964519e-22
0.010701402650644738
