0.0015017238330182366
0.003418141374026491
0.002916960892091445
0.004194949686436156
0.0011300015114956276
0.002739466443233914
0.01696226251082968
0.005465773637285078
0.02141087431911332
0.03336887472573436
0.001740228861765462
0.0006123887314985807
0.023804398509358324
0.009483445015300651
0.01796648138874829
0.013488025135282583
0.0006092385285100908
0.01256634332166742
0.00974133085559713
0.004040046674646828
0.017284632347577624
0.005062646567683752
0.001116609592204783
8515532473280146e-20
0.013459629598497603
0.010312793166870735
0.011417576170119756
0.0040042280872626245
0.017001399540002203
0.01888891865561878
0.004476869367389057
0.01733184147593575
0.08091044634511113
0.004009577380823585
0.0034953837180665332
0.002062160481289371
0.023618688855201915
0.0028717233045279776
0.044647708553875884
0.01984413477400686
0.02014393383036785
0.023594670057528508
0.0012908218596944607
0.0037127755169070135
0.011408233766215817
0.02914348891368594
0.0019494993906668018
0.050880402894401364
0.004916463220714283
0.005365412633140428
0.0035388504736947866
0.0025355187077583455
0.01827975632454096
0.009575893459689457
0.012193413012074888
0.0368330679101855
0.024442838959059576
0.0032651050623109536
0.0010181444828732944
0.0015288064339859765
0.019303914419976663
0.013813056892041502
0.024025626262895318
0.0015160602758368194
0.0012371894813193042
0.001387780595242912
0.00577877811573263
0.01292104949828125
0.0015169480402714103
0.0027740869104350826
0.0011950327300997538
0.002987910433973138
0.008006949207836919
0.009852998328730846
0.007008879392710254
0.006072007132770864
0.019622758843446716
0.00017556285734599363
0.009766974997562312
0.0222187838712668
0.004474149143040175
0.005952945595616614
0.011760659990904341
0.0021246193389799634
0.006407118953482153
0.00023188037497907165
0.023907426362703058
7805752238528529e-20
0.019194010247414392
6608010783809056e-21
