0.0005800829854146646
0.0005044595258187795
6831582917962749e-20
0.019204648002951175
0.005400560835956883
0.000271859863766212
0.0012429038352355978
3525344681325223e-20
0.00015705956087357138
0.002654226064795727
0.24381235544341437
0.017213843494954754
0.005604225600390182
0.017386326600518996
0.0010849220478197055
974499202993301e-19
0.0018900661858266194
0.001275294855782706
0.12486218795579691
0.0003888367818375929
0.0016958927013639696
0.01770042465853687
0.009776686170296003
0.001951922544322419
0.039718805379642605
8138757385222849e-21
0.0185368858507565
0.027056013128328005
0.008602968853600318
0.049433800846525856
0.015285680586859852
0.06724902944990502
0.0037849685552349124
0.0034650964095479927
0.013415323425197755
0.09128548054799437
0.026173607338712396
0.0005296881721558969
0.002003928472411569
0.10632959648422996
0.018424691375843936
0.02719727101821905
0.0029469241283336125
0.0032560914023857545
4021459894674946e-20
0.00039599030581675347
