1050628991370651e-21
0.00031169791265071433
0.002456018925984224
0.0015055426364685904
0.006145695546816667
0.029347866521937983
0.012794723321899903
0.01202162415990557
0.013016220147001113
0.018193303904010572
0.0012607100608652993
0.000980228243190155
0.01760604852906865
0.016657286480634446
0.010329995906308826
0.029622790441455334
0.0011193772624769989
0.00923208220560728
0.013481052659487172
0.002757431243302323
0.01935565435280271
0.0014736593779142737
0.03694824669918137
0.013592636678598181
0.007483672881681746
0.004341806841793106
0.011318989212469458
0.11606782899456425
0.000807418055932105
0.017508427655950724
0.00040587548560637785
0.0025153448780684067
0.007254541792933424
0.017318361477162068
0.010689293780084534
0.002391515466477962
0.00036402785300895563
0.002002967435352737
0.0005335130133089596
0.03092969444724577
0.006718635304067905
0.016735440700020397
0.016821871663336357
0.0031688003595139345
0.0034930796627868506
0.008052694913073668
0.004604158921857874
0.0014631965052492057
0.003568833306174218
0.020634436627032505
0.011326898357943715
0.007489360715997636
0.02957761662308165
0.021513175693501748
0.01658759954092785
0.011587652985984447
0.027846851789334527
0.011278078095464905
0.035978004520893156
0.008381151337777363
0.00903065402300475
0.0004998140838190765
0.013010062923453077
0.0031907170363573004
0.013339194274327679
0.0049455674356035225
0.0012309433777976163
0.021043349298282703
0.010665880460884434
0.0009996813783074289
0.030017136098074274
0.0032575032071987292
0.004428606677509421
0.0009855583748796602
0.0014414814560260736
0.0002629090390126777
0.01130944745476418
0.0024865880734254563
0.001009699525528092
0.00018984314670795634
0.004088457678510182
0.02082844973847412
0.0007967571713911077
0.005243461912346936
0.029353693851264694
0.0016181864273062136
0.007939449165598566
0.003598708418128291
0.020161082302323656
0.004055355247471995
