3761982543562428e-21
6182694221971525e-21
0.0006258609166235168
0.0010493365562547453
0.00035221146524033113
0.005570162213595131
0.0024401936103612912
0.09960172316478734
0.005569769599735622
0.018716129002711003
0.0029904731230778964
0.02146739016094469
0.0019407917306238176
0.0027080683170175356
0.014619223650249348
0.08383482205982733
0.004265048983737752
0.0024142853920573917
0.4602328994029621
0.006604533663512924
0.0021580807844844697
0.12897472908428714
0.007692738297553504
0.01693105548604031
0.001592228308660542
0.030177867950431238
0.009551466213763694
0.05407454610584501
0.013821486782306429
12840733244174156e-21
9256329826820064e-23
