0.001313526948352224
0.01573436009714329
0.0015757661937854618
0.005728444372961843
0.005628910272769259
0.0012619097157705436
0.02146915448271209
0.013976276037299461
0.01345941956538442
0.034233108113391725
0.009863424821986847
0.0018031916179038453
0.02152939849861351
0.005088138605814897
0.015059077735419155
0.17423625714342936
0.3565692130220733
0.04822899503454291
0.017219598956834233
0.008619496846908823
0.05317473103303607
0.07568849234323677
0.03666100083596418
0.00650155084585925
0.003638348724170983
0.000945393359820638
0.016463774271486372
0.008964672601884079
0.015780295704869305
0.0071472797084125616
0.002431591971300382
3419094659304257e-21
17814222031035716e-22
