1943967079745777e-22
8346463374723995e-21
3318137010652656e-20
0.00020163099556313115
0.00013840659158123413
0.00039756633751346154
21263181210815104e-21
8565463248766282e-21
0.0030426145049482164
0.002218484662478398
0.0017542599935205648
0.0032957501129578437
0.008489757340594536
0.004082132640936851
0.036665631987266904
0.004508344434521656
0.07346432728000944
0.08100942685935067
0.015352237342774284
0.001059844459928945
0.011115333182850068
0.06252109289913194
0.04652432716251781
0.010670741411312521
0.0037858936964668835
0.14908488324411157
0.0013538453289238198
0.10997831040270971
0.014464715565644456
0.002341201802556397
0.03209594895398037
0.046405694163366304
0.029692091474770456
0.004787253481203028
0.011583847539244192
0.0988005281290677
0.008036697500861213
0.006504308913685834
0.0015182352108578862
0.00028399666252242083
0.0013281832819156969
0.04000861704325876
0.0015374977688671196
0.008967440632759692
7915147831203566e-20
0.019552556758348664
0.007973714981056368
0.002532778963305384
0.028616278256894053
0.0021028676909027842
