16410979522615973e-22
0.0007985410980414399
0.0003361452640061673
0.010140486957760292
0.015869330631530554
0.0030334632373441232
0.0011635499093866088
0.0027966747430706322
0.013813529676996195
0.001094257127133042
0.0028908920629587705
0.06146027344635457
0.009291658477818689
0.018447453952763433
0.004435064876892276
0.0037357869529048037
0.01959450475382575
0.0058736547733242404
0.009854457561000066
0.016531414260916942
0.024029361001658634
0.0014358593938554281
0.011520663221625493
0.0003301008252566909
0.014054154702818447
0.0031807598801823845
0.01197222877573834
0.0006612719611668737
0.018527260589750384
0.0286489992277101
0.014892824539710567
0.0028137862591337366
0.01069113922051611
0.002536095583284121
0.027693011762359006
0.016082645383593143
0.009567719291038656
0.012418427263601154
0.008432478349405135
0.02485593941306492
0.026118801954811872
0.007482340017731821
0.027976572020003605
0.03495430414254285
0.020411775220040288
0.0363530144737377
0.020696758817899227
33163381828401776e-21
0.0005650580927717478
0.015199769932316705
0.0036477339030631852
0.008156863913305548
0.006351563352926361
0.005042513563620491
0.0022451885876519366
0.002923762563520107
0.0007155663103150739
0.001192978200764511
0.03128771938752429
0.0024059992368965755
0.001397679190687968
0.01829470223120803
0.016929192974868394
0.0008581099094069017
0.017373203641553037
0.004715331855008655
0.022386209402597737
0.008140581796687594
0.011977873653431333
0.028414785424182198
0.004332298236342591
0.004952600692185066
0.0036957708304238635
0.019237183088614926
0.0016006654571118744
0.0027589991787249748
0.008883814317483968
0.0021867344482420677
0.009937732543836222
0.018820207960863422
0.013179364818541484
0.0009900679034358876
0.00020848341627471956
0.0016588386438826763
0.0099025163050754
0.027150683122766948
0.009996359620887126
0.015536868640350452
0.015203998649159892
10187465442239943e-21
