5856872655530489e-23
-9588429007626278e-22
-38290666084256685e-23
4659083700707724e-21
33419745786017325e-22
0.0012070038408709186
0.0002843326858285151
0.00023827019004752094
0.008061590241446533
0.006944893912146599
0.00017333157559819255
0.10211056557710081
0.003741686002774469
0.03542382061866261
0.0005108536386996984
0.015922974096300682
12617879774301556e-21
0.17379560045404405
0.02067292850878142
0.4312211481675698
0.002163360869192082
2250993192059647e-21
0.0013963822377158644
0.10600105451801939
0.01663093817219205
-5248441329197848e-22
0.06541220065744799
0.0024682001354062806
0.0022557387878206028
0.0006793975226395122
0.0026626656834166824
