3596403333723143e-21
3805675043756859e-20
5704510343614323e-20
34324956502058174e-22
0.0004340619017152899
3398945076795945e-20
0.009652705975202468
0.04219020307686325
0.05117766496559926
0.01885994526684033
0.012599487436902016
0.032190810217335046
0.000798009724744264
0.023820469887140462
0.16662283322419222
0.013356355595177056
0.0007215989544912089
0.003423444017350487
0.007893344599221759
0.011987837066894463
0.01997498691659335
0.009182730044653727
0.15107548349596076
0.10132455072953524
0.10244006149487911
0.0012124597090690942
0.08574010896730994
0.11290252725466618
0.006206003213616498
0.0036194895243278785
29267118769840672e-21
0.00027598836509391
0.007977270298688775
0.0007881278105235904
0.0004141178925959242
0.0008663185716887717
0.00010561647873193768
