34333536734717847e-22
34572040949412434e-21
0.0023321953283802653
0.003305292097463574
0.014153789852966683
0.0004675985588545712
0.010089210023841728
0.0010990575006828184
0.000761338825940563
0.00144798493588141
0.0004367280604841289
0.012359433647500946
0.04440704821705173
0.04696216187576873
0.0040870265835736596
0.12557728723070075
0.008696988123957515
0.028197609944725307
0.0002536732865606592
0.027104513776792842
0.009881504341566335
0.0531894013171362
0.010434309699029183
75735516435725805e-22
0.002846058230011371
0.01536322611714018
0.014534955492181041
0.12588381605904547
0.0009105541221795394
0.0023185350640924163
0.04768616841943769
0.01650375951669051
0.040899311924343054
0.004610888175645038
0.16337655332045709
0.022127788469922294
0.011013250399670084
0.024277370357614018
0.0008794083342918729
0.004824913171380913
0.005924459176071231
0.024707359336719525
6484642165479641e-21
0.0016157871142645
0.004446221811412788
0.0025914823660242517
9408373504274788e-21
0.004331725087893159
0.04015479512240014
0.01011089708865259
0.00028587694434075215
2720697286784081e-20
0.002442006614455021
