4188749392549473e-21
0.002183099936143052
0.004544254340254358
0.001150594943649851
0.0010723542667771255
0.0005723724465929665
0.016594274142426736
0.030432616352772255
0.005336585457346079
0.0015583311940128442
0.012401819394148205
0.0018001970194205358
0.028959593301401715
0.0017549261453808525
0.010838590125956728
0.014672805627047446
0.010955009664242125
0.016470763822933023
0.0009452737938664901
0.007526249475758236
0.023558409182379683
0.0016578885779949457
0.012753712692350202
0.009954770135932475
0.0029552887736392186
0.019291350565046404
0.00983379366668647
0.015262634037203276
0.027183681617447525
0.02196829074914477
0.011433336181442343
0.05067403159484971
0.008737673527696338
0.013449545238006655
0.0010508561087894273
0.02672468064561065
0.028480355688200454
0.01943855100150411
0.03181916629939399
0.005364686597182955
0.01041761415864918
53323759804367105e-21
0.008569842054283586
0.014364111885905351
0.016833142244041564
0.007329227681732426
0.004031514296437481
0.006526544869400448
0.001978337091519945
0.018995704564602776
0.01684932379032603
0.007258683801162552
0.006689748548635963
0.0016130446166277112
0.0013659589358961852
0.0027602527661204075
0.0010960664527954733
0.02587696031543933
0.0037482152800377222
0.00669376319903343
0.00024378084310975494
0.005653155628542492
0.025044345927144038
0.0004894873626544547
0.01545580918789275
0.004094850993694684
0.002863342798212746
0.001189535775763124
0.0012134720637569936
0.02125890330996237
0.025712312786898114
0.001772117931392968
0.06571652965275311
0.014094582976127397
0.011130116192491601
0.02046541289696195
0.0062229819505663884
0.0036805173779875795
0.012062695199278915
1047792342177213e-20
0.003975028272696484
0.004257857200395753
0.04405778226762729
0.007484050737447004
0.0059861715979003995
0.01486261561954917
0.0005714177614510933
0.004608194324854902
0.00046125423723517397
0.0009432158097526893
