0.0005667445505584069
0.00040003827943536007
0.0004262722374530068
0.00045677622020806624
0.0010201206168081105
9518526094287357e-20
0.00010096778705493621
0.002960492285871359
0.0017410312780473192
0.009470777772509126
0.01705460875688288
0.00034958157823831407
0.000157494366468187
0.05260195455421032
0.13632414602722095
8422025108577145e-22
0.1009054272799438
0.0008749994366473211
0.0001956964305746087
0.41046273250178955
0.09769393268707662
0.00028011242729966847
0.09950641452417273
0.04749291879963609
52427835554596735e-21
0.006275697916949638
0.002492749384283728
0.009456162910318564
7594973584970813e-20
0.0005072833744450379
46098103835314577e-23
