0.00043637130864991564
14650577980239223e-21
0.00024414821521112726
8193829847933057e-20
0.0009248751402530634
928095056095264e-19
0.0002198091953214614
0.00030307452189082257
0.0008676554159798845
0.00105961184064227
0.03086426994748044
0.01973259036713335
0.0946186658940843
0.0053565948089116
0.019826386189455834
0.026873754730020006
0.00876548517476468
0.0013670366547610616
0.05867686280187552
0.0012397181085305215
0.020943686814082884
0.00024258076941761276
0.3208806276700373
0.06948426819958362
0.04270826372950993
0.024679807664572558
0.03124773261869393
0.0008008857976457977
0.04639995923631843
0.053133198441710015
0.030858693679618337
0.010101406380173688
0.006539871614613149
0.01040307545960217
0.032674709280237677
0.003523020968329218
0.007129626979747942
0.00033492064553484075
0.0021520655282756067
0.0020943282505217456
0.012099428028154148
1533546584382185e-21
