0.00036813235623133986
0.000924132059887143
0.0033441241205728347
0.004757172911076268
0.0008266830472806658
0.02479867113339415
0.0013362823550352974
0.018325456066615082
0.013534975148891152
0.003079694177433261
0.022571211243383734
0.02706656962620714
0.00035871206743646214
0.0016005137176736586
0.0016113476006950178
0.00034076572818059333
0.0029417464184916605
0.03552097697804855
0.01082782951635699
0.00318221188807706
0.06848947818937175
0.03726505188323636
0.059766386745503955
0.013545312987728745
0.0037157505082646694
0.0067882628443700814
0.007065701747294269
0.003295239443042809
0.006716359504971
0.018760396363002158
0.003204006103901574
0.010456996142523373
0.08636834843375105
0.018105928336997677
0.04386827971753756
0.02674740643069947
0.02664214735409823
0.10171344260439455
0.0038467021416540713
0.06887006938494171
0.0013653130609954849
0.03706961090314783
0.011699039007377076
0.0031034562333835014
0.0051809218404097164
0.007822148474249344
0.021734733526362498
0.04151908830727569
0.012171623373046487
0.006065448200914645
0.028743710057041023
0.009536347248731022
0.0019466531873949403
0.013494150657628056
0.0018420840303918643
0.00032556159623915373
0.0038316352671586137
