0.002816418378429977
0.009707297898463781
0.0013798448683472366
0.0006231400212334458
0.003681245440527323
0.005259012443345647
0.04527288479681659
0.010482444392613805
0.007096399425349234
0.004469612401223692
0.0077109854917024965
0.006559206356973695
0.0010892102824291946
0.005250812217849252
0.008058466194835447
0.017394245876947153
0.010579252560112285
0.04759378043808887
0.0005167451261865223
0.055888514178771324
0.002832781207531215
0.01514959048527032
0.0013324989560974188
0.0018681039648545074
0.0229111771150367
0.005438092711096758
0.01932591825127125
0.04028976169590496
0.007197138338323184
0.021010557638892258
0.11098030175859326
0.012828915389394855
0.02547821352961642
0.004241053743999331
0.08822273683616101
0.05387710729618061
0.01747988307137814
0.004694949157831798
0.00033421993566448905
0.0030364602456306672
0.05490269172692114
0.004090845723109178
0.0052910521174826235
0.0026836590569995888
0.05261215889842283
0.0045515925872892
0.0008754220740507025
0.08905850773056244
0.021179344012843885
0.008859129023236224
0.013204311597757342
0.009660760222581976
0.002276308621558801
0.006620315674794759
0.008956163487088963
0.004396587210811119
0.0007611265947786824
6104352073483361e-20
