0.001492136835606092
0.0004406779506505339
0.0018093064172128245
0.004482372533736101
0.019959714696241464
0.017491833025967792
0.02124098425183964
0.009499245167695604
0.00015290125519047443
0.01297001414894398
0.08163151351287717
0.0211939609654712
0.02325405684295645
0.045756850155424605
0.0068425724362478155
0.033979431786404134
0.030107233336984163
0.27361255199188755
0.028784457711833345
0.010571313852630108
0.04254970933038107
0.0007970763525195308
0.0602679933488182
0.02060493420279424
0.07140425984454705
0.10993989675441607
0.028680409763829937
0.017326061386688008
0.002866271827691083
0.0002902583125106018
