0.0018794685667014052
0.0017376499224729773
0.0033921430088880928
0.01828635501570737
0.0004911501614577449
0.017161421785061692
0.0430641416154841
0.031288179828270875
0.026914529927764507
0.001315365465413793
0.002548514118687675
0.008285413838903417
0.03875067489170648
0.012382619619327326
0.015415499040006612
0.036387077558187535
0.025782490245573
0.058092812060811544
0.03615997323613694
0.10427898570545319
0.028575977417132435
0.012525008702854614
0.008582398856249972
0.006443143590940796
0.028367890495020975
0.026225849457038236
0.018043846051527705
0.07309648842529377
0.05758565378056827
0.005658606271078483
0.1255887965474834
0.06573439073963179
0.016359470617087164
0.006488113301550685
0.011442777399864167
0.016323421942723754
0.008997384953246373
0.0003463158386908811
