0.00014233658700497074
0.00017097025324983728
41061609092796855e-21
0.001377731166093128
0.005320232257372776
0.008930645393895622
0.011601884244622888
0.001981452423921418
0.015180993531676106
0.023773729280320052
0.012012169936390473
0.00936129111208635
0.0025591347557667814
0.006554883004240064
0.025189139793494138
0.002168061005451597
0.005079432319356428
0.07931083660387177
0.00088576923137777
0.0047851564520760255
0.007996676097311748
0.0002761316066693357
0.06185438402004932
0.00019361193056642196
0.0032374961370584387
0.003005639969842236
0.04057282441410554
0.01942384457835925
0.0020585235057461715
2267189000731679e-20
9152149744065656e-20
0.0010072536677892267
0.00915260410883046
0.0002662430804308788
0.009727278403064735
0.02171755203972965
0.01324724829855393
0.022261968633866477
0.00346862139108663
0.010548876257125606
0.005815042214152252
0.03780563472929148
0.03416554377718045
0.014980990945236172
0.00098096158857471
0.01046135317561236
0.02797427659684906
0.016672870315599976
0.002718699462461107
0.0016052891553619505
0.05106295622542844
0.018563478548683707
0.011662028137296904
0.005525105188822592
0.0002896330815363093
0.004158257347768953
0.003690848692663087
0.00021830467663412192
0.00022777091582823098
0.0033135032933602686
0.003864779264500104
0.021808611036095486
0.025922167549371735
0.0020482694506724496
0.06482439180732226
0.0013914079794335045
0.007716225601057159
0.012670213085527002
0.0013905898452152938
0.006158086738731421
0.004966897252392249
0.004024857732303463
0.007241001325112762
0.00011152022577696234
0.0057956884681545535
0.03839560670627245
0.04748240200134928
0.003252890969277216
0.0002634526909851626
0.006243607256411509
0.020977911751293817
0.002305181882556791
0.0005810774889153381
0.007011577462740519
0.001929591370171663
0.0010825095058408611
6227986374557012e-20
0.0006796364311402759
0.000823306060367513
0.0005238306399289202
