17614500886470067e-22
9785037335172741e-21
3527251843378232e-20
24683297491173467e-21
47913347429199004e-21
47014339988043565e-21
0.0001154773775748516
6391389436387214e-20
9810831302788736e-21
0.00014666166670923496
0.00012728808198325155
395799463631459e-19
0.00029193636557302125
4179399963025663e-21
0.0004387775288839378
5424322542847149e-20
2282336965496929e-21
3274524913201909e-20
6711352975993237e-20
24934189104964522e-21
9085350344703904e-21
0.0001606450883214287
0.0004338042213731906
0.00012579583335844648
14943024504516096e-21
0.00032328191579819387
2318167014697643e-20
9975841840420831e-21
0.0001353274929034337
0.00028107507221574964
4088904380394001e-20
912231653934145e-19
0.00031619373807569034
8176863766862792e-21
2277093231028152e-20
0.0001494874034499009
0.0012297789181770532
3888954295683796e-20
16299121677706706e-21
30073910333550232e-21
0.000119589387646688
0.00037470481144029355
8072317745376705e-20
0.00039222992235265114
2948368366516372e-20
0.00013413102275228013
0.0002674730440542932
49259013347989154e-21
0.0014232620421639486
0.000867623114865318
0.0005822648573943438
0.0001997664351884826
2802758570680707e-21
0.002558786895992041
0.0007911214106335739
0.00014300637244786944
0.0004082318456446588
8661644820458903e-20
0.0002622979482707545
0.00074045520978835
0.00013198736003925492
35438653080915324e-21
0.00011433436423405094
8729173479853169e-20
0.0002343760049510789
12771040453351828e-21
0.00040102726539529107
0.0010364042583786448
0.00046024231070877303
3338206867154442e-20
0.0005705371046564357
48995671138996545e-21
14544750354682738e-21
19564643361796994e-22
13563199454522216e-21
0.000262995690083577
1376593962066557e-20
0.00038645940131282555
0.00018305576791547427
6288319201471007e-21
0.0001377283449190078
0.0010224852745407127
0.000552338953188791
0.0002668106071193728
0.0009087409355550626
0.0005337515895720399
0.00016189403264855535
21158090440193633e-21
50887787893603e-18
0.001318121618435284
4201329454970243e-20
0.0004658824781399168
0.0019505442347533038
17619751241823593e-21
29966595384160377e-21
23704015959840657e-22
7416163940880054e-21
7434726511498005e-21
5239119984198861e-21
16592354352537584e-22
13563419490400641e-21
8232893637150155e-20
9623294958229018e-20
7141531229973186e-20
0.0003394089973744562
39176515334164745e-21
0.0002660226504410205
0.00014935494444550003
0.0018571877133889245
25788701350956984e-22
0.0007575886506718529
0.00016400403650019621
0.00018505536939905084
6412813803436221e-20
0.0002427584296194752
2326920645944083e-20
0.0001125151161035555
5884527532456798e-20
4285419016824745e-20
6250927421203765e-20
0.00039868541371969877
0.0003390270386059122
0.00030270114497402655
0.00022311226405717592
0.0006495698607287706
0.00011276692914890866
0.0004889543031769741
16927336522282987e-21
0.00033918205951477136
0.000254316452169238
976359752905864e-19
28422425230229914e-21
7917703821316105e-20
6830033368061143e-20
5214680770165274e-20
0.0009129637939919496
49795556260699503e-21
684220205445917e-19
3797912513856576e-20
0.00020569698913384629
3538888477577011e-20
0.0001959388328129781
2474783746389235e-21
0.00017384090567601154
0.00015625363459858028
0.0006708938497884754
0.0005023250138387152
0.0009269296818406966
45910965872884175e-21
0.00039564735597187025
0.0013473231550636762
0.0005286496165192256
0.0008185045329103659
0.0007752440851227547
20443276065337803e-22
13173576286561224e-22
20937949216757455e-21
0.0011649894123465087
0.00036011257786655305
50994278088342935e-21
0.00012814472745688332
0.0001400262191566482
0.00026342231646652055
59826035910072414e-21
0.00022285042786045878
0.000726196625884944
0.000138173772642992
0.0001405681659049795
0.0006099114123637793
0.00033306777066469204
0.0006769401002140735
2317760772894287e-20
0.001112153585551179
0.0001002564552456597
9941907715305774e-21
0.002422024953265393
0.0005894359340359165
0.0011046172047082647
0.0009994003192300663
0.00011325538757372154
0.001076302063618181
0.0012418545376926956
0.00017605320928446746
0.0007084005430826193
4741785646674203e-20
0.0010741913190898723
0.00030629347762417883
6575744136859865e-20
0.00011979471438875816
0.00013302806447740263
0.00010724647312182757
0.0016497939994081156
3399900822332035e-20
0.0002763801171814699
0.0010831258547707402
0.0003995484800912513
14372891285892237e-21
6108261525534233e-20
0.001344416622259959
8656683240862414e-21
3555110816019205e-20
0.0016600030992872533
0.0004275044159214321
0.0009234782789495753
0.00020556809570070712
9910544579773568e-20
8775041925476771e-20
0.00014430086898702005
0.0006714207374713832
7280054694532858e-20
6157381785022469e-21
0.0015339564887871296
0.00017850729772870026
0.0005567184551141241
0.00017186108119018328
15995453009470548e-21
17336226462231232e-21
0.000872346667567268
7189058717105068e-20
0.00035654828803777727
0.0002634889541783735
10973673699062084e-21
225717366905781e-19
34273879279565365e-21
0.00017184101963939327
0.0001261021127039756
0.00011060055771546632
7557265848865951e-21
0.000367186776634704
0.0015202150019191895
0.0003405515658368758
0.0011010310465910781
0.0021061797050559786
8806939122066694e-21
17928231312979914e-21
0.00022569719316072252
0.000547427239785467
0.00021937235000135566
0.00013037185998526765
0.0008271630324375962
0.00020418261023599636
0.00013423806034829544
25077472622229656e-21
1979050185831413e-21
0.00012299315041552664
30527902284193854e-22
52042813842171085e-21
9818937129829129e-21
0.00020171576362278194
0.00012221718224788192
0.000424020320621554
0.00020325680083207418
2710741069996135e-20
6262203530492616e-20
0.00010269260204210517
7678623893071444e-20
5393123713588284e-20
54150983057081825e-21
7455330569882075e-20
36702451344134215e-21
27051965327061578e-21
0.00022631848264243157
0.00010343579232925544
13062981041848147e-21
5075354009620175e-20
3614604791796222e-20
7214810761069455e-20
0.00037357415860612026
7346088312659122e-20
0.00040526789112815543
0.00016656250883051693
0.00011978853025223413
6236622989613996e-21
0.00019493101159585052
655366870505066e-19
5246069548164919e-20
0.0003452526524076207
0.000332104782557687
9480467305401799e-20
0.00199662475998045
0.00013171198421188957
0.0015299152199698331
0.0003182543722103638
0.00029285632263978195
28955014161530946e-21
0.00030133892806835346
0.0006492585427844143
0.0005683918674723994
0.0027484781882131724
0.0008736777008665838
9346683352454562e-20
0.0006394432437613369
0.00015257303051148627
58987010134354845e-21
846035008210438e-19
0.0002648833996411718
9597284034611779e-20
0.00016483640546627754
0.0005894686861444162
0.00014064109288901806
0.0004063298504385848
0.00010986203862167934
6012181318179727e-21
0.0005909455995663289
14046529852634572e-21
5709322114924026e-20
0.0003129926944696153
0.00026983855617430475
8486874902472811e-20
38824999589733224e-21
0.0004239464886894608
40844857816971614e-21
0.00025504417993443975
0.0007310393471912363
0.0003165111527614317
5456542378385464e-20
0.00017848627838936256
5947880144783832e-20
7556906014881977e-20
8489766662004187e-20
7706722506407098e-21
5634009192990419e-20
0.0001158510825691458
0.0003839091119494567
0.000513546259130449
0.0004279433844112976
0.0006610932636162604
0.0004226943132300435
0.0001312279312627241
0.0006471101670332302
0.0007190997135725196
0.00011610487958762967
0.0007048382758731967
0.00018615085936715
0.0006547547601929503
0.00030760216573624805
8406205379288608e-20
0.00014797406276022965
296734034939137e-21
0.0001613306017993955
0.0002721810654707285
0.00019732830445487784
4059768207090238e-20
58719009958430014e-21
28219414115206684e-21
40432213100037726e-21
3298427791552733e-20
0.00015774380972322698
2187121387390255e-21
0.0007259376673781847
0.0004989351504759657
0.00020524861288563094
0.00026130231330642956
0.0016144473151518306
0.003610072603763788
0.0004206537005379472
0.0003078334352418892
0.000909223592837838
0.00026928838979019726
0.00045382424108926506
3591425416771727e-20
7477089252491509e-20
0.0016560351261725999
0.00029183832064787066
0.001632607767457649
0.00010782488809526523
0.00012565046756197746
0.0010709227536997564
5761133142647186e-21
18992093467483794e-21
0.00010752064420455365
0.0007367018972796391
40756179033799424e-21
0.0010194124602869359
0.00019842382060792735
0.002300897424990639
0.0017528243471849822
0.0005985876000690758
0.00047312792672640416
8006356217645136e-20
0.00025528495175096503
12903935350614956e-21
8045517923869115e-20
11638759049762377e-21
0.0010494411992730038
859141090583994e-20
13379448250881488e-21
0.0006873081937651831
0.0003919219632030793
4939779448545656e-20
893601753527746e-19
7211604842667142e-20
0.00022882959325658706
0.0020109730110678473
7175888516765991e-20
0.0004581211272308251
9800674409651613e-20
0.00011048214791840001
2663433938227871e-20
6149395109805527e-20
12198807300669257e-21
0.00012255806428960883
0.00016159396948562415
0.00017999836662551375
54786532287255616e-22
5689100725705594e-21
0.00017375453313675016
0.0003680726607783378
7698848713829831e-21
0.00024852022189676275
4577297224208968e-20
0.0006054490390589724
0.0017375116761195102
0.0004502532065272192
0.0008059800877751736
0.0011130496357529913
966628072705142e-19
0.00045952306078325813
0.0005101658426784561
0.00019971353667721785
3535811682572287e-20
0.001226131780147694
0.0001555899059123595
0.00022668737235318105
0.0010870986331858578
0.0002509998072807786
0.0003175670440628485
0.0018171123088286472
0.0003768470255007751
0.0003553318923819568
0.00024322784865323354
9605897132057828e-20
0.00036082228089498946
806032979998446e-20
0.00020192767283997316
8000820379857303e-20
0.0005468165549041608
0.0008780817744043128
0.0001900374296335008
0.00037859858923720987
0.002430758544006597
864038545192547e-19
13035459122127049e-21
0.0023709955766229728
0.00021442143185267356
0.00011967904347881896
0.00012095157181311456
0.0007261478462367726
19772293121613343e-21
0.00040528860211516254
0.0015604131833112929
12549296659990228e-22
0.00551479043108822
0.003137907174016827
12551520078953587e-22
0.0008419677870255737
0.0026792143282671783
0.00010164762205809453
8249827235496534e-20
0.0013742216892789082
0.0028867344404305733
3130230499709029e-20
0.0013593568341635108
0.0008496263562430835
38316406839801855e-21
6757580504715692e-20
0.0005130743312246869
0.0027942062352237867
0.010009440622680381
0.0008594142587602669
0.0010039481929203667
0.00021850840069143607
1766575281947932e-20
0.0013976725188792841
0.0001127563226282455
0.00010226795624650585
0.0008557296305696656
0.0007615659733154198
0.0006462984185382249
0.0005513828694032625
19720649795227677e-21
0.00021900227141457627
0.001843835054814276
4137128579552536e-20
0.0006069598730244081
12106585006727616e-21
0.0003015391138822113
29339202934656704e-21
6004493249440656e-20
0.00027391981232972857
0.0016419625459830403
0.0013355061523747317
7022947539099516e-20
0.00042109516311932086
0.0004992583049628999
6622372888454581e-20
44998936473496255e-21
25310283998777393e-21
0.00011990731389765422
0.002908670201558239
0.0006155830653418798
0.0015374899774836157
0.003928468290065413
0.0003581769926692273
0.0004962298610846942
336592257623359e-19
8459063577516205e-21
0.003704124087329074
0.0003008968572965916
0.00048310029071592944
0.0009553313699714823
0.00022159147489993257
9018467965807158e-20
6523373894702027e-21
0.001193394318052416
19372941347275663e-22
13351188973032994e-21
0.00011674970847834267
9834708684066759e-20
533676712900101e-19
0.00025132703052836735
0.00012981788264234033
5939099507336821e-20
0.00018533003783677816
0.00013031136212882831
0.0014695857302796061
0.00016492951785635406
3766763475614846e-20
0.00022422767248407496
0.0001972992363345155
0.0001942310734536483
22479067313596435e-21
0.0011580395820783092
14764034970924459e-22
0.0002807191416150499
0.0016307227578853593
8654958605288392e-21
342462915276388e-20
0.001165017689433708
0.0006828902892996765
0.00022454510857169467
0.0003464219869274682
0.0003236207855171469
0.0003075644980916894
0.0002684117088595946
0.002595021717392024
0.00019854507595171156
0.00038738201173752683
0.00015563240751797876
0.004289491155167404
0.0002469422726037654
0.001559343448039016
26866993137828984e-21
0.00026208019866280483
2416556965324639e-20
0.00032857707103471097
0.0015783316743560683
0.0006213764602042954
0.00015800977751703253
16833382493166907e-21
0.0006221167994441511
5512813537099627e-20
0.00017910005154442903
0.00010320885423807702
0.00013396832221525813
0.00034295522473892017
59193222266386855e-21
0.0002793201198278418
5815606369111266e-20
0.0002211768900623417
0.0002876471347836672
0.0012491147094689976
0.0015966994532915968
0.000528369225410335
0.0025817437493884598
0.00021085348333946082
0.0007577542381249824
5551653418355507e-20
0.00021644740174936184
0.0024483585323694652
0.0003083437477029931
0.0006237880213466464
0.00042761043295881223
0.0008177144286274514
0.0002526619451059946
5736094692996311e-20
5782776390927955e-20
4274816976056789e-20
0.0004569087033652454
0.00012316980848325686
0.0001327847003110869
0.000289754760929949
0.0019884692459839213
0.00011302520297660392
0.0015278566991528963
0.000536492577246598
0.00019110658925832724
0.000495323102043676
5650117290643303e-20
0.00045684862489598575
0.000338832779845175
0.00029597054988675267
0.00028652228960946444
0.00018015247415287126
0.00024733494855833137
0.00043055408731235725
0.00020182989818893848
0.0002637741420724285
7102190009260295e-20
11786606184966623e-21
0.00030198120646557467
8975787706780428e-20
0.000516972052170288
72280543336973e-18
0.00014486784248364122
0.0029483683166668996
0.0006217635245310264
0.00017781966978412358
0.00036851388954346217
0.0011707051952832442
0.00013919673682612096
0.0012004727548638903
0.0006572676507712035
0.0040736373923857564
0.0010628698242790638
0.00011521472893478155
12372983465311711e-22
0.0009122989403975322
0.0005237953886676061
0.00013791327700636701
0.00020757300361449847
0.001628497095029323
0.0006686789714665945
0.0006403051549587155
0.00023362220218938913
0.0013873211224568595
0.0001610420456371298
0.00040842225162104505
0.0022662555281634245
0.0004401660119716465
0.00039600601461488804
0.007072064572136638
0.0019331002850835784
0.00014438634901460098
0.0028788560801262016
0.002704209667863601
0.007458322191690816
0.0008298979950659882
2615630719015402e-20
6796525790299287e-20
8374538605030937e-20
0.0014265792117781218
0.0030466350816628802
0.0002198760982662169
0.004737758729174555
51443210535616314e-21
0.0003765936692886369
0.001309059717591439
0.00043949271845510025
0.0011911691774932098
0.0002909151405846451
0.0004372740227968124
0.0005367603078082605
0.0021786545790864194
0.0008270463923252627
0.004728448834833643
0.0006915649751231417
0.0007897752965423991
0.0014795570814915844
0.0002360411288175238
0.00017234039531168383
4959739758024302e-20
0.0002007777087938216
0.0003839519646255798
0.0005049003919663338
0.0005884862958087993
28089451495383315e-21
0.0004522058808246963
0.0020469914859905162
0.0011585271321198777
0.00031452738204939586
7677613986636351e-20
13592556793006534e-21
7475562451149705e-20
0.00032389760506003074
0.00026714451542877434
0.0005259619109477695
0.0003686828072660307
0.0007957409096518341
5277861441295893e-20
6970162310762732e-20
0.0029758227458901347
6085928446219822e-20
5010122105096081e-20
0.0004303893300942281
0.000962417727844898
50166193894307715e-21
0.0005096130288466437
0.00012552895254484259
0.000673150036646676
0.003092299151691522
1997004431485833e-20
0.007517084595177761
4709194625982256e-20
0.004046139009227637
0.0029790796556732864
0.0009689635920903079
1522765610200665e-20
6696450396495338e-20
0.0006511794001767326
0.00029246401256525595
0.00032825404734919265
12783657895459388e-21
4095453064067046e-20
7061271687373366e-22
0.00010092556486835954
6200916400589416e-22
0.00026382245318434924
0.000407210639403527
21365106232492952e-21
0.0001250244629909099
8484505807498596e-21
9488469666999168e-20
0.00020227556411956684
0.00017084822815032378
11547868221663324e-21
24971596196923463e-22
44840754664507905e-21
0.0004000021043567418
9963376739066145e-20
0.0005783126333108967
0.00019930046361319663
0.0005690368548122537
0.0008557489887278855
0.0010684112368671067
0.0035225547082513866
8789144607345837e-20
0.0004753964777246581
0.00015553325326881962
0.0003275396493929515
0.00010007024765530349
0.00047241293656876743
0.00012449026005442322
0.0001987861495942547
0.0005278819234574072
0.00014198959658983528
6923317758670496e-21
0.000186525643831086
14713522362301015e-21
22456648271107293e-21
0.00019134152214722054
40888068346510735e-21
0.0005290523443735503
12445029657925926e-21
0.0008637731509990091
0.00021153207285544662
3678530315362066e-20
3477461298609602e-20
0.00040097134880405836
8427612713888102e-20
0.0018804182628828939
0.00036408066258866565
612608068697887e-19
0.0002801252830213584
0.00011716138466546583
2044310817290655e-20
0.00023918132208912833
0.00011893883681702331
0.00017573608286124547
1680945219385371e-20
0.00012229742977404296
0.0004734396011461626
0.0006283768315795851
0.00012526614348379292
-8504951545054099e-22
39595737253784616e-21
0.00018454129364879555
0.00017728054035155548
0.0002868536795525902
0.00024359848573315314
0.00012031341251487337
0.0006665353934328382
0.0011517888373440252
0.00019982733134329034
0.0004924572648857319
0.0004799408143925166
6217274895594452e-20
0.000191422339409803
0.00047852030557046885
56749882489575585e-21
4580471094513785e-20
7094964787924381e-20
31338565379631896e-21
0.0009799454264843301
52254886150546474e-21
0.0002665051655794073
0.0042804495577828915
0.0021766712206362213
0.0018236084278253815
0.0005784094801762257
7559103743445429e-21
0.0001963661278311365
0.0004308978536187311
0.001991999812267488
0.001150510928670892
0.00022341719939238228
0.0004067843793644936
0.005784953792671303
7238073458938357e-20
0.00045190769030516116
0.0003209426360321425
0.0006337736917087997
0.00039240928034902793
0.0030943745632209907
21373582327945667e-21
0.0008811375735213861
0.0007638049873994664
0.001240072985331721
0.0004587003594674813
0.0024782863742875867
29914472366297975e-21
0.0007900321610649313
0.0012360784754095163
0.0018829936093908853
0.000550159738902642
0.003246406121723051
655753905368693e-19
0.0003451793543132092
0.002313162723951237
0.00015483751770504516
5010207391473804e-20
9823055486433518e-21
21854954762345225e-21
0.0007782646330380512
0.0012761256574226581
0.0030780016351502106
5483975467407573e-20
0.00021790321658875423
0.001563326942277338
0.0005153620237839396
0.0001993746336540173
0.000906369959314031
0.00019395175952503554
0.00039718725073560086
0.00011658080043767018
0.00025829672228159373
9512954169257568e-22
22592468260710592e-21
0.0002236604787398816
0.0005001200702238408
0.0004365390777582642
0.0007440946265909077
0.0014280529549349772
0.0019455720671011627
0.00010527506764236985
0.0002419672597728865
0.0004956809053953696
781850915288262e-19
0.0005061133589656522
0.0003662400085102715
0.0001318633034370286
48130885248428315e-21
0.00014478144239589834
0.0016352315984532186
0.000954082443906045
0.003397512038039743
0.0032440696908760777
0.00014851811519075067
4865295303746012e-20
3820679745179779e-20
0.0002283810932867303
21515967207146064e-22
34535401432817055e-21
38185254364403436e-21
4384761202031091e-20
6228183628720368e-20
0.000198910077518569
0.00013201160688786222
0.00017123429599299935
19954091602947523e-21
0.00029870366871688833
0.001128394147485458
0.0001494973846506666
0.00018609456687733678
0.00012757838700192084
3112560906703271e-20
0.0008954506563783637
0.00037462200671574164
0.002024569208309186
33263096713600334e-21
0.003368551757325104
4168876000063294e-20
0.0011134964662535551
942071666395879e-19
0.0009708918892624782
0.0001394566177510115
40856164817630596e-21
0.0009139053346635678
0.00022762023370931844
0.0003485852160076238
28511909732188922e-21
0.00016276630417525284
3873639517835472e-20
22725015386677043e-21
8218968996700724e-21
4579763047267062e-20
3525598885548695e-20
0.00018829313110116011
0.0009559975198744671
1094772940296689e-20
0.0008694532434091237
0.0004604325103930655
8489416246546406e-21
22971837783299468e-21
10342188254494787e-21
8586140716037532e-21
690774764066262e-19
2171634748155405e-20
20735353015157332e-21
4248949734150056e-20
3095623190794177e-20
0.0008146782002346661
0.00013056363017242186
8251875366995786e-20
4505768192667424e-20
15465187797294925e-21
12334597828512918e-21
1365405795542057e-20
7606004312985718e-20
0.00014353189511069712
24880129232622703e-21
0.0001843080771593162
0.0006328237274406932
0.0012684502748923625
0.0008691970438193088
0.00010253637146132347
0.0002683826673890052
0.00010823003846154803
0.0007275206016164175
0.0009269885635252406
0.0001972051834465258
4468394765956822e-20
960487136824967e-20
25761782384716556e-21
0.00018168938744086088
0.00011001241759107378
4533146237642089e-20
0.00042110112406705937
5554136046107352e-20
29682817467473143e-21
0.0016573221971626195
0.0003897957974674342
9792675143919345e-20
0.0011241421957914094
4449940237415178e-20
0.0015001264116593707
0.0002490614376340801
9853249199308154e-20
3953424780292752e-20
0.0015119660753209955
0.0014994774564517132
0.00013523183517974237
0.00033350578157586956
0.0013325830427690676
0.00013440955601873007
0.0002909470334065856
6070192546037174e-20
0.0008203250598059062
0.0003255355064791194
0.00041897908206357744
0.001894769838824136
44773254142909645e-21
0.0004997562583657049
0.0006334635251176773
3576273054524475e-20
0.002635866117207004
0.0003194581696395062
0.0012262775850555648
0.00021725135241986733
0.0002819674580597782
7633392788704137e-20
271951863811636e-19
0.00014212703546451623
0.0026428257897435845
6153184622815307e-20
0.0003241279978952525
0.0003184748805552526
0.0003624311140800178
0.00013362921968864235
0.0003793189162344056
0.0008870412435712495
0.0022899767859153996
30753361949054694e-21
26558949595401246e-21
0.0001938353690286911
0.0005321344980259479
0.00018247840867438553
17784999884211987e-22
0.00024311674540974522
6075135912382711e-20
19159690079491472e-21
4231270786278985e-20
0.00018850171784446962
40981729985728785e-21
3651802762705409e-20
0.00014839927976423217
0.0003817773602353284
0.00023703606133827326
0.0002864564200811735
0.00021695171434313518
0.0009484607273517057
0.00017865111306747367
8943758484057845e-22
19677967710732e-19
3818369680152007e-20
0.00022301063509587942
0.00017738039985364654
0.00026245877147712413
0.004426946564348677
0.0003137826456821873
19132638799888673e-21
638499273918417e-19
0.0006671047922136997
713299944275988e-19
0.0007427731004100244
7109847130631388e-20
54679449763120474e-21
47828480113760086e-21
4843837222546139e-20
17307272798408712e-21
19141687750869494e-21
11715187995260822e-21
49470631015348e-18
34008084926795025e-22
8971920352706319e-20
7092657255124678e-20
12225220089936343e-21
0.0010023656012946931
0.0009155768855700453
8635447923134824e-20
0.0004282917704219458
5957767616077053e-21
0.0009678821633223067
0.00047971410353332846
0.0017940971863572917
8673405734648298e-20
0.00014652899884001237
27367764631929063e-21
0.00042226522882535754
0.00012894460234112682
2300671915563181e-20
3123043356801641e-20
0.00021805626935666336
0.001538443927366834
0.00015125120309386316
6686536086059307e-20
0.002579281208797865
765264337170212e-20
17561223019428896e-21
42101137170786295e-21
0.0018402825023050658
14898353213983758e-21
0.00032557685375244624
0.000532181685324671
5425722565795726e-21
0.0014476036829738862
0.00010158900665326383
0.0006073708809657139
0.00024778562242967625
0.0011887293269250763
0.004026077658459008
0.0009799635100682905
28146464173952043e-21
0.00010286441866656436
0.0022356487535139143
0.0002897192477516055
0.0001314753908470884
0.0014427113715086005
0.00013973452112434393
56394098153356735e-21
0.00010947635413957648
0.0011079144488687423
0.000243924273384915
0.0008346830666542928
0.0004679510877430602
0.00010858429889145254
0.0005957120169449606
0.012777957688541192
0.0027905693568810257
0.0020327541264647544
0.0010184542553059548
0.0003846533083774754
4220008315835644e-20
4087815652661307e-20
0.0004894110404612421
0.0013537020802037558
0.00010961190233486514
0.00022368415259999935
6447190548867873e-20
0.0002562848076061241
0.0015418111373389257
0.0015783747876301493
0.002320390051211028
0.0005436514547948847
0.0008748656051114589
0.0003645558088100008
0.0010081434081318633
0.000629550628722767
9465019735297574e-20
0.0001137526260455879
0.00014179897434663574
17774360158663997e-22
4364534977446536e-20
0.0007343879720655291
0.00013690453970852787
0.00020019778912994959
3511534509405914e-20
57766500284303915e-22
4368715817788896e-20
0.0018424151508304957
14891345669583982e-21
0.00019367943263116252
35174520547116505e-21
0.0005806787277971319
27773619282868807e-21
0.0002329975252325018
0.0001882007252158772
0.0030452692068373057
0.0006171501606148475
33232277276009766e-21
742128375004205e-19
3187993595400516e-20
0.002730818888584855
0.0014729467402533976
0.00021046097014878264
0.0008022718853804723
10426460316204475e-21
9693299719640389e-20
0.00021125720677625097
0.0002039834901109849
0.0005570923290149602
19403478057324996e-21
0.00013438284484850363
8362107342304052e-21
18523149047017782e-21
0.0002875001337844913
0.0020337607314505337
0.0007991817868964088
2202071946314952e-21
0.0004892700077762722
0.0014834317491591383
0.0010893243171789851
0.0022494747796300454
0.0019419258176252127
16733375253869215e-21
0.0008331322675480495
0.0058421093789804346
0.0002281828010339539
0.0005113430554183469
0.001296777931196424
0.0004128668871903495
404989913658725e-19
0.0011242948217666743
0.005119406400583553
0.0012144442125806496
0.0006747368994174971
0.0001224923027826635
0.0021033698304130173
0.004147434948449643
0.0006106728176875293
0.001898543024417718
0.00022359434530172688
0.000275402100272893
0.00041249741241229036
0.0008825203862335133
0.0026051707781907653
0.0010515642733487894
0.002780014771445657
0.0013335343256778945
0.004418156343253093
0.00010138975918698948
0.0001348818895135752
0.0037882206691472148
0.000911010259757332
0.000841654444916387
-8378784675556606e-22
0.00015218271210602738
0.001689039736201207
40117361775954526e-21
0.00166725736352867
0.002091219084211204
0.001032852922463623
0.003377930650461559
0.016089951750788267
0.0008092336985777958
0.00017741699218978184
0.0005485467351412071
0.0009427912322443159
0.00045458009837229946
0.00044032491261865835
3249748954044604e-20
0.00022910699731365787
0.0010904947101543529
0.0024146489736950392
0.0008717820732715392
0.0003581846379989183
0.0024835461235775515
0.0009105291413610048
0.0004767964485810313
0.0002263826358492864
0.0007745903865508672
0.0015697107875673464
0.00030712577769005623
0.002465228433902998
9965154334348122e-20
5033785572239185e-20
0.0016827072616250461
0.00021933514968613545
0.0002939617501135191
0.00037306331701555696
54754755535609524e-21
6424688599775701e-20
0.00022598258252519424
0.0007132047899168844
0.0009108670693459479
4371148218728277e-20
0.0019524773054967269
0.00018979915746609842
12945717432170167e-21
0.00024161484061256417
0.00019190115231625468
0.00011490712868558251
0.00011398659892668428
0.003661782198643303
0.0027965357130352326
1723410124767601e-20
0.0037831394431661817
0.0011519571029373803
0.0025358008284394784
0.0011857120834459854
0.0009019495858016693
0.001425341921330561
6231975584306217e-20
0.0013478003742117748
0.00011726638243541172
0.00010403624366369392
0.0033383163146364562
0.0003347968168286581
5435484867695612e-20
0.0008033408261698173
0.0002669436875534105
0.00011096058719058634
7339854496006556e-20
6618788484449694e-20
6301076842127384e-20
21357081421836445e-21
12863882855235318e-21
0.0011147217904335423
0.00037843919028360094
0.00602361430514474
0.00046195900289734796
2595461814408854e-21
2844407627885409e-20
7058955056488571e-20
0.00013167413636483007
0.00047574222067095387
0.008457205817148804
0.0005697938664942892
8793570708998227e-20
0.0007883366979218557
0.0010868987143912866
0.0026847686633017405
0.0026658039469990087
7667918429934788e-20
6904908278447339e-20
0.003465565663179171
0.00025814603491037044
0.0005960790203861826
0.0023372696266937
0.000126782369242288
15081845189010508e-21
0.0014144596469501118
0.0013945771210288436
8083044860453934e-21
0.0002284599513264524
0.0017141513928607562
0.0007786923102888383
0.004410931811979099
0.00161566700315849
0.0033996047262442645
0.0006987882342699324
0.00016154774654483404
0.00014808350956923945
0.0025318367130291305
0.000389435033150713
0.0015155668335865545
0.0001149083430114024
0.0003223691295736412
0.0001231917039184959
20903860392549778e-21
0.00013723979347080544
0.002657996888758055
0.0007232996632438427
0.00021738344355971072
0.000548777962401018
0.0074603113266929035
5409967895346757e-20
0.007028218253430381
0.00045261626440863765
0.0004116473673046995
0.0011375192723812302
0.00026905403490485983
0.0014604568492353669
0.0003591200815421327
0.003824326028938429
0.0008142829131216581
0.0028273928046661247
2606280801135016e-20
0.003540480029873105
0.000283145786621754
0.002612165553842627
0.000948854000774553
0.0016010096444622072
0.0007156682652639021
0.0015899257251476141
0.0011509407422155152
0.00023752987579222403
0.0016491332962258398
0.00021594054627592263
0.0005060986423281759
0.0001362454668300937
4257499617932707e-20
0.0001914815040146131
4041126419539842e-20
0.0004279244919052562
0.0009591331020380873
0.00036528306247825276
19546469896944925e-21
0.0005346948091397249
0.0005030542688432925
788595423470912e-19
0.0009866141241343317
0.0004901997692731996
20592939753299314e-22
2155555692437263e-20
29820842382512736e-21
0.00011985754376478308
0.002585933220170137
0.00011759305488524599
0.00017729520387292478
0.0033799158403524207
0.00010048061928285903
0.00025806024814578827
0.0003522717883960692
0.0019511260183386347
3206385801031397e-20
0.010258741324895859
0.005517577743175885
0.001693857148804994
0.000920581913986052
0.004922432001328563
0.00022200525724054066
0.0006210786523667179
0.0005262382519727398
0.00032404324906881233
2965196019878414e-20
0.0006040407737212876
0.0002673584089034962
0.0007999399285102482
0.0015647708370659513
0.0007917266223048152
0.0002865139852469104
0.0001674843893795548
0.0016961982999615668
0.005771453152085581
41060741728491036e-21
0.0016780815414650287
0.0027520144954605473
0.002399503151083696
0.0019496770146916996
0.0005994607909265753
0.0003660672683894135
0.001912401687238615
0.0010414894097760185
15833129842770158e-21
9629565405266091e-20
0.0004547087100195626
0.0008148542726774481
0.00036419303118441916
0.0004129586909695296
0.00033516475444022513
665635065555192e-19
9882125583650246e-20
5994430933203941e-20
40790531961611006e-21
0.001308304221163955
1641646563472534e-20
0.00016395385800344078
0.00022559559786391241
0.00016962652486443463
8401720120381171e-20
4571123567201731e-20
5145263036788388e-20
0.0003702357132355689
0.000554324822160791
0.001983033077922274
5238741441128305e-20
0.0005636012157423032
0.002473837038891345
0.0003544222043964536
0.00015874929967413267
0.001164495120999417
51072914507706604e-21
0.00046264648251818566
0.0020513307431203245
7907205225619456e-20
0.0007714498219946244
0.0007894949970423008
0.00030712169613671895
1815238789636973e-20
0.00014399662946714488
0.00032895282315321516
8978015518104085e-20
37332669317573405e-21
0.0009534185162849067
0.00046853015759091356
0.0024142154553782233
0.0008773736225110515
0.0017919887310764988
0.0001738584224613308
0.00017041518840473898
0.0011565203762588508
0.00012140518329118252
0.0012805731637431125
4636806651286549e-20
16429291173333892e-21
7833409251878336e-20
28827026324658863e-21
0.000391992145633438
18575660158287933e-21
0.00031751819234575524
0.0008735949415781647
0.0003237068272011163
4478199520698758e-20
17647247187723285e-21
3225389469744649e-20
0.0006598523883515215
6619415336309997e-20
0.0003323210027891131
22421258818571095e-21
0.0028857879995493794
2673437186029049e-21
807056798155692e-19
0.0003187866818506002
8972665059516368e-22
40591196777000556e-21
0.0004345232889544447
0.0007489239651241573
0.0011148245992697288
0.0015892610846137154
0.002204643785772111
0.0006462043080268458
7521872213456031e-21
0.00015624914264736055
0.0006387872605195649
0.00018689036681872968
0.0003428640062047141
0.0002058596099596367
0.0014906842564918405
0.001152004539980373
0.00018556391112047616
3932775009423783e-20
2303549811975305e-20
12290849961153193e-21
1228641120042365e-20
0.0010593830956092034
7285922094037743e-20
0.0001640766162112186
5732860550285128e-20
6812698161625402e-20
0.001580937244798099
0.00013067767872592515
28129594787042183e-22
0.0009424598454177115
0.002446126244153477
0.0005004614988384458
0.002574630979403375
33366987207762774e-21
0.0019103053878080072
0.0016941385569741187
0.003328939219250375
0.0067030927328396136
8575611908229551e-20
0.000270786422046515
0.0005122487226963691
0.0006066569304244394
0.0008431870490424977
0.000855236614551027
0.002043142998202301
13272353124613825e-21
3259109370312437e-20
0.00010287707159470161
6309426855205175e-20
0.0006207214438203421
0.00020758919215345254
10268691630872191e-21
0.00014506994986801858
0.0011137972538831867
0.004451498436681682
6366212509882373e-20
0.0019759003868316453
0.001198462071501362
0.0005133534769300351
0.0002344940163456346
0.0020481230713527616
0.0006596445203211303
26375332511470375e-22
0.0005843905610936902
0.0006690621071109466
15758197829974337e-21
0.00021145789561050827
0.0009315893350095399
5910587970350255e-21
0.0002568156868828447
0.00032032951367765684
0.00010252791771527644
0.0011441447799835798
0.0003479173039541629
0.00014087980986896752
0.0003399208538032132
0.0007052454836752052
0.00037238946172017033
0.00028848091848247083
5525348449535196e-20
0.00021164728011975506
4147489528991011e-20
7479972255853492e-20
0.0002605908854224397
0.0001505095522527578
0.001246566626217312
0.0008671257523402163
0.00036925618199315236
0.0007187165279703896
0.000564376481685417
9798975020114145e-21
8042884323800496e-21
0.00040198035225469137
7536006109532298e-20
6524945373787397e-20
14736032949428697e-22
422832601352967e-19
0.00010013360141945377
0.00035788434578230355
16039602618964176e-21
0.00011411426540416712
0.00026150031565054055
0.00023063336636357755
615064442003652e-19
9039351776565523e-21
6867012505842311e-21
5841396479749422e-21
11380316745516711e-21
10513715422626186e-23
7851681646171786e-20
13016559258686059e-21
4933305036726788e-20
24898800447230712e-21
44926705975988935e-21
9030595325774302e-21
9550596539745995e-21
0.00040571302921184354
0.00020281552952663176
3440948481983095e-20
22412767488279505e-21
9991198893400065e-20
0.00025717645027856597
13219891186623837e-21
0.00012403474594339028
0.00015689404156465269
265868753912558e-19
36205500610585165e-22
