0.00022990143645056486
9750585300749633e-20
0.0002813207554996195
0.0006940743393852556
0.0004955747272970853
0.00036962828316555214
0.0006920541275120027
0.0021357095832143544
0.0015563232877361544
9740483406704445e-20
0.001191797175457685
0.0011238690005431937
0.00028463007991503793
0.002358626075994716
0.0020986578933081266
0.0024279298626262613
0.0001695731554305424
0.00034869860640347777
0.0016407556353910963
0.0009093184118912634
0.0008050472051003324
0.0009054450812020446
0.0011200349770606917
0.0019109744394026987
0.00023636675940719222
0.0006800447210106922
0.0011913128485961087
0.0008177712220241104
0.006549381510150729
0.0026462183353790246
0.007542981191873008
0.0006729814239175501
0.0006895622950458004
0.001093489141294048
0.0007264814743654222
0.0009169120868831225
0.002357895570207302
0.001396670611340912
0.0025116952929276457
0.0008739256410664758
0.0016136800286683296
0.0018705190026523312
0.00245558499246232
0.00046684516951997116
0.0033578571425937434
0.000624712755930473
0.006647884745348481
0.0021326586441461834
0.0008336725820117352
0.0026420972644917756
0.0006189817424243505
0.0007365440591648405
0.0017151316667042653
0.005585188609600674
0.001626390427845494
0.0013318038914064134
0.001137211866655777
0.00076284141303201
0.000166484702237002
0.000516644724461784
0.0033176496005117764
0.0008736918320676147
0.00043693888214896135
0.004161953672024033
0.0011878172756956342
0.0038997955742070306
0.0021253654838596448
0.0016093175477650983
0.004485076246891081
0.0008268536836880827
0.0023056478786435044
0.004715459539099319
0.0017170879267658884
0.0010113225989263868
0.009135179584171753
0.002060433063902692
0.0009088546965319082
0.0006186447459992379
0.0016098643378934518
0.0009501822726141886
0.00018037555774055953
0.0005928043345087439
0.007082938267826528
0.0024193537247130205
0.0012944770266402567
0.0008707917025836068
0.0001442490440464718
0.003057129170227175
0.002559787987091318
6923031564352741e-20
0.0004105098265918747
0.0018987098600480585
0.003698240563372271
0.00033675991503176196
0.0007505674270892488
0.00027394123934277643
0.0008476317714512368
0.000743996728830385
0.0033057930837205635
0.00146905631041275
0.0012517762503016974
0.0015404246600627502
0.0015579815791317492
0.0060276290323216545
0.0006276786333265955
0.0018470930213737768
0.004654790646101399
0.001497795385200412
0.0015123359006646048
0.003491917676516686
0.007596711487573379
0.0014342933839186665
0.0018009504746916158
0.0021766982873262734
0.002109518661901406
0.0009419614752124247
0.0010354932705175547
0.0009593996124962333
0.0011880740639702814
0.00032002303017983363
0.0008930804448275645
0.0008040056693538124
0.0018200527395402274
0.0008677775230565045
0.0017068322098679597
0.0031023417913324763
0.0040191408902451025
0.004756096964947064
0.0048023869169751265
0.0013542380273162161
0.004012352297128693
0.002131588704797827
0.0012888545418450156
0.002882256322609382
0.001749239133956857
0.004819117459209457
0.0038173775437671696
0.006335355154067616
56633285620329164e-21
0.0009059394638984502
0.002528999238069855
0.0020819929127031092
0.005881027901540164
0.0033878302899109838
0.00629702540172329
0.0008150889587734894
0.0013109441038338134
0.0025268134416439924
0.002002759090391667
0.00033928593533591846
0.00048822862318633007
0.0054186343660539114
0.0007304902443755315
0.0033188068685813103
0.0021992599303589364
0.006525725855304084
0.001187436586489045
0.004185623310406024
0.0061800167401538575
0.0044822021702361015
0.004057368163916
0.0008713598111123171
0.0025249476870704665
0.0006630382871434108
0.00236465586654717
0.0086998389278694
0.0030162714672122637
0.0036105987926108233
0.009553506773455688
0.0007228931136060048
0.0028771324069485553
0.0009957471060154897
0.0016186059357064563
0.0015801263468079878
0.003118702822741159
0.011193282289251389
0.0015000645890523878
0.0014127965104070899
0.0008727658391897587
0.00018513626777238475
0.0010778429869024095
0.00201966663152559
0.0028677197872643005
0.0009468859417330085
0.00047888851069397627
0.0021790693430492284
0.008198603868780666
0.0007889633436328694
0.0017520128168437316
0.0005973604616338247
0.00018165435892024626
0.0027076342786337645
0.0006721009803097269
0.001345896895043227
0.004279962562427105
0.0004363760707260228
0.0010063655283898746
0.0043304047927240465
0.0007860201503141582
0.001497304855584374
0.005324736722294605
0.0007091493019616851
0.0020070837985188923
0.0006817174803766058
0.000537152311929102
0.0012179957102676669
0.0015508057308454251
0.0018626978074194947
0.000877943365602156
0.0009080119025473051
17820550886438614e-21
4917464462760816e-20
0.0011593425385696865
0.0014026065701139836
0.0015738408343524387
0.001968655585888139
0.004092698471664091
0.0014670249326776959
0.001522087117817676
0.001838450034096656
0.00015200103558468727
0.0005386711326310044
0.005510519077337102
0.0033648645823474614
0.002489703570173655
0.0038995358155150036
0.0038402900943785355
0.004627007070300265
0.004257626647698072
0.0012890928904460077
0.0007333415409078392
0.00016714524278064983
0.0024710812021118394
0.0009565164077609674
0.0037526702676306603
0.003412603216722913
0.004179967828445462
0.003430495975254606
0.001348235803299528
0.013031659390562405
0.004930212651799227
0.000818078509962809
0.008598062789948518
0.00016927114187489798
0.0030261195743091973
0.0017601918823199807
0.008016936630396605
0.0014166871393562362
0.0009320437801379354
0.0010477929921411393
0.010984535230637514
0.004456173168561057
0.009121111351035532
0.0010090847742900704
0.003719255614833218
0.0011768114545779996
0.0012640932570211973
0.0011329301027950985
0.004483317790762758
0.0006464517912886538
0.004694135794696944
0.0005567853530005345
0.002393065606699313
0.0007872019655279234
0.0022224270061350845
0.00037361598112780356
0.002196415954965722
0.0028400488147262903
0.000620342387614208
0.000683638218122844
0.0012815486026590613
0.0006935952584778222
0.0001643849767860722
0.0020049376983839293
0.006111186982727116
0.0016578115778970828
0.007034853545365961
0.003867370129710485
0.0018297031757624187
0.0028157228261854114
45948999697273064e-21
0.0024936660961197028
0.002611753910009602
0.002204288502632287
0.0008326975303636214
0.0014096467789702668
0.00454230909980887
0.005339539848576452
0.0006526758505972279
0.0019520918381054225
0.000974819233225132
0.0011780788301713038
0.0018058748516600394
0.002534713125912275
0.001112422263705121
0.0025536129727037806
0.0014885449193451595
0.0034206723751938157
0.0020109214013899436
0.00035379284250504605
0.001107542729149959
0.0014338981574450612
0.001320346321610111
0.002639704544831754
0.0004906245779929654
0.000627559307566217
0.00043989720693297577
0.001147889781034811
0.0005493826691849438
0.0014383682186912333
0.0010712021800513931
0.0008344219139034974
0.003837998730892322
0.0006120107606136751
0.001843557350241864
0.0005834454160462838
0.006953320217971213
0.0006664917324113819
0.00045513752787274464
0.002799403531285423
0.0009537116478279219
0.0005599902367776739
0.002755585935174902
0.005132110284877971
0.00237579211421769
0.0018310334150701472
0.0038763286366346374
0.0014301906021436008
0.0008712074932055643
0.00902082195523968
0.0002382607835159138
0.0023384112258996712
0.0010626512917537934
0.0016154665470188099
0.011165098061659042
0.000862752889517289
0.0021379493098545974
0.00290598531037286
0.0018106318660922845
0.0008062574977255501
0.0034781611205476665
0.001400649566636027
0.00502558899351159
0.008181133473164116
0.0009579350744603891
0.0005444373281805275
0.0005116769635572026
0.0008453627529760308
0.0006479253655546194
0.003106063946149837
0.0006744522487170169
0.001134373761084357
0.0017891693341070827
0.0010961487104585346
0.005737346118182884
0.0032994542232363984
0.000497195342231738
0.006409772759357887
0.003048426555787184
0.0005705916396592848
0.0005817873625228539
0.0014807248228150183
0.00352388797103564
0.0012376811543184545
0.0006216390619110116
0.006439617053920925
0.003235118663326883
0.0035038854460752856
0.0018419288234440543
0.0012208449465530812
0.006655122063587655
0.0003710506905371789
0.0002312700108729296
0.0010497867165161628
0.0015205941850880299
0.001383305237430622
0.013506512738544647
0.0013519055072376302
0.00644194391213258
0.0029022422941434992
0.0028484727208054933
0.000498335534681464
0.0021079230729526568
0.0017087637165542127
0.0024628976603578443
0.001656603525909937
0.0019678014730372326
0.001056521882377769
0.0009730816964157418
0.0011356222980765285
0.0036621799052224497
0.00046370915761278554
0.00815927294318685
0.0005882352631428841
0.0020715308706524263
0.002080465244623737
0.0009386737461387865
0.0003945365486989055
0.0014611454652665985
0.0006894686749325473
0.0023185366310687922
0.00725080616172819
0.0005265885342547736
0.002512909377154637
0.0007027099346586062
0.008597989377675598
0.0001787614743445066
0.0007071384415138118
0.001803119682962471
0.0018680776324367
0.005399693154184884
0.001818996169440797
0.0070588493178099215
0.0010954982697148443
0.0005412325154725981
0.00026739524790401705
0.0017292532358585396
0.002208739028169779
0.005901344169841765
0.001292352260939912
0.0033023744478923784
0.001532068593492301
0.0014577631639228026
0.0021866311274140217
0.0002126655305467867
0.0009126103721274029
0.0014492395112614635
0.0010539317455262468
0.0007203707846522295
0.0013376656059355385
0.0021577310628585825
0.00139845954842202
0.0004278699499885596
0.0007002063087412126
0.0007826788671797816
0.0003241135745940782
0.001171211815575533
0.0012693930754422455
0.0027393708401916047
0.0005134697140702397
0.0001195840339070696
0.0003447066210211738
0.0017413734930294348
0.0006008512469250821
0.0017240834357197378
0.0006920339121568019
0.0011135229482373459
0.0012665756304112423
0.0013331776224828325
0.0005437073227559214
0.0008955531074546723
0.0005684214271234332
0.002252144450624189
0.00023532790247734008
0.0012460055264588699
3454609256467067e-20
0.00016638524946906017
