0.016071188050427728
0.05545603959559547
0.003673838061739213
0.010634089042208078
0.07476384680310683
0.06202600950419896
0.0631043231754142
0.013224859842227602
0.010211694669940246
0.015050850549261465
0.003027002829246901
0.041005603476880405
0.10615214788690723
0.012033423406999998
0.025694873154697956
0.0024008750831400064
0.0835287374304226
0.03241813217370277
0.011469243715346782
0.0019716973288783635
0.08554667227813624
0.012357156993973228
0.002824229638435114
0.0434648601247775
0.049560822334331574
0.004515483009393031
0.06530582211026376
0.04868007709663058
0.00046886005861386147
0.005911201596305904
0.02417617294988221
0.00025104041780210775
0.013019125611111439
