0.0016577289537899305
0.0002387953793402463
0.000889819133873085
11084534482338092e-21
0.004890890609882885
0.0007712404724864865
0.00039599389258465254
0.0011940139423633487
0.004158198512218422
0.004082189546953377
0.00017603384229689182
0.00923867847334752
0.004635827894581043
10290839745821636e-21
0.0018148626984669344
0.002020372267371205
0.0035098696277946705
0.00038851991883030886
0.002400960021904881
0.0008687780598230875
306824482308811e-19
0.0010774105067584924
0.002096536818834196
0.00017352791035711435
0.0029296761390394527
0.0019227786646240947
0.002115964793400223
0.008090089712066416
0.0024981533091467385
0.005834818532382594
0.001477279555139791
0.0030939241793393455
0.0006854816468911607
0.005589139309401245
0.004225246506797646
0.0013476601441512076
0.010245294364955615
0.0033302531824623885
27424098725536517e-22
0.0007840209355874592
0.0006090398177512141
0.005657478019467433
0.0001865051588723039
0.004245633431328019
0.004267345343490816
0.001943113126342558
0.0029318640936110245
0.0003906920359286955
0.00024350552964110483
0.0027712988295401633
0.001694340081987048
0.0007657031497492479
0.00023567648244254168
0.0005795139859226257
0.00198501768942836
0.004538073327720873
0.0025056094573551574
0.0026962891920826555
0.002649765434521574
0.00019705077658858938
0.002331313464710953
0.001266011709409134
0.0024079559458555864
0.0012528877787655389
0.0009075582937687827
6736918466518948e-21
0.0003366022685555564
0.000972669647052986
0.0026160143166808294
0.001969863662279958
0.0013401585476082911
0.004790694133791669
0.0008293351667912966
0.002471065654097349
0.0017629578592804633
0.004252423484982511
4522970908404404e-21
0.0041189127615575
6159929843164933e-21
0.0007213646630732578
0.0005720625002813274
0.005365935428876898
0.0012542056021588015
0.004168697969126941
0.0009555980133332384
0.0020603045970958864
0.006179226741369713
0.00037596454683131575
0.0012118942388145652
0.0017313700054913796
0.004013003995974025
0.0021055268972056214
0.0036799688841651977
0.0011337496349295264
0.008430519547540148
0.00043252038079916026
0.00010028428634022272
0.0004134979899382193
0.000492793117403932
0.0044445047984206796
0.0021084810347612943
0.002186494982415405
0.0008443159550634024
0.0002650289121538508
0.0056037737468031465
0.0004328727876203023
0.0006968405141439445
0.004387023477073608
0.019679782462520418
0.005335877136259141
0.0033280209216580044
0.00018306207196195937
0.0003330310668446281
0.0004943268594853095
0.00035438661208217823
0.0015487175377046829
0.0015924071776239528
0.0014328574906874111
0.00023533962656079364
0.0018042798372904759
0.002171499506070923
0.0015588347697341556
0.0008337657325978736
0.002566602109345908
0.004350882473389676
0.007740870724559346
0.0015081635513125087
0.0007909092160750688
0.0005441724026919876
0.00796922549910475
0.0023908782436163974
0.0003699832730017326
8456839607104693e-20
0.0024064369957264267
0.0003554214478221733
0.0007666692654985147
0.003988682665322963
0.0033115476402481446
0.0020338093415885146
0.00015511810245332953
0.0002575928234354279
0.000662293867053629
0.0026708402331306535
0.0010858721700352384
0.006764622016797258
0.004725455968938047
0.001990607604986103
0.0006695173417730851
0.003434123862619098
0.0049191889052959134
0.0015744107096069776
0.002451599464003448
0.00024496401316999946
0.00688309140640238
0.002575426280734507
0.001561611623258378
0.0005142440274282754
0.00020554568646452635
0.0002340972369908591
0.0022273378701401286
0.0030119590421974545
0.0007236800578759394
0.0055675839639107
0.0007780058447756575
0.0006681189426739933
0.002209578964549381
0.005773860348455458
0.0006836618631207364
0.0031193822136530935
0.00044434985477248643
0.00029219298216945886
0.0003973890756919526
0.0036644761735049533
0.0025396452553088666
0.0011083933244824635
6436744179860833e-20
0.005128429609767521
0.0001818909026384061
8008290046267553e-20
0.0003408954937172064
0.0007489039117730267
0.00324979255358369
0.0009831802483812864
0.0015625979335140423
0.006457029009016267
0.0007478863101743635
0.00212501879172043
0.0004595869735259699
0.007999637871226024
0.0006237575369622727
0.0026070689493874655
0.003560295849473038
0.002194822081033882
0.0015507038853492417
0.002172216640707111
0.0013177412639012213
0.004216919857131093
0.0024455577903029226
0.008474269569517134
0.0006309181324852896
0.0026943441267316347
0.006349191294260072
0.0052394548464221
0.005377133771770701
0.0014453430399719623
0.0019376661983271511
0.012795552879619511
0.002766713803418282
0.0009165680830997249
0.0004253713784142783
0.001828779400679451
0.009328990175886844
0.0037038724423186175
0.002636037722792357
0.005315099127556647
0.000963302334186423
0.008431520836097339
0.0002891368792646365
0.005144425973234126
0.009980482702527712
0.004713334125351008
0.0012642771922170568
0.004231637382471459
0.0003975095705794691
0.003475377486670364
0.003316593681075388
0.0032200706411055512
0.005036205683056427
0.002810683558343385
0.0008633843515278851
0.0003467309095911294
0.0005455722768126091
0.005042831597827316
0.019690768767921318
0.0002153436704090293
0.007863941024507923
0.0042733689823328536
0.0005669897179823517
0.02265530753665576
0.0009381911547661936
0.0009089999201816485
0.0020943141874827705
0.0017269364238545891
0.0013493046666045682
0.0040082930792018825
0.000533776876903513
0.0007191287752636445
40886865582813014e-21
0.00041192906279161686
0.0037795134938612184
0.0045832500899926675
0.0005884584648376267
0.010938665909490398
0.0002776580710145005
26670904708685684e-21
0.0033475222060638412
0.004444864227929989
0.0006239856566434368
0.00036963349369502
0.0007721983161123803
0.006642855077913711
0.0008628459437787505
0.001259004686164061
0.0021388099892795213
0.0019197777458231234
0.006131055033886218
0.003647631426552373
0.006459453381318401
0.0025628169556700933
0.002187697734429942
0.005622739943465265
0.0021172267463580733
0.007210567777369618
0.0017557904393130752
0.0009677457374018102
0.0017484041611926955
14000169695658228e-21
0.0001098919772008627
0.00012898533365011784
0.00012784931309579278
0.003910674520283692
0.002814143709614102
8587986108808257e-20
623406073508369e-20
0.0008997013926117214
0.0014820949199244118
0.0004591161289564077
0.00015502794499151705
0.00015514117858822716
0.0004249740367911318
0.000273616787042066
0.004857856229533255
8787956012233514e-20
0.0014279260641463984
0.0023792859317310006
0.007138334192165161
0.002785761434762646
0.0004763493469294784
0.0001224568730070255
38083779589386376e-22
0.00044093915157258386
0.0001666481106577191
0.005083135742229687
0.00031059028203665956
0.00040144063347718746
0.0025584023265406725
0.0007240785332047421
0.0010225077973998757
0.002253887337830058
0.0006168891775811468
0.002355123654756135
0.0031749339574137737
0.007605232196986261
0.0008924147658537768
0.006053912855609126
0.0023876835256181625
0.0010558087597446427
0.003295694329703913
0.006552059963688507
0.018540477594867235
0.0020009972624835844
0.003605237085110725
0.0029481377493729725
0.0010532459588233909
15727516693037043e-21
0.0006196987297869674
0.0005020769503262872
0.0008644405484628831
0.0005049256332754264
0.0004975249733868641
0.0004512017231204036
0.008178187391753557
0.00013319617009343313
0.005020611036016097
0.0007301443493183679
0.0006171395490081358
0.0006801549061161102
0.00046121744706476746
0.0038492296675280546
18101411927206458e-21
3860408377385269e-20
0.0009714108162761735
0.0041907280225037015
1255531021710551e-21
0.0011449457445566514
0.011898036150142463
0.006818249943736553
0.0050874764317397755
0.0023646014245860734
6910139579404133e-20
0.0004725313321472499
0.004776332475572975
0.0014528398598900082
0.0017525706259845571
0.006170912994189418
0.001117179134649204
0.0001871627570056721
0.000680190244541159
0.0024540111871777497
0.0014536825360174056
0.0003853976622590696
0.003560755911012843
0.0013273535009498214
0.0004096848468195542
0.005627069270422716
0.0014250379425751968
0.004120784448319628
0.0004709446520800885
6169042966290721e-20
0.00613385203519881
0.0007871579643908584
0.00010474628214258003
0.00018805448722231452
0.0003800023286480578
0.007900483933065023
0.0010535028543076815
0.0021557913554234717
0.0004479824353694744
0.0013307951757280017
0.011590892963592727
0.003146445670878263
0.0028844332657150555
0.009729353161837375
0.0007153257170901964
0.000991264457554779
0.0001979136726683229
0.005529210122547361
0.004447956401645965
0.0005860925492275992
0.00044166480159340356
0.00020282264625459006
0.0030838895961188707
0.00035403792968578286
0.0005493492927005322
5412248440363697e-20
0.00020903014659542636
9101406701024577e-20
0.00031508629169116396
0.0007311815504747472
