12331011439024127e-21
397019775350596e-19
9859478830877373e-20
0.00012383625784043027
13542023293832267e-22
2396504316947996e-20
6375205881957789e-20
9196096728309214e-21
9981010133126145e-20
4403014266442113e-20
0.0001632483735833198
21856385486512647e-21
6797463429363996e-20
9415134866088968e-20
28049766088377026e-21
25004458679026445e-21
12271270193581916e-21
45945238868053485e-21
0.00011909112063524615
0.00010999487507557924
6115602041824305e-20
10500540310715388e-21
2515007283731583e-21
7056197160643351e-20
13844440747907902e-21
0.00011944468618274153
31252347190656174e-21
3510871071907106e-20
13904772388234234e-21
0.00036015934511015853
31974685764008326e-21
8138287267030982e-20
0.0002640273429361741
6814875335280124e-21
0.00010917637728774686
444576877354493e-19
54769410419308055e-22
9354058121288866e-20
36271765270865305e-21
8351955793152215e-21
3460129520702728e-20
15609345491310566e-22
52437003067860235e-21
7356386209344829e-20
9889814061714208e-20
8441035570996806e-21
37621282682934605e-22
22256554236025232e-22
59173239728200186e-21
6325986968251653e-20
2557841458461569e-20
47832591469488674e-21
19422943929375826e-21
35226597396611883e-22
1349546810749298e-20
0.0002746997457206526
9416744612238243e-21
0.00011074342371222104
4779713413297138e-20
4719605468083585e-20
9220025295374038e-20
654906042189271e-19
6273379645897021e-21
0.00016837509545064632
632649475869477e-19
7912958235470399e-20
0.000267129221234033
0.00010510339161688703
7841616448200408e-20
4367536122339442e-20
9020530698134877e-20
0.00015793314156298285
0.00013933210712879947
5009066336636352e-20
0.00016354502589218528
4699287543667388e-21
40948875602620474e-21
5292939231769884e-20
9664351177551383e-20
4331530401854331e-20
0.000270805660725925
992588200058956e-19
8586630315827144e-20
-6447394239140404e-22
23250557526134315e-21
0.00013359110092430346
7300872482332442e-20
10994977965901378e-21
7826587949397691e-20
30344733587484764e-21
54591435795247294e-21
0.00022816855699019664
0.00012093173730138051
4788429608814811e-21
24292326445961738e-21
0.00012710204648360888
4551268758167872e-20
12491676686277146e-21
76100025912736736e-22
0.00022149398371541884
34029776406154216e-22
0.00021610979714803627
0.0005486878791759219
31218852306604794e-21
0.00043775586854804405
2067550845802711e-20
546940274207223e-19
0.0004911729548153731
0.0001277711647548958
5981009503838157e-20
0.0002493822796621732
59681443292775846e-21
4044115859153328e-20
0.0001922540131792534
0.00017335815815264994
2449462411784425e-20
6627340109992444e-20
0.0001381472457836328
0.0003583856894980885
0.00010327424649596305
11478385046925934e-21
6105062094328165e-20
0.00012303396641764395
0.00010700851739187429
8339067042367129e-20
963502249744012e-19
1466915331999319e-20
0.0004238399591652893
17688275066001742e-22
0.00024305858674634058
0.00022568601211322186
4186928073078753e-20
0.00010410020587990555
0.0002078376345038943
0.00011817985785714594
24506898166301745e-21
5334714868833671e-20
6623525567395453e-20
6790572999822733e-20
0.0004684210418328618
0.0005046166465011294
0.0002676001361859987
0.00010761033070869346
0.00013722329953272296
3033577272816456e-20
5037273594050649e-21
9805122892735946e-20
0.00032982660795487814
0.0007904885683809727
1801394193227688e-20
0.00015403294988034714
4863733301097165e-21
1632017736465983e-20
0.00015799846742640058
13359430661806962e-21
0.0003345881689182918
3572816422422483e-20
0.00025507662272976735
7020078185488075e-20
0.0001405155861356657
0.0002008823219724974
16171039107349105e-21
5399523350200042e-20
0.00014219869550044118
2465012779928354e-20
0.00011882039030531162
9711131546028204e-20
35957085719211556e-21
8842749137854103e-20
5600218708625786e-21
59672218168227794e-21
44611796722331236e-23
10270358604832691e-21
4755311770796946e-20
1719706004340792e-21
18340193408649946e-21
25086117433955275e-22
1598295731226169e-20
7054244078560424e-20
8608074871910763e-20
0.00019883689366643272
0.0006191103872485808
10175407373725419e-21
9551304315994483e-20
0.00017173615864824867
0.00010000732638613724
0.0006413604977236287
14423087107904723e-22
0.0005019715609149494
0.0004487186416257803
7112052850044254e-21
7343500441421947e-20
0.0002950534785185998
0.0009742448996525184
0.00010081668303185386
0.0007351744924950472
0.0007336515584306618
13571172848789553e-21
650679340228687e-19
0.0009205942164684194
443878870313214e-19
0.00019425390858967222
0.0004057991098234344
8708796269054596e-21
0.00022715369645391753
0.00036076360050421406
15869729074963267e-21
0.00037297971527080597
0.0012369160230773736
794712392106121e-20
0.00014953844414516694
0.00012487208815550765
0.0003648841686848839
0.00032849594650712484
26491231812104964e-21
0.0005077088619791844
0.0011641643098235174
750665536343636e-19
0.0001378573164184526
7104180248490376e-20
0.00021338257115328962
5945095206693714e-20
11452058769556141e-21
4136460485558915e-20
13272818594885486e-21
0.0004110766361450664
55187605149432896e-21
0.00022539478992576308
0.00013103363441415
26132054583545196e-21
7430568473685856e-20
779105640236015e-19
14660848742815284e-21
31802641832322396e-21
6634060316010582e-21
0.00010839558844045983
0.0004758411396619516
0.0006598962727864537
14510864259350218e-21
5081017510249572e-20
17462126631260914e-21
7410657594659295e-20
0.00048623489814329194
7606529031091059e-20
0.00020858283821766814
7430978315398411e-20
9030965116603688e-20
0.0008789170647508637
16296476354240146e-21
15597889384599208e-21
7534653037336058e-21
2494894154110241e-20
4161100378269693e-20
7533270013037993e-20
48319723246803046e-21
0.00024784247411056343
9926190476294062e-20
29776974592329373e-21
0.0002061075259424032
7576074063412896e-21
39603034704843005e-22
38978500374760315e-21
0.0001461254510419372
42226808017718495e-21
35246112299378814e-23
3080684486560986e-20
3059407640069898e-20
732217793515497e-19
16934394337346452e-22
0.00013125583713921807
0.00010162419363064386
4717243938265182e-20
0.0007501705914547082
0.00016214141431916907
0.0008448168343111284
1464293373124031e-20
3008434241201941e-20
7129102409464538e-22
1589164541162393e-20
9071508609337208e-21
423166567776816e-20
3514479078562421e-20
4503883190221039e-20
4614110587982117e-20
28703226593427523e-22
3523710793259642e-20
15046390314579392e-21
8552442577433306e-20
0.00012375664751100143
0.00020840947631008778
0.00013145483350138844
7375290893013895e-20
774456177585111e-19
3430425269895671e-20
0.00025612125139027074
0.0002014435231744003
49312029893002e-18
31014944464009006e-21
58089757111720894e-22
6473241287592552e-20
0.0001923028442380009
0.00011041889728002154
7481109815856709e-21
0.00022526356214963022
25272332313988065e-22
7274241680143259e-20
0.000774245837303906
3207885039732312e-20
19909415403145e-18
0.0007633790352732081
0.00038880791762151834
0.00016953690924675525
0.0001594814743026273
0.0005742296812354185
75060794723169e-18
13721970425569986e-21
23148076776125875e-21
0.0001006920088001112
7810745827786965e-20
11862885170829629e-21
0.00035009075878206496
3283277956487823e-20
4730781897208419e-21
0.0008511207235913982
18296984905451318e-22
0.00013286236167799016
1751813455774084e-20
0.00037235371735303593
28565956851640793e-21
7186080616421475e-22
0.0002564316712171452
8022377703347209e-20
0.0011696460932601668
56106074296437595e-21
29250953608562188e-21
0.00013888718494413615
38469805011430766e-21
0.00023128368287631166
5925276827625895e-20
0.0001812092753778503
35401620700170604e-22
4864968217277004e-20
475810378408674e-19
51896724290974235e-21
0.0001878764927016413
8886676070380294e-20
0.000500667910051964
0.0008795201401232008
2649995713954088e-20
0.0014001322020110155
7042872200259279e-20
5526628492145053e-20
0.00014182645553213492
993430065334497e-21
0.00021570542946778076
13869948465436069e-21
0.00010239141773262719
0.00014777855872615407
0.00022011147036641449
6888018518184903e-20
0.001006762737004885
5655933213551744e-21
4126661295332245e-20
0.00018437837729093739
17661702619910217e-21
0.00015539121812270873
0.00022744321815472724
0.0002118079058524387
0.00016975314263939224
131462836978436e-20
0.00026849247426863956
6870754948419282e-20
0.0011265530094936656
7685640237688032e-20
0.00024055017810582915
0.00027247975581946865
0.001297796984851924
0.0006010563335450065
0.00018729816360599398
10410526866882128e-21
7569684808397291e-20
4026796348854261e-20
0.0007866579708110392
0.00022629472818753462
0.0001485125003842661
0.00026374025592229794
11915693603167013e-21
0.00012183366574126772
0.00014392458750851032
37342966576906444e-22
12882768268332044e-21
0.00025333132548239465
0.00022196058326388434
8548695061391945e-20
0.0004020412644635137
0.0015273363430363363
0.0004174078864154162
60946854475181416e-21
13032077339995209e-21
0.00039495303470781586
0.0004608840652253838
0.00024861416624614145
3081710323595683e-20
745006798859922e-19
0.00017217229288277302
8198520847140284e-20
58284212269025016e-21
23987711095002393e-21
5518755960974481e-20
9880848661373073e-21
2595871553876558e-20
0.00022045537120198228
0.0008902900265270829
0.000514819807245613
0.000295780355750634
31773080209380786e-21
0.0008073592015373402
34011639048417635e-21
0.0002276262607349707
0.0008847732670640141
9500470963291522e-20
0.00010259754886383736
6509904602225986e-20
4341304382033462e-20
12077107614079387e-21
0.0005423178946445915
7695439053209811e-21
0.0005024599834194633
29033868076143074e-22
0.0005450299197144211
0.00018941394165619983
26942362826889712e-21
0.0009910537153758512
0.00025127305956197476
0.0019408131870451736
4291830049039238e-20
0.0027580373171057684
0.00020278587277965302
0.0007701133846140866
0.000921034801874839
0.0003907309038735349
956520402343224e-20
4961777951326609e-20
6912170923852361e-20
16039540063692192e-22
4508193879783759e-20
877531038294773e-19
0.0005553121177642913
3170571537039507e-20
5110610211863775e-20
0.00016485334650940734
0.00042526002174812696
0.00012586244505790185
4672495474619496e-20
2597329397676562e-20
0.0004010981283077076
0.001398003817852805
5168232446559759e-20
732320210091614e-19
10689258948138592e-21
0.0004319912651980898
2906547692431149e-20
0.00010190404792860441
469061506216808e-20
26460450089813944e-21
0.0001564214716394672
7482682579269335e-20
0.0001643160233261866
20832192675199353e-21
102361717492279e-19
0.000494844176615334
0.0003669283584525365
0.00014160610806246163
24371054295431504e-21
35419714999855445e-21
1788676085493102e-20
34492980707869895e-21
0.00036292773390178925
1717925687131081e-20
6462374254205722e-21
5775608690304807e-21
4007635390263981e-20
27164174299630934e-22
41396276215948966e-21
5753369165594149e-20
46593738799503406e-21
4227397174938925e-20
1001125304059482e-22
0.0001095360693170493
0.00018533273301966753
9766027090237902e-20
6601546374109871e-20
7018490602359086e-20
0.0001514615464178247
8336661271678772e-21
7706883463977545e-20
6847139971205031e-20
0.0003570802841113217
18714520488620978e-21
4551108682580729e-21
21157389079784942e-21
1700377890184958e-20
1151620948107185e-20
30165751435198743e-21
6171200295827698e-20
0.0010222583945121609
2715781042545843e-20
6643171603790474e-20
24341284189164524e-21
6422453124294543e-20
5110531516221449e-20
3835292110913117e-20
14168546288972147e-22
7410054888185881e-20
8205360448462159e-20
0.00034268989668381045
8124970940854042e-20
0.0005428548657149266
0.0008729426398250701
0.00033298788524837355
0.0006946315879284545
0.0008579206214864388
20224343885790855e-23
0.00013999630097535654
7531804161368515e-20
4828428841346478e-21
0.00010930360292926667
0.00012744278996438613
0.0001460064940317666
0.0010278516774908054
51888084913250485e-21
3669167479737774e-20
17439291734301718e-21
27771168125726972e-21
0.0001872427036321641
29112032604129867e-21
428838032811448e-20
0.00047807515372460754
0.00023164669387655133
5426178775284251e-20
0.0003214517890646802
4025652088456444e-20
0.0003014978970821769
14988823979356603e-21
0.0001834455020892843
5951930502616477e-20
0.00010187528912124638
25443526816575163e-21
3782938413819393e-20
59473483573958774e-21
4918503505952639e-20
8510112799387083e-21
7003857728391511e-20
0.00015242597564727722
8287257585473739e-20
0.0004847863901708939
0.0008529566189329037
9579146388650642e-20
0.00019837056764191282
5006085230952598e-20
0.00022812995136216495
0.00011851540475001242
431172848484018e-20
0.0018608711651910811
4315955319433863e-20
7475171899607424e-20
35890443007783307e-21
10041066139640457e-22
9702055588644957e-20
0.0006582053453376484
22852521496038685e-21
635737032027602e-19
1407768722835642e-20
55938263498374825e-21
12006990146744187e-21
4055714419652156e-20
0.00011019923630653423
0.001242717972136285
1151585349782863e-20
5668791778499162e-20
4497801915271299e-21
0.0006934993671333146
0.00017793793412472234
6843002003189161e-20
0.0008262034920614598
6711816387257402e-20
15707517353618568e-21
0.0005255115840162206
7504449411372062e-20
12372054748613654e-21
6726834890140986e-20
0.0001750895711581364
6362465379876464e-20
-7527861806004774e-22
8519973576430344e-20
0.00033417745822028654
8322553159172677e-21
3834272064541007e-20
0.0005053762147637999
0.0002266165436541186
0.0003198973021376839
0.00020325713776869617
0.0018804111972291046
0.0002645857385748899
0.00041851055759442265
6880307203005581e-20
0.00018651323935620244
0.00025449547826324296
0.000190587231988611
57445834780948126e-21
8019093188278741e-21
3979204076311615e-20
0.0006706058632526784
4594419737574987e-20
2425591525779896e-20
17135610832031194e-21
147332461181535e-19
17690189799696378e-21
19883688382756128e-21
5602619010089033e-20
3944865730966532e-20
1098415755252485e-20
4734552046639462e-20
0.00022561290962206488
0.00047852132007474897
7008966732584478e-20
10534260420223532e-21
56258086627097466e-21
232662782857698e-19
0.00010799851276724142
0.00033292043283521434
51896465394616534e-21
9350962718722514e-20
4948401176470979e-20
0.00012020840963516961
0.0002192609441750939
6792589119492971e-20
0.0005569340805118564
1021999572413609e-20
9788205867279116e-21
9074506851356097e-20
0.00011054275161604777
0.00018667103278675816
13735717403771972e-21
815962080702692e-20
0.00026068230664467323
34615946083433282e-22
0.0002579942203165732
46054492868680645e-21
7027303477700213e-20
0.00013607152172233266
0.00024139979570260593
3439144003156417e-20
0.00019352780216169046
0.000659185678610095
0.00024152542743660142
9468248228738548e-20
48144974740247507e-21
0.000224815584941589
19227487110255947e-21
4225466860548255e-20
0.0006434214786641754
0.0003982474108572664
0.0007410883863124349
9911737973958523e-20
0.00010436357194372229
0.00012905985706882574
4946840840878526e-20
442294686301112e-19
0.0013138741379037809
8604347023678045e-20
0.00010354648635368984
0.0006494965505805204
0.00012536098670953123
3034974984528218e-20
0.0010731887802791632
0.00017172216542293758
0.00023256311915506586
0.00039291959021320436
0.0007809124434613082
0.0019183893874056507
6574680086236192e-20
4935373292811466e-20
17538008181590283e-21
0.002237063057764152
0.0013162345777608703
5293135809343161e-20
0.00025042634384688943
0.0001077719581749901
0.0005000640815554206
0.00015322570418227567
4979899080693077e-21
7540145366948469e-21
12482054170670848e-21
0.00017622459326987891
0.00027919508755654956
9580218750571537e-21
0.00035542321464238373
0.0001518202789036593
0.00014067313787741103
10312972772301944e-21
0.0012751306028552295
4462506667094604e-20
7668867678073163e-20
49199369701981324e-21
0.0003383463872385427
0.0008677250890821926
0.001602286583979639
0.0011649383196929868
53989688406878723e-21
16412312150525542e-21
0.0007585431471046811
649420922708576e-19
0.00014642097497811598
0.0004617384433269626
0.00023864677515306084
9609703620903952e-20
7856995704682607e-20
1003490480779779e-20
12423310344374476e-21
11204580866461482e-22
3139703120179815e-21
0.00014151955442798242
31591688629432824e-21
0.00011765507572059738
0.00020417337294243685
6798475924214449e-20
1532452060104598e-20
8512327320372112e-21
3489660023061231e-21
7466897133068534e-20
16519061334347607e-21
4374617005804777e-20
28341825539742674e-21
37318100170518694e-21
385710415254788e-19
17598377673808697e-21
0.000130816195091082
0.0003776394928189403
4056553113899525e-21
155091015617346e-19
22742770879668357e-21
4862148709347721e-20
0.0003694692358287636
0.0008238837434815967
9859523778648813e-20
11483969539952573e-21
0.000220559416847
0.00016456271374402153
0.0008905808191769751
0.00025797620457836687
7239459801357118e-20
0.00029716681651720684
6383071964793227e-20
0.00024236464362308935
4381084862211297e-20
3247815248418223e-20
29310447270550694e-21
0.00013765172934449173
8427385944347345e-21
151737856247071e-19
3110114043075788e-21
0.00015747867537674835
3341120854179619e-20
0.0011689160983374598
7086408912102644e-20
0.00023046303321783512
23637411541280442e-21
12281236862425007e-21
0.00011330321769019536
7108616738840217e-20
35288141248601047e-23
0.00022082433196641104
0.00018279296228701305
35770298712157045e-21
3291117614220051e-20
410185446919141e-19
18686333345955318e-21
0.00012384625827016076
0.00012993402973089484
0.00012812275392482474
4516257701884962e-20
39396659401956886e-21
0.00010600289104494508
0.0005358955324755439
22921357342672088e-21
0.00035078216501676566
2979594179991626e-20
0.00012803240136611925
1599659212000587e-20
0.00016270076149727292
1783677665039159e-20
0.00037645757169162965
0.00027057905446770445
0.00017207811808760918
56442442348500114e-21
54244487525282315e-21
0.0002098999172005665
0.00014403187618494998
0.00016268664026353072
0.0011324818560337216
0.00011845331552920938
0.00022622814328742023
0.0004651870722470302
50971460369206986e-21
802791751667526e-19
0.0001128009630220349
8269684129502512e-20
517509562218301e-19
0.00012043654147133581
1510913377015867e-21
5691028837648647e-20
39316282291341637e-21
3346109881567012e-20
1231593565191543e-20
29329992533839927e-21
1970516643813739e-20
0.00036218389168389385
22469275955783406e-21
26530246214280994e-21
44448725869800266e-21
0.0010646821033371218
0.0005750103953829128
5510083076966894e-20
0.00030599853172361683
9284238911097253e-20
0.00017354910559811757
3255604073051197e-20
20349374950689686e-21
21793666221516478e-21
7136409627292171e-20
0.00021708913621097905
5758588936597656e-20
9528194804154305e-21
0.00019191159501398658
0.00028293755670853054
14755524901674355e-21
9205161670859645e-20
1210433233153054e-20
2149864820526596e-20
24430209395374797e-21
8741710609783044e-20
27278689222510754e-21
8669258602387358e-20
0.00020497296954098996
841903454477429e-19
0.00042534122481172564
11594639837847648e-22
0.0003165557962289718
922546504105175e-19
2998159511772272e-20
0.00042059837409449974
0.00040685418920778497
8569062124223724e-21
0.0003939244970002797
5505087866926246e-21
0.00010416228218193264
8324133212657772e-20
919163254421493e-19
0.00037791152092135107
0.0001743504465225903
27767161068820982e-22
0.000538225079855977
4229743425189723e-20
0.00024079085830523527
0.0010515871434063529
0.0004359557533759023
18805843911576376e-21
0.0006345846581517857
0.00016267269252787014
0.00012201212909748387
0.00021330555651586188
5977630222110653e-20
0.0005894932868884417
0.00010875600421120995
19771969866532992e-21
26125576838501523e-22
71015554564613485e-22
0.00011370707520330459
0.00020356423711152333
0.0002754241239304805
512918229106665e-20
1487141158925829e-20
0.0006277664282569822
5729327737673761e-20
993812560823e-17
48060422509679584e-21
14150786761190319e-21
0.00010940248449545606
9434187884835707e-21
0.00031300982368299415
0.000296788976144133
0.0002473810139332947
2995646516680226e-20
0.00018649657664627527
0.00012848403300491068
5228641232192801e-20
0.0001390371109586969
7072210536809815e-20
0.00017217480003254939
5789753865659563e-20
9050064800774983e-20
22158160240273467e-21
0.00012384050879261284
59475445137612936e-21
886396933097035e-19
4811317631272281e-20
3195881382802001e-20
0.00040877868641638743
0.00016884294712700114
10218291896029579e-21
0.00013161288990746862
0.00011430106141880733
3594376779683945e-20
0.0002062113445355069
0.00045228295982146073
7371628355578683e-20
0.00018559754423103585
5845904432676457e-20
0.0001605798939063722
35490394816749423e-22
6474954681913225e-20
0.00014639034495315403
8205308454528222e-20
58395117091914004e-21
20362542681646093e-21
0.0003505226957827221
0.0001163064407652091
0.00016086202076491573
0.0002742150918343148
29100912646710008e-21
2436705363609923e-20
18533104627528098e-21
0.0005691774649017855
8504919863377574e-21
0.00027307053706049833
1295741218456933e-21
18285086929027557e-21
0.00019641324160834433
0.0013551503901053962
0.00020662890138635278
0.0009967150314997356
0.0015134277833836012
0.00021796132981148972
3599322481383999e-20
37208338981693884e-21
0.0001929990482649575
7749465636441414e-20
8032103232247553e-20
0.0006969694156638405
8548997539742202e-21
0.0005170390858646673
0.0007280584195381909
0.001610044911073429
23061010375006164e-21
0.0002989156308801931
5902101128227149e-20
0.00025375893000613984
1559040526981814e-20
11146684292570905e-21
886422620862349e-19
0.00031447414117083064
0.00046169596644414116
0.00027125274626447685
614299827462724e-20
0.00013378131710112558
6526391909206643e-20
0.00010122479828048099
0.0005225591383205441
27063841793634437e-21
5609019447831718e-21
0.00011719015897319582
9055963793213862e-20
0.00011652617409076725
0.0007391783602575904
7375550838039228e-20
586745361291721e-19
0.00013762038205051576
0.0002925232349265739
0.0002693808581825729
0.00016713768493916404
0.0008155652457581538
0.000199003011425157
0.002507663608927347
35719329650027004e-21
4375307772312706e-21
0.000138788756419925
0.00013327246700535546
13074924406789402e-21
0.0003032843490753262
3718646874192073e-20
674874791389185e-20
63893385519792e-18
30840782185378346e-21
0.00035079804529743056
0.0004296643493341945
0.0001629666361590849
6996667461854144e-21
-51623045115406766e-24
4027116336182239e-20
253342551544126e-19
0.00011151111738929528
0.00012231380397391495
25481515015658655e-21
0.00013927344191157765
6270170792500615e-20
2882901829426438e-20
0.0009279420962800408
0.0010542815902914472
0.0001399946359577243
8154366136909487e-21
4436163791838271e-20
9615041332134067e-21
0.00018525645077122364
5384211700806341e-21
0.00014521184729664316
12741030762629395e-21
0.00011370883227597885
49534227534845996e-21
34568952792485736e-21
6895370923882523e-21
0.00013151568216431203
5261357203509017e-22
725098208892551e-21
29937155401529354e-21
37036677697424223e-22
4902161200300554e-21
0.0001454757917100665
0.00029699432044748774
0.0009306635305980451
0.00015236798749717248
0.00036934085973615804
0.00010520816196988099
5267084418922602e-20
0.00030133360660184784
0.00010227623703464313
0.0021204953487734424
6191618234536459e-20
0.00017167922630012287
0.0002071843026131577
0.000269972773376024
3768720840619678e-20
0.0017430954435468976
0.00048788127493980965
8276770016319128e-20
24327960985743536e-21
3717992199410686e-20
0.0012780152358756447
23751884186511375e-21
863789846564388e-19
3231878437569633e-20
0.0005462027637291718
0.0001114057195978453
0.00010620684716596987
4445885828435989e-22
5348321747234091e-21
0.00025594225355323884
0.00011192655963373944
8813290684650993e-20
3309857922826325e-20
0.00015280214630434508
0.00010967586341031805
0.0003041243951209325
0.00013487852413606694
0.0001149801162788582
0.00015149116530553192
0.0007861785049624023
6102542619654461e-21
0.00016503392248646477
0.00014120099028383398
16981293720914373e-21
40501459417917165e-21
0.0002456394394976738
0.00017028645712890717
2666018136963346e-20
6598071025430375e-20
0.00023308037980783206
0.0014549921667719702
9122784717829831e-20
13348449819099784e-21
0.0001300281182271195
0.0007621172668121503
4209163997700124e-20
4254190857306147e-21
8609224017418555e-20
0.00010289414995127557
979769978705428e-19
0.0004520682642226432
9625829831422814e-20
0.0008073296313565185
0.00014751342939438726
1975035159607405e-21
0.0012675861208181376
0.00012212952700142127
0.0004169648938810263
0.00013837305715487885
25833334881367084e-22
60002315870854544e-21
16433809656304502e-21
25006530701602436e-21
8252559857731922e-20
46605106155520536e-21
2681200635607132e-20
37356451193941093e-22
0.000346723512188919
0.0004862407240905968
0.0007991767351752889
3898873342524775e-20
4116526611997678e-20
0.0006708324552399675
1968070051687167e-20
4875680956419447e-20
3153313685529643e-20
0.0001358384365337453
882468894851361e-19
0.0008998293004881123
0.00021507540646021944
0.0003396700769434388
666445554751531e-19
0.0005346287650930512
0.00016459469324653066
48170455069381325e-22
0.0011383208944864267
0.00018280872830195907
10930694454689477e-21
7459633563727526e-20
6742769280282668e-21
0.00012030044042865264
6273997203139733e-20
56863049755627686e-21
0.0006063823666866676
9718927160930804e-20
8144386761163862e-20
24117069598104633e-21
0.0002463487765929188
36816764976658036e-21
0.0003884289122268458
0.0011729836994309416
0.00026784619816303597
0.00043129162699578373
0.00013854544016357509
0.0006613899136146421
0.00027743927716678045
4971272004451737e-20
5221864379093599e-20
407659322548119e-19
0.0004977398086877231
4612755358898955e-20
0.00014269573117619986
0.0006052270489298928
0.0008677643560499004
0.00021682363451570424
19064734763671065e-21
0.0012433198383040543
0.0009185186146456746
10357754787670056e-21
2164509013270207e-20
0.00011942773206934219
0.00012072068969321345
4206367233845046e-20
0.00022206182619815648
5656296291690093e-20
13310710336981343e-21
9520115982191327e-20
0.0007148914055921833
0.0002648401948585392
0.0001627185806708093
0.00030369974859441816
0.0002808334154142252
0.0012545541922202377
6359746119197794e-20
0.0001632652055596377
6703785552001298e-20
0.0009694273978480835
4189542322137602e-20
0.000161980860118722
0.0010905090609851452
0.0006617156723186971
5428327970163923e-21
0.0003140973013255364
0.00018037278575107408
0.00034866970027671234
0.0002798612567496742
0.00036105601657656397
0.00023344534900626577
0.0006734826640865426
0.0018825109731445391
0.00012069519082757352
0.00018892524280640402
0.0002356944252529499
3677480181861015e-20
203929576761629e-19
0.0011560839129352654
1589064727239004e-21
0.0004136654334027969
0.00022930756314567865
0.002732704955145204
0.00042142085207940024
22301840568656375e-21
0.001934979963013032
1838038696954585e-20
41300763914990436e-21
504824637854939e-19
7477584773387988e-20
0.0005514666553345561
8696288121660639e-21
10186593992060127e-21
30428975238770674e-21
0.0005107163759872941
0.0010249556344282776
0.00020867457184352517
0.0003375246444407844
0.0001468387654900793
0.00023568077334148543
0.0006079942098217105
0.0002030995073220031
0.00022200334274582813
0.00034031582528641597
0.00020143488044056408
0.0015071151642053534
0.0011057069661429117
0.00011593875948711643
0.00012478420466474917
0.0002470983684941409
0.0006847391835444433
0.00043354873718216814
0.0003723047498556091
35096716459271655e-21
0.00010985560655268286
7242767806582177e-20
0.0007784330225260985
0.00010144152670329303
0.0001165044363141526
0.0009197167798169516
0.00022998864793413786
0.0007016039795372618
0.0009458114331439201
6453499354136232e-20
0.00019987657874566837
0.0003085490454313378
0.0018664175710790352
5195283991179366e-20
0.0018564125857655773
0.0010453158965264703
0.00170028054734862
16071833235087549e-22
1252981520431344e-20
0.00011498893006259983
0.00011592076002518907
0.001379205572030248
6017773692466457e-21
0.0003188391045016444
38582199545260765e-21
0.0007699747658704665
0.0011854006752016798
8744153491967596e-20
0.0010533755726991818
16826652409732386e-21
0.00033924171699830545
0.00114224854815727
0.00012049323022829269
0.00034475223063378646
0.00017615446730139163
0.0010282812517790922
0.000824246742548099
0.0031026287468338483
0.00038774549908252145
0.0010995483191643923
0.00183792619875688
0.0015182387629677488
8477565910003494e-20
0.0012158785285397776
0.00023868894572020942
0.00030638577131624064
0.002295252054449929
0.00137096089407647
0.001048888470006377
0.00039230679739831186
0.0008259388842205771
27341653495758553e-21
0.00026003364098966945
0.0004194559846202015
6646914537434523e-20
0.00023506992209091992
19188458675110105e-22
0.00018319260629657118
0.00011157357942108042
834813821792408e-19
0.00023902930697085404
9590999923726984e-21
8716106742580763e-20
0.0008803128995768516
0.0022871273322251913
12280329951062121e-21
0.0003067778486523827
36320243687667604e-21
0.00023655638681261584
0.00019078361629119723
0.000514519800254546
0.00014644076804102806
822772673066051e-19
6616412672665949e-20
29772449879694254e-21
0.0002418257616797796
32943904215031707e-21
0.00030632207317135655
27688251512597197e-21
10001511652464947e-21
51423731096743914e-21
13610723436040665e-21
0.00010866467848660478
8590533662875991e-20
0.00019062615346182447
4693228245528516e-20
0.0008941376102671543
0.0003606697584619537
0.00086837741863906
6648586919785715e-20
0.00041249298811599314
0.00021878266307906731
0.0005013866733094501
0.0008334621040968465
0.00011817333828560068
0.00029865438751946853
0.00025498754836688784
0.0005497222423707827
0.00022767905025763716
0.0001624774493186064
5216226683494148e-20
42599826821650605e-21
-23023112504188662e-23
655832649407343e-19
0.001005847235629493
4399809285765576e-21
53374457523861105e-22
0.0003712712834275998
0.00016922937895825666
0.00013254530579528327
5321810686405974e-20
24095284079734317e-21
0.00022356802986699416
9897116808545386e-21
5624033534449308e-20
0.0003014759118669946
12884311730735431e-22
0.00043899193098937095
39950770631561266e-21
0.00012787405727725953
0.002689367711128934
0.0015441087645163914
3943143725795955e-21
0.0014109264464277208
3934191632706091e-20
30029366642214876e-21
7481455769029303e-20
0.00012269912206540153
0.00019924555961810763
0.0019548795698944516
0.0013621845100121504
0.0004001314850459128
0.0005206840405181305
0.0009020940950104989
0.00020500413501109056
0.00013906736267692881
7387910256573557e-20
6515230305748613e-20
0.001254236003343419
15170866957299755e-21
7846053686745285e-21
0.0002298492108468344
0.0009888481408390365
0.00024029744516456864
0.0003745720655348708
2573510553172099e-20
0.0002589504272191564
4958866798596292e-20
14365958194390397e-21
0.0012114084685154462
0.0014697567942499692
0.001905502768666455
12205658368480673e-21
0.00015773503957338032
4225646315698391e-20
0.0008415243497935425
0.0009477582411389861
0.00014817607286931431
0.0010766779927713684
0.0009556094106605786
55838754071548845e-22
4415990347716677e-20
0.000234253181440949
10843418234943705e-22
589982445615801e-20
5805774635581218e-21
0.0005295071375477976
21608993193576363e-21
9623878021526007e-20
0.000877280523225407
0.00011531559830981429
8328702533028413e-20
0.00019710922946152248
0.0001974838897232049
0.0002142195622298845
0.0002094389749815346
0.00031629529545943493
2724047704828741e-20
5849411692107809e-20
0.00048348256660307607
59446063405999296e-21
0.00012778476962616887
0.0003229725977656026
0.00013979354894165603
0.0007678754033575893
0.00012483921926447104
0.000393875680227504
0.0003484539526689945
0.00024399311286866672
21663718190470967e-21
6012195827933777e-20
0.0027330784843022427
0.0003333454845887421
0.00018237671592859483
0.0008347588730138579
0.0005534008589739142
0.0001018364148108587
54922945921197626e-21
8085190794014882e-20
0.0015674094243182941
0.00012351725766184584
0.0015384735854682575
0.0005494130323527033
0.0009916600532690267
0.00017452087833560323
5413782550474552e-21
0.00032222277393055245
0.0005466265367649513
0.000165385722707991
0.0006508882771059397
0.00017008067496019272
7757003004204718e-20
0.0012192655352049144
0.0005943349650168997
0.0014381751502896476
0.00038581055086639855
0.002224350183865546
0.0001553739447361886
0.0007067334131243403
0.0009605792561283013
3269522871842349e-20
0.0014306503654635866
0.00010684355514451469
0.0010824076189761263
9351687624653147e-20
3398717933980508e-20
0.0004610906843120622
2773513248181837e-20
0.0005998969011761783
0.0003108154239769296
0.0006453852613520925
0.0003524008607417995
0.00015475043622174026
0.00045863990780806656
0.0020774032370903133
0.002033301046370705
0.0005251951959472861
0.00032921418266752903
0.00020743595941156916
0.0008954752315143515
0.0008915194524877472
0.0016141870328012346
0.00025180138510111
11680808110923522e-21
0.00034149654972954183
0.0008352136411337328
9314984313354802e-20
6328733469245321e-20
51050909764539786e-21
0.0008038770411224698
29003284649181145e-21
0.00011857985137278526
8487194425125571e-20
0.00046868511628693986
0.00013484513161983013
0.00011024781905590755
0.0001399466596013636
0.0002552316033775047
0.0003590617446665962
0.00018008995210393137
0.0001378595674837996
0.00010246118961110918
0.00026191582776645357
0.000641349752432607
2620465710266952e-21
12739081523326965e-22
5447408962368152e-21
14113113310597347e-22
0.00019488006124707542
996301737704372e-19
0.0003353445841299477
2796859323839874e-20
9449268828507171e-21
0.00010848968010235091
0.00013029456128267028
0.0004548713895766902
0.00011180835681912027
0.0001324618423047522
0.0003381514590467839
9822532313925402e-20
0.0003202989762503585
60649045592565816e-21
0.00022206017608990877
6896202057667878e-20
31954155787875745e-22
2427051491808677e-20
16635038699657657e-21
14807549876196035e-22
26024357952660294e-21
0.0006985366323690172
22183248013188814e-21
800713448060788e-19
0.0002618385836743438
3846770977427676e-20
28784320122818405e-21
8808057150377635e-20
4915749246680821e-20
0.0006463140477099959
0.0005378683129344414
0.0006366060414785933
9521834855438388e-21
0.00018900373900157785
0.0003691916542917643
0.0007536246184299638
18414815189719713e-22
13072565256520777e-21
48439652857822004e-21
7035099056263924e-20
13424580661094144e-22
0.0010674154117398485
10886608721807298e-21
0.00013438113604852454
0.00011153685640308102
0.00010308907704631265
0.0001242899280823736
7791078188837112e-20
7744225342779301e-20
0.00017981641511860457
8198065187559656e-20
30035937396040643e-22
0.00032275476942821154
0.00012988070791488185
5467798834949856e-21
6665096702762105e-20
0.00035267621935904857
20256149769214744e-21
8026003451235301e-20
57756010717327925e-21
0.00011255541833365202
0.00033569267425227485
0.0004227999301260991
0.00010370435395259207
27534968330415927e-21
7206389359665288e-20
0.000414014519764644
0.0003130998943726699
4250195149890763e-20
0.0005373481828109841
2913209323049124e-20
0.00011038832652819458
6212072578025257e-20
4666540560900287e-20
0.0009332706510363372
0.00028956672733735045
2949411961819862e-20
0.00031639078827667435
0.00029287480091727634
0.0013399824347171756
0.0002381956735173508
7078361247652378e-20
0.0014138469691020565
0.00029920739286521975
6383028616213147e-20
5669091809917004e-21
0.0004748088790059163
8678513219209099e-20
27242371608355305e-21
0.0010356483143596476
30943763520380673e-21
3243326901448964e-20
0.0002508727135055533
0.0009749623845261412
4376550948902402e-20
0.0001475072669163141
0.0010207660067248115
4991552504938406e-20
36134867536349436e-21
19198115495529873e-22
0.00037316848714638134
0.0005365546532967328
0.0008167251930923108
7170632235164719e-20
0.000897046686795856
0.0005761719075847025
0.0013208729606875985
0.00042383234626445755
7697559422498797e-20
7120457840995576e-20
0.0011172117306078
0.0014479350093176153
0.0004036425682830633
0.0006804433680461025
0.0004710986109881917
0.000914281940704906
0.0006146793441815891
0.00019933983835492174
2916170176443074e-21
0.0002632837160978703
4757340571022642e-20
37485195331719364e-21
7893503658645505e-20
4322738091371531e-20
0.0011702290878911545
0.0007048115562734401
0.00010199316003402067
0.000236443879843344
24757800961982788e-21
0.0019237791713221327
21029717273221434e-21
20557554714636482e-21
5422317290277179e-21
5067022460163839e-21
6511037782319365e-20
0.0004610356707100441
9231185392171843e-20
12320863206517434e-21
6010703517483321e-20
3506080853308727e-20
0.0005019028655637219
8151092547271405e-20
3377153747183983e-20
7947835333691563e-20
4419783665071303e-20
57738211326490305e-21
6517900733925685e-21
-12061036534703786e-23
15183764543301664e-21
2169127186962274e-21
16625002536262623e-21
54158690720651396e-21
0.000339195488132653
1167893327376041e-20
784735714725482e-19
48870205051672905e-21
327332228997456e-19
0.00037830845205532324
0.0006759444431452691
0.000550615774532863
27181862698514943e-21
0.0001127384609770266
0.0003680074056056953
0.0009690035757203041
2548274644974499e-20
0.00035239654279403904
0.0005991106402317049
0.0006731165680248385
13604923754095568e-21
40183217434100664e-21
40000170490359816e-21
8522250635005632e-20
0.00044810064551546736
0.00013328330494322572
0.000171234152718032
4891006435090164e-20
7930872958210481e-20
0.00011906578455776478
0.00026015764469368105
8632913649167321e-20
3382797033739311e-20
0.00018860802545270464
648849933666001e-19
0.0001108575523346384
5060870700855083e-20
18359037630968225e-21
49417642303184975e-21
42674586795267547e-21
0.0001448909555143479
2505802401502771e-21
198964710930742e-20
0.00014949413443662184
0.0003575282072693429
5004481931439316e-20
0.00020965097697930637
0.0005931320596213502
30318417721928836e-22
7220905754218503e-20
6783454254753845e-20
10121324254494811e-21
8213364962057659e-20
0.0002987646787742925
3384420740426625e-20
17257573738936735e-22
0.00028165347761043686
2508009492195282e-20
0.0002884852907110687
0.0003973629740373553
0.0012479198092415467
11105288896392638e-21
52058901186598336e-21
0.00023796080732379818
0.00038475299430551496
8823843028808762e-20
6805557024750882e-20
0.00011120913846604191
0.00020714918431855015
6147735355817747e-20
3807319033373916e-20
3325751674295155e-20
0.00037870998635213844
0.00011975315082687454
0.00015865055882821434
0.00036469459575186336
0.0012148155728776261
0.00021771806928273937
0.0005503989169033795
0.0003161693649707006
8318392200235324e-20
0.0010686195104807476
0.00026987829790192154
0.00015076573539544205
0.0007967425866900982
3653740620099768e-20
0.00020080787327897716
0.0002083921017240931
0.0010851982464497962
0.0001363338548560376
0.0016603227142607908
50824909021508504e-21
0.00012757947231091703
0.0010459184760353952
0.001386480077470852
3938947427202114e-20
0.0008288989493211872
0.0007794290394307048
15257847243352008e-21
0.00011154922162367072
0.0019721984858243878
0.000781504321202937
20160664376369105e-21
0.00018725683403334506
0.0005689384925295949
0.0001671018055714034
0.00018293095017106253
0.0009576749437275436
1659489148723125e-21
0.0009235767861142028
0.00040403331959115626
0.00021947800144665993
7066771899055487e-20
22016523528315603e-21
0.0010551159190391576
0.00016708895930823883
17535144627162687e-21
9234334231788823e-21
6206801550042781e-20
16810823130642299e-22
0.001014928276956566
4130204512551069e-20
0.00012681838824858875
0.00015045129179109662
0.0001074046897640974
0.00024187622700877964
8491225297834855e-20
0.0004842063274548647
2431272970036759e-20
28336066518864308e-21
0.00012586902756513686
0.0004219508160055157
4727631175541243e-21
7994548960561172e-20
0.0007686593216843397
5041667924593361e-20
30749125761465493e-22
0.00015071166087400468
1571007537914014e-20
6712777142354559e-20
0.00023540724215793862
0.0004180343559116736
0.0006301672792329767
0.00014818786682526723
0.0009053108213112837
0.001151909794963399
0.0009566348239189761
0.00067246815242444
9055737593913921e-20
6567239059201649e-21
0.0003606838202032549
0.00022639746949031024
0.00029311481793069515
0.0003022484228762815
0.00017123420792489083
8215332340904358e-20
0.0010225274807362395
9521435849124076e-20
8898064893462546e-20
3549718327771265e-20
4461538217968693e-20
8846975568735508e-20
0.0003322317641165151
0.0012397516567592476
13124810773972343e-21
0.00020188121101338656
0.0002353160840666014
4787862960631044e-20
17746898038412438e-21
0.0002808530545665476
0.00010513185988671283
29144236937001805e-21
0.0011256714552002353
9575204875215292e-20
9587800396509484e-21
0.00012159152590236968
7837559628368076e-20
31101718960004384e-21
707051179615377e-19
0.00013191028096826287
0.00020167431735009796
83406702415792e-18
0.0007721363825629981
705478107681808e-19
14749725385132397e-22
0.00293480883994972
48696955616430194e-21
0.0006161554448695267
0.00015321176185723007
35537530624913807e-22
0.0005898548954139472
0.0001242040864338817
7466712622570977e-20
0.00012293567478737673
3906101815201063e-20
16846779224486057e-21
8164308386563119e-20
0.0006826262577113178
31225223842407426e-21
0.00045362138513709705
59074645320307964e-21
0.00012277244389156803
0.000646273365014859
0.0011109564936237497
0.0016450456064731407
9139188038705436e-20
0.001126499971441569
0.000987679291602593
0.00016125837108734884
3931021535681588e-20
0.0001451182561193924
0.000545454759857131
0.0034904520335669953
0.00024700517253577545
0.0002356951540890549
0.00011784987556966834
0.00016051278869246948
0.00020996736182827587
0.001749104114554673
0.00030802181544385194
0.00011341733689387264
0.00010728603137285634
0.0003448146221568035
0.00020615261039568116
0.00020912507385123497
6293383604543361e-20
0.0025141386608309095
0.000218797205045655
0.00046653164261408175
0.0009233640787118625
0.0007500224980011468
0.00215640872684386
0.000683476308178698
0.001830299076231284
7662671149115556e-20
0.0008054663638224435
0.0015786417510330185
0.0003917265856890434
0.001879901351193357
0.00015678500646895926
0.0008880404977940865
0.0018237556544612897
0.00011206114429108542
35969479156060146e-21
0.0014676985399076467
0.0007581347571062571
3858224512533231e-20
8167054465060629e-21
599515189837685e-19
49159244237224325e-21
3992169633095806e-20
0.000739432990208305
7092527809953383e-20
0.00011784238352338852
0.0007520898188578125
0.0010857780474098529
0.0011240563930129779
0.0009460815487362083
6819544833082079e-20
0.0018432950920492144
0.0019670020294716966
0.00023057759683419623
0.0003293116606936568
8517435663276916e-20
29796944091844514e-21
0.0005323217315733415
31856435036460775e-21
8249262774674568e-21
34417216368625815e-21
4212510234332124e-20
52073029337837546e-21
0.00028293171595215595
0.0001358187307223371
5535990787783222e-20
6792147341242255e-20
0.00018784651703117726
0.0010855409074750776
0.00021561050957767246
0.0001973218139381609
0.00013556912010917701
3061771621298916e-20
3659866617041336e-20
37118298613991586e-21
16851968876044015e-21
13670768575082805e-21
0.00016415394559032005
9746139414026677e-21
33612199492785522e-22
0.0007095570235628656
821866549597546e-19
9264049813318262e-20
0.00264447631624255
0.00024096580002238582
0.0003745163703361967
4955869874194462e-20
46840946595575096e-21
75187796274780245e-22
9161099102138462e-21
15977786557240458e-21
4415873981704175e-21
14245092524120427e-21
0.001279087608064183
0.0008685284631812438
9757815281540735e-20
0.001381151688294543
0.0013003188740021196
0.0001487247593755001
6090837342316107e-20
0.0003002450184207126
0.0001045524171571446
38702687600871396e-22
57527846347755794e-21
3401837360273465e-21
0.0005985312748461217
0.00030477470243935934
8649414832844402e-21
0.0006954549196103166
0.00027604893627291243
0.0001685267428815835
0.00011485300022637544
28140720562540673e-21
0.00013014030956267402
17111208612009353e-21
0.00014911062763176873
4375454095623165e-20
4334396251535379e-20
3056798079742932e-23
0.0005288420263095527
0.0009338437684117992
0.0019145082313853186
54707506714101115e-21
0.00013235397785933526
993542622971498e-19
4354456580805191e-20
7606055537799145e-20
2136001350416326e-20
5612126461872914e-20
3626164450302336e-20
25828351248505766e-21
21327376745714853e-21
0.0001372810248560989
36440254966032896e-21
6321683939891958e-20
14453196272327625e-21
8516473145695325e-20
60440707884898916e-21
0.00024604247582457926
0.0004506301607008386
53618120548788935e-21
6382158428079669e-20
0.00032232268015170183
0.00017308725681645245
0.00021364001618807195
0.0001257695993995281
0.00011180924205483296
0.00046567385446797836
1234363920836468e-20
5308820380522819e-20
15029658274219949e-21
0.00011534745573870316
0.000789072125857498
0.00029152135974541146
5572990521139233e-20
0.00013169273762616703
0.0017353526754066303
0.0009511246466651825
0.00010852251254852649
0.002158485096083546
958645687720907e-19
0.0001311933264520246
0.00039159053335465117
9013726784779594e-20
7050465424588741e-21
0.0002734404532643017
0.0004179115793312068
0.0010656802686804614
0.0008029092395934605
15263908993151758e-21
0.0027356963013881173
0.00035783517308446227
7782278843033246e-20
0.0002100136812625257
818736682235564e-20
0.0012358820668302898
0.00030126201344544295
0.0002692732614737545
6087550695060902e-20
0.0001979740048048523
0.0003287472705914579
0.0025626693530959237
0.0030773850239727233
478674230552527e-19
0.0008963202958746691
0.00032580891976042583
0.0003400744934806446
0.0009166123529048101
0.002521763458021382
0.00010909334218053904
0.00011530987548240534
0.0003719780505633756
0.0006153624840483734
0.0008444173323712031
0.0006053629765528551
0.000647744944825592
0.000541942494775179
0.00014924455264714035
58904416238407494e-21
0.00014448803660778504
0.0008473783169538378
0.0004162604733926478
0.0004627478459018423
0.0005942714961941222
0.00012369795915706565
0.0005118351086653018
0.0009171505890536193
0.00016563011142696084
15087437764729009e-21
52258550309006806e-21
5777938780940388e-21
0.00046303485470485195
0.0008526839409229588
0.0002989216491512123
0.00012691439173323659
6118323463212712e-20
1903493849302089e-20
0.00017710427265923038
0.00010191769409538935
14963927769213518e-21
6824113867473897e-20
0.00010462545059974494
0.0002523691883935455
0.00020584879855914935
0.0002778864747885931
30257354492364515e-21
0.00016330107107812266
907605078642328e-20
6840538834117799e-21
315153922044361e-19
8548470479440301e-20
17577354423074278e-21
9173440222726956e-21
8021988032235879e-20
22822265335733383e-22
2484380477577121e-21
18921754016972538e-21
0.00014973192382898703
7998000144593074e-20
0.00022342596399077444
0.0005328750603588717
0.0007162428853945304
0.00018484266874576683
9467419293085994e-20
0.00020357993898193117
0.0001376226743571012
1561473720120628e-21
921827812424689e-20
2837693675128535e-20
4742078521023978e-20
0.00015173963218587357
5413316608081848e-21
0.0001423112145965352
405078018397739e-19
0.0005387986968727085
23179269538153806e-21
10590771750893692e-21
446496031906766e-19
21075294063760635e-22
5729545992385018e-20
0.0001304332141384983
0.00013017388848633214
0.0018382994088646644
0.00023540206627008133
4311500103149878e-20
0.0006544266452157876
827975867381825e-19
0.0001610344482620113
0.000889896589349725
7491758328784667e-22
19298205652478144e-21
17847354016514082e-21
0.0001568132381513884
46342979961784854e-21
0.0006618467292980541
3741163951584413e-20
0.0001393981976691634
0.0002910164580777475
26526669251996442e-21
0.0005431047442822777
0.0001401055409650101
0.00024973667290691733
0.00026877409527145603
0.0001026528029173075
0.00019802048308845883
0.0005378008592817935
0.00010591480135795629
54190091909333396e-21
0.0006571966642170559
0.00016994947377051462
0.00022835840153292858
0.0005864872312424513
0.00016027339920418352
7031897969829214e-20
10345674750580539e-21
0.00036310884373227226
57083781187036664e-21
6930147420519596e-20
0.00016583359349006056
723066128197565e-19
0.0003383212202423119
36662151286521405e-21
36800067949973946e-22
0.00035217231330488257
0.0024302013033796407
0.0004039379524147808
0.0002831659141517471
0.00037247049979943444
0.0010383838007760372
20956213351210546e-21
2894787351381042e-21
0.0009264546749658948
8845415605429636e-20
0.00020833844664022795
0.0009274155881254619
0.0008771327660294175
10832394499393052e-22
692497297159918e-19
6465839419020561e-20
0.00019494584836911823
0.00034077907054266013
6660518622627635e-20
14534080554645699e-21
14131250548232e-19
4260125204763372e-20
5848018948414404e-20
15180510710579211e-21
6988374331115966e-22
5479049388821067e-20
4028325224278022e-20
4480990424965581e-20
5223902957760985e-20
15828532534948835e-21
13460462600465133e-21
9400367056469638e-22
0.0001260460597970322
6653639455241048e-22
15063099413784021e-21
42040873688762705e-21
7504486858558733e-20
3480435029825886e-20
0.0003243131492978234
21530073341046777e-22
53854643086515066e-21
11191310473517093e-22
11279883892099393e-21
0.00012611385929067352
3798762812617153e-20
0.00013503015930310615
0.0007579898001873599
927578496175991e-19
4061899730208457e-20
0.0007111747057093721
43322572734281255e-21
0.000830218067486012
1805857671203625e-20
6399218148619164e-21
30174249959744143e-21
0.00048323483374549406
0.0001636365670093364
0.00047106629051557933
0.000539827167835744
0.00018882982176562053
12158763996783697e-21
0.0004500468195726796
5475853637468996e-20
30809187444372255e-22
23279387124093503e-22
6244295384469475e-20
0.0008294796760168385
1323898492241495e-21
0.0001901872530452561
0.00012578741740153855
10162108759425721e-21
0.0001305672632169583
52484409497819464e-21
0.0004700906232818932
0.00010640760616012498
20805214354839026e-21
0.00027417964353649205
0.0002999350241295154
0.00020928227015460095
0.00046405512634482675
0.0013415316885716608
0.00015930760701677715
4023636017544771e-20
3926842625158107e-20
9241536482691008e-20
2052869910166148e-20
2523398846526281e-21
0.0011757343680776828
0.0002468424372528708
3471348042065215e-20
8476588464858357e-20
7580373095725327e-20
9396133410759612e-21
2354621961977217e-21
0.00017782042435377518
28109323747604996e-22
11302514417702445e-22
0.00025208902382113207
7320401642772814e-20
0.00019484860325785238
11912763180690657e-21
0.00011051943832679179
5105899315895042e-20
0.00011412060474210913
3020109807754748e-20
3730487777834489e-20
254466007012839e-19
17450508171730262e-21
26631391800195528e-21
12276366807145912e-21
1817997747611168e-21
0.0003067700567734671
11688293287966149e-21
0.00010392936477275387
5346228497757861e-21
1400953417205086e-20
0.0004961073746592214
4733574161421061e-20
9819096041441477e-20
4897137015759325e-20
241640558651738e-19
0.0001985583384592191
330502194995615e-20
0.00025387660765724374
5044334502037649e-20
7034565769325251e-21
8088870921920586e-21
7870372528602678e-21
1302202299806812e-20
9142205740244271e-20
9418952681166077e-20
5271648501919781e-21
497031240517464e-20
0.00034375795227694516
0.00016407286487179018
0.00010924661284931604
0.00013663905711638132
6120628965058344e-20
0.0005932283115453501
8926345498074565e-20
15074467165102956e-21
9365361038975069e-20
4076307292710418e-20
0.00013114777122282735
14782676290831001e-21
14376037541886347e-21
0.0008568800579413844
0.00039344874918913577
8554274558860145e-20
4974599324844418e-21
0.00036197763247561955
0.00019975820598633142
0.0012045348089622355
748069113033395e-19
0.0002646401667111745
550372520162749e-19
5471694474883714e-20
0.00011432524854763526
6009708121367928e-20
0.00020427542627632502
7507230412887028e-20
0.00028673425628263056
0.0015725277434155138
0.00028496508025495213
0.0006901839167018429
0.00011107638119109616
0.00039721503653619765
0.0007134479712618876
0.00026489358823336554
8671424832669264e-21
7911188474149008e-20
0.001686641969832823
7703185165020843e-21
0.0002508396203090496
0.0015272882150066734
0.00011209931603596972
0.0002099841974137857
695050675494018e-19
0.0010212273891747345
3835174453495401e-20
0.0009027645090990346
0.0005841312312813888
0.00019003061165529816
0.0011452426498190528
0.0004320514998067871
0.00022716336530399501
6446254744426842e-20
0.00023404323214473285
35089630773022284e-21
17820016450829484e-21
3061471554900162e-20
0.00019012524022965144
0.00011718213598872178
0.00023444251104653478
0.0002032822013596281
0.0008132463027785053
57924914359188e-18
0.000267130306234618
0.0009388359235817417
14625550720877196e-21
1971381861005738e-20
8688889357228534e-22
37981857719134915e-21
4156562139715592e-21
17287575301850903e-21
0.0009148269301796691
0.0001173326725047418
9687755451170476e-21
6118173242983677e-20
0.0001368838757808341
3735596587267003e-20
6148976658938554e-20
0.00013042315939762597
3148251779233962e-20
0.00011113896675001963
0.00046515350240477305
21718770168840725e-21
8189366206998226e-20
14814027127875096e-22
0.00041389820269779144
4558934310950191e-21
0.0009173423498347837
33641335182002405e-21
2107724769908733e-20
0.000173345638948189
7891753372105152e-20
0.0008539321609847799
0.0010765319303270298
0.002085178943171391
0.00010361447687142946
0.0005116997625960442
0.0013044921570650064
7921757246359885e-22
29027847607666473e-21
0.0029655862993708355
0.0003912872886312144
0.0002450299529692087
0.0005288027160668843
5412793014485754e-20
0.00040249484840298555
0.0007649948341314267
0.0001707896929693428
0.00045783686484280044
0.0007394360098324147
7826400393887715e-20
0.00020620281017277156
718815202440115e-19
5520746658966834e-21
0.0027934991451070627
0.0005679057507709451
9408822502581914e-20
0.000264750042978461
0.0009531275138894717
0.0007975887864471475
0.0010178787463873944
12522192695427897e-21
4773174068890655e-21
0.0004570379470336868
0.0006757496339051897
4676394732078131e-20
0.000567155713208517
0.00016174104598062395
0.00035459432712442224
0.00043771471433755543
68121509616102e-18
3052559785537823e-20
0.0006744205544213062
0.00014469762501856444
40438908001618164e-21
825119798905327e-19
0.00013157592225121063
0.0002429679642409958
7336739711538065e-20
-5855317926180791e-22
5638839731479994e-20
43811738215059526e-22
0.00019215715465653637
0.00041597376709461193
0.0003467993879714673
0.00022194122256253743
7689424600106084e-20
48702817650171815e-21
9134153138988849e-20
0.00036470426659111424
4364468893366942e-20
14187546260226177e-21
7231954489437329e-21
0.000313082838558071
9559638881564544e-20
15597836151335474e-21
28148157431450003e-21
0.00043043410236649423
3619231981454853e-20
0.00043165202414279224
6641203969718085e-20
0.0005318670312562657
5176786318702798e-20
0.00025420028995782695
14012426283066338e-21
6982272624800075e-20
10724526433482541e-21
983499652856058e-19
3074976197473264e-20
4741528105772954e-20
15624908477167566e-21
5602293418843756e-22
0.0003276343515223371
0.00025956068692986226
0.00029435517328199644
12401050253259125e-21
0.00017247703284286843
0.00021303296757178614
0.0003940681842647921
7889834754501928e-20
8526691867283914e-20
0.0005178636041206223
0.0002459110085112846
17606199048098883e-21
0.0001927423029628667
0.0003160883874667983
0.00013393010675769935
6245900006468981e-20
0.0003951831221564756
0.0004679313450086023
29081547076200244e-21
4354810796628566e-20
0.0002420981108733815
57849969479723085e-21
8218759654842386e-21
29625992449939997e-21
0.0006376241052611528
0.0002688083388631564
1764430815148761e-20
0.000180472172500446
978885223197993e-19
0.00026367448451600076
0.0004524059313924096
0.00041096428903444063
14188600507205282e-21
1499887493852025e-20
3562092445418635e-20
7172600395870539e-21
992452202345492e-19
3190776904714391e-20
0.0008154599415912149
0.0001750815447310305
35402812658454735e-21
5932486144101806e-20
0.0003252940669454212
0.00019090545315739624
3677239449161551e-20
3969525534496206e-21
13350716494831614e-21
4026945909962162e-21
9887268799691265e-21
0.0001745954716562883
13834782067051536e-21
8877852845716051e-20
0.001313732827421895
0.00013301466925843858
0.0006387626379688472
0.0008596736844214754
8187591320655044e-20
4721233478103498e-20
2741720837941317e-20
9085591321342258e-20
8389075891294766e-20
29443142954114565e-21
37509843769351334e-21
0.0009670125718436816
9172459713745967e-20
0.00017514647702102036
0.0001785041925652662
787008014823137e-19
0.0004216224746946451
0.00013834295462899682
39999648894248875e-21
0.0003622481439686618
0.000353802259949427
0.00012852044492257884
0.0012957109680683367
0.0006334332918783466
0.00021314334584737873
0.00020597135252025192
0.0013221273981898992
0.0006285161529035207
7091757300039713e-20
0.0010074539944833413
0.0001491962333761019
0.00017543551100229348
0.00013922056726770366
0.0002756112368596219
2300296960151449e-20
0.00023445852140239803
0.00041285521084955977
0.0002288530863127036
8313193509087329e-20
2343818161164683e-20
0.000566039423689343
104500769950259e-19
21744074876624687e-22
8333883601373368e-20
4752823344293665e-20
0.00011400837280462957
0.0004588602097431384
0.00011280176848002459
0.0010638598518976027
813680970818127e-20
0.00032050442487126165
2255374032031234e-21
7132702220755882e-20
55281406796984315e-22
5214777731038572e-20
0.0004259008338337733
6139907672602164e-20
4851475117739436e-20
25584005103891787e-21
14130330280333255e-21
9660763442369978e-20
0.00010485127926082648
4578189377602051e-20
20604273975188044e-21
0.0014002262438680966
4416544786990188e-21
0.0002846911937830426
0.00010180446964833861
0.0012136188884336225
34560514611255675e-21
5878541562999732e-21
0.000553968129854293
0.0010037052230932575
2734979150690988e-21
0.00021859559877790587
0.0006170785246120126
0.00010734302163344806
0.0002973188549728193
983814153908629e-19
58729444966235156e-21
0.001453133615248673
0.0022601342221858596
0.00016623796744642453
972268089964728e-19
0.0012764326382949953
0.00035425655418945453
0.00011901280562469187
5752676747212187e-20
0.00032269109749172363
0.0012191663626911638
0.0006649977274894381
0.0009507983296601197
0.003770951200554242
0.0005168766736726845
0.0004390600557902029
0.0007402449934007609
0.0001609942405866098
0.0018114203180927134
22339660725281935e-21
0.0008489448505212831
36363429121308234e-21
0.0016058769569137453
0.0018983304446998257
0.0015152388722046506
0.0012544995979246124
0.00022629545497912488
0.0001306637371125886
9603240055835763e-20
874541723731153e-19
0.0002125376922925434
0.0009341031607264529
0.0010621760720696844
0.00039529630880981144
0.00020196726109020937
0.0004173638956152895
0.00030581402722968087
23257201384177363e-22
0.00029709120991711145
47534184296763725e-21
50846540796900846e-21
0.00023609165009413284
0.00014712695918515437
33879005165585644e-22
0.0006271795424220075
0.001115062262969893
0.00021796566373170833
26811465093530672e-21
0.00017001847480489852
0.0005483814426035301
0.0003723345057315882
0.00043685212953889854
0.0011405595942329246
23170863688974205e-21
0.00025113261996862174
9905664288506706e-20
0.0010693268666824146
-5036553923093785e-23
9933861087318196e-20
0.00010692562036847107
0.0010655896288836882
0.001511926468093225
0.0004426413875069157
45838267134152097e-21
0.00047918993275717503
0.00016296083075273722
39785269258216247e-23
17859898028628554e-21
846587835726125e-19
7646032997621289e-21
0.00017260104324207866
15210382880760215e-21
0.0008127013597119779
0.0010854680670618878
0.0001742751778958116
0.0004524558903416879
0.0004855669162802872
0.00045882504385268396
24047143524415272e-21
0.0003321247860534143
0.0010933854082161118
0.0008625932155995496
0.0016263935863447833
0.00020563979549766188
0.0015110471262673676
0.00018602209223012983
0.0009181849071703467
0.0003078224136385362
0.0006142772145880782
0.0006864145556357278
14618137646541061e-21
11800647643629027e-23
0.00022555113619691198
0.0007378710359490559
0.0017707749494102428
0.0009927285360087988
0.0002658622435769216
0.0008364634124550852
0.00010250185494397227
0.0016415916890618277
4447499509464144e-22
8651488114460598e-20
41133849486864384e-21
0.0018322898905343947
0.0005937802615283
812859851621581e-19
0.000597803807180255
0.00024765473784236575
0.00019077570038321598
0.0001738358502544635
0.00015744298851175912
0.00010653528427147482
748514574789798e-19
0.0004226873625267747
9901725250041532e-20
0.0002033283659993058
5578972974610956e-20
0.00030073514260815933
0.0004799585216027992
2182367038032921e-20
0.0010179976097090444
0.00016917539624037182
54242995599909996e-21
0.00025740922736524187
0.00022561483248128566
0.0002880136152313066
9677825619472038e-21
30645729349812264e-21
2715083711575075e-20
0.000249889992866264
3381893215319705e-20
736080483540462e-19
0.00012658018887297287
0.00020620357586707944
0.00026358365838891675
0.00033927311254434707
0.0008073032360362493
0.00016740604100353996
0.00010295524583082875
0.001092618234815104
0.0011945228366175473
0.0014831991609160087
5146940503360208e-20
0.00018169572387963467
0.0017230475858628221
3010069898877904e-20
0.0006614183856696844
5933778772553097e-20
0.00013335514788244637
0.001750196539417113
3826436898755604e-21
0.00029603672021975207
0.0002120035252021665
23589823017299762e-21
8879523727446834e-20
0.00018277476448787594
0.00016975211431768917
0.00031162302677673135
0.001345990214677683
0.00012976324501312532
3390041361370999e-20
0.00011063548247499703
13040395828936257e-21
3710546372162854e-20
0.0007535499455727891
0.0008304179143464998
8176647783267175e-20
25200225554696363e-21
7706736660215272e-21
0.0007698124786697423
5767000375056462e-21
0.00012552441247243277
6120837283501682e-20
32671742510602475e-21
5218713676778824e-21
20604591846036614e-21
23930093732522293e-21
0.0004133412993073773
3583792403713451e-20
41092998579011633e-21
3458553594691412e-20
8265361392043764e-21
0.000514685303184791
3547097506349136e-20
0.00013922151399591698
2181671787415649e-20
22458907457670965e-21
0.00010621526113056055
0.0012115204515649655
517353872591297e-20
0.00027021543442272384
0.00017724481697904533
6554663854640305e-20
0.001169478363233361
0.0004706334691636282
12992694282034913e-21
0.0003975474284927373
30816684403467335e-21
0.000775418619259788
0.000451370590502273
3861065706995648e-20
0.0007520370481257536
0.006991123393421056
0.00043361687642652305
0.0019062873462540662
0.0009486426065147724
0.00013387223424474848
5478874905181912e-20
0.002207664833836526
0.0003892267118960031
6594905215838586e-20
0.00034655276718101335
17927183798224788e-21
0.0019099610962075048
9879116628688283e-21
3231800122525196e-21
0.0002004449490579547
0.000957288098858809
0.0006728455246840344
0.00017106283008560413
0.00040443157877853933
0.00019755202378598247
0.0009635677970977835
0.0002793614263642732
0.00020200881893311421
0.0007013880806441841
0.00011621959858535654
0.00014647098030232166
0.0011234049170929675
962688391226093e-20
4347186090198253e-20
0.0003487118399045827
0.0017990599976025555
0.001260052732355921
1918031797799777e-20
4340258754791949e-21
0.0007634916122200203
0.0010546243098428325
0.00016900457146515037
0.0001280205188215716
0.0002752368328293307
0.0002467836364997209
0.0014272792380707565
23205118666823597e-22
0.00048539094254573963
27549597253668336e-21
8315093529697864e-21
0.000534090617365546
0.00034989271208987256
3569789794840874e-20
3019310962189906e-20
0.00011183117806520956
2013641415270348e-20
0.0003669032989319585
0.0004622702849507791
0.00036280890465983993
0.0019694049126339334
0.0005768464084247971
0.0013653792945553414
0.0006714565982720898
0.000999372451671943
7122262031479221e-20
0.001185140532373094
0.002528044079614892
0.0010997788531593976
0.0010776724527993043
0.0001837096923698693
0.0005359184657986564
0.0008721969167611453
0.0006336318104773411
0.0014467334615511044
0.0008946001095189438
0.0001651983766404193
47665949646537024e-21
0.0005113076281434419
0.000641245935961072
0.00015657973286269667
0.0008327800658319062
0.002196608037576592
0.0017544740808561005
0.0005585939874097329
0.0008686958719234234
0.00025128103683928326
0.0010376334544983728
0.0005462059775310585
0.0009649277229789143
0.0007648537094348645
5516955559156186e-20
0.0003479514539714015
0.0011158609328830726
0.0017627411027849092
0.0004943953923682381
0.00013854222918666632
0.0002129539888715314
0.002109472699333972
0.00044523605073764255
34231907876699476e-21
8391325967675579e-20
0.0012204095638799883
48446657111576507e-21
0.00012643731847429055
0.00048003047503265996
9084287548984838e-20
790248520635856e-19
0.00019556712287634647
0.00017429867823684988
0.0004392671873580538
2120709025756161e-20
0.00014368890193839742
9316931983128186e-21
0.0004979315507570299
0.0013208078274065678
0.0010217266859828301
797461566495896e-19
0.00010540154449061043
0.0005307331778310412
0.00034903739952779904
0.00020312750113936755
0.0027807868922193712
0.000674686870728376
4801174077469187e-20
893709940619794e-19
0.0023655882352086456
0.0022768339700041345
0.001534429325277454
0.0004948403509422932
0.00011742605964190331
16816676690296697e-22
0.0005940490876530137
0.00040918748414791684
18516706262706176e-21
0.0003541422369091435
0.0005738882043904906
0.0002230210331515719
0.00017121020531719674
0.0008352847600778378
28844197869922196e-21
0.0001785039350190059
0.001463683800852308
0.0022323319575902954
0.0001554281972948785
0.001583349006548144
0.00041121948856214223
3488364507289616e-20
0.0005997880967105331
0.00017114251703241807
8946884956413867e-20
25762906035447824e-21
9404344028584926e-20
0.0010352006975376787
0.0001475745491162723
7243469929388126e-21
0.0002463248711815831
7426856395489107e-20
0.0002405726630484037
6426800386042213e-20
6408638970431542e-21
5025287844496775e-20
8614158518986235e-20
0.0007141885949639082
0.001182416437487424
0.0026031008642087524
8467570018001383e-20
0.0002131904525951806
0.00019193079473913213
0.0005395406645001953
0.0015079030799885788
0.0008870221449186664
0.00015588023991471215
3664057571883435e-20
0.0004359146615657728
0.00039103971812574635
3625025174747969e-21
20521077493761088e-21
8281076439078099e-21
34001286037423993e-21
0.00010677659333147154
0.00017148572302166985
0.00012107729754706004
0.00010312356097418782
0.00014237945300960876
2770364644698376e-20
0.0014427532449862715
14722702386595272e-21
0.0008485265729487475
981565452694372e-19
0.0001478910425669212
0.0013191042849211164
616723059818966e-19
6234179203511201e-20
6619403603578674e-20
3188287052901969e-20
0.00015554349423307977
10302645119716025e-21
0.00047302546416230513
0.000975890628591968
0.00018903329955242975
33547837937265347e-21
0.00043109511076180635
0.00010433109155800539
7893538366681793e-21
0.00016124941858775915
0.00013037630720481928
0.00029638939781184096
7221390725288112e-20
0.0002964715774908461
4426242382037693e-20
9901442210539768e-21
0.00010789843523773367
7950707523859759e-20
0.0005758671649412876
0.00012540676984108538
13507827392340172e-22
15869406742986314e-21
2031234103110978e-20
172214297834211e-19
2182604984817981e-20
0.0006909516591878901
8196984460375925e-20
3409346406438086e-20
4228365393076394e-20
0.0018254227115693242
0.0006264272671892771
1921569949992196e-20
6735403956772784e-20
0.00030755290268300587
2321785016724122e-20
5308001715115224e-20
0.00012420819973047576
0.002633928675162531
2140968989522024e-20
27344948922258494e-22
0.0023027566050793325
0.0003594237086666997
421784951391871e-19
5974990729769801e-20
15467156735379e-18
0.00015786900357996783
19566296687221478e-21
0.00010533597209397494
0.0003325920586963555
0.0012694046475058925
0.00014951440055877306
0.0001493256713018808
0.00015270564426895727
0.0006093667415504273
0.0002481785248517367
10379677217056486e-21
0.00010854736238800276
0.0010074238995878566
0.0008172063068709201
4226264558857881e-20
3590222485363794e-20
3187844040100829e-20
0.001435813627238332
0.001099612072649129
0.0004701316892638414
0.00079807506662895
24133656519425046e-22
0.003802905030360611
0.0012739181271468755
0.0023612957371239897
0.001022020731970062
1900954762082283e-20
58621302646402914e-21
0.00029339890106446637
0.00014064140448540087
0.002108492589537686
24149479830358313e-21
9330435353318809e-20
0.00040031523198777116
0.00026704898050911664
0.00035767562892414584
8000790540276996e-20
0.000924309157331078
0.0002902191712586305
3403950137030732e-20
8470721126597798e-20
0.0020252077463412885
0.00019139169823875578
0.00042262087440760135
6793860350671264e-21
0.0001514083784901112
0.00018780309039462007
0.0001692811377898983
3504811818137594e-20
9887614017390291e-21
0.0003265489744040065
0.0004523951314577473
12398915332940788e-21
6046809772319881e-20
0.0011057822490213257
0.00010413840371762179
1648732218607171e-20
20496073492922433e-21
4640517622541958e-20
0.00010808038042072073
0.00037461606979167003
12792829380424938e-21
0.00014760604040315846
0.0010743205138856425
3010339694899686e-20
0.0007259337224861785
24588413845549073e-21
6771410034976089e-22
0.000650402170987493
0.000626046697849437
0.00024491683117974463
2487994759993206e-20
0.0012641650714050052
0.00010082758867467405
5275678109748458e-20
6931359982736751e-20
711652267379163e-19
17841228136559737e-21
0.00039097801396408254
50031896812500715e-21
3050554438752994e-21
0.0006252780378615565
0.0005491290556318896
3869220026260217e-20
0.00036540267050620825
0.0006003089304813683
0.00020010317873131797
4358845235904759e-20
8296911452450449e-20
9688250559441751e-20
0.00042668575682807964
0.00038920616557933964
0.00023939209431445753
0.001374653751688154
0.00046304804008364157
8086445604000345e-20
0.0001805309728958689
0.002255318476690371
0.0009641862073826717
43827381077383e-18
0.0006896324286880791
0.00012487263593614317
3960562295054042e-20
0.00042419941831438334
7461630728017825e-20
0.0004527871316792188
10706705602805107e-21
0.00015825320650557205
0.0004215177420219358
5862840672503159e-20
0.0004439978963832407
0.00021728508013866974
0.00048120584100633793
505980291637601e-19
0.00020317234874842933
0.0009618030156196097
5906383926789649e-20
9766783733576038e-20
6291197253467408e-20
0.0004735119181103772
4070042482879871e-20
0.00043130107373407146
5724402358503594e-20
0.00027979706044114827
7068699491111016e-20
0.0020951709288857187
31244524789295876e-21
0.00020655293266426224
0.0008417791405490742
8565546468400968e-21
0.0015672787658098143
37219700665781116e-21
3518394542718046e-20
0.0001125615936512855
2200742354313489e-20
0.00015898251979013685
1948491882043207e-20
0.0004294138532098311
0.0004766678870644729
0.0002974058051622497
7469752808060916e-21
0.000498342933119342
27514478786089583e-21
12212057063801144e-21
0.00030860438236407137
0.0005557903549566057
0.00017677904714500715
0.0001258220115635267
16970977430122976e-21
0.00011963852602603368
5708822449098373e-20
42271519801039365e-21
54341214106837335e-21
0.0005530156441435316
0.00020307950357450433
590475178623057e-19
67589226855979585e-22
0.00019370131431141414
12317628522982945e-21
0.0002708627559451016
0.0002209105820639945
0.00035475988214191335
0.0016570727482408077
0.0002020396116941017
0.00018378760470250926
0.00045422575360445374
7897728933747656e-20
27874979069383822e-21
0.0007800508879219129
0.0001238779732404663
0.0003513463343833707
43372414848481004e-21
0.0003298121435962094
0.00030661073812837236
70960700765305704e-22
0.00014365805912212534
0.00033416844588382935
8119923746462005e-20
0.0015368394230631372
0.00011077626931048874
17707573692018457e-22
15444934534775303e-21
17889086859251682e-21
0.0001270921582319004
0.0005098349262304719
12532498869950537e-21
0.0003337385612526948
3101523628567621e-20
7023359450157434e-20
2407540890869121e-20
0.00020878680751290423
0.0005317561791579196
4600738551808719e-20
26004239520810995e-21
5375389451617676e-20
0.0002729081137763873
0.0006121795316668124
110908026020289e-19
30028293661790836e-21
6345536220815198e-20
2164103266406631e-20
-7490701363621338e-22
0.00028676361123481693
13580733655721876e-21
0.0001536384700814311
0.00012085196132998343
19161790150340006e-21
2452056382816315e-20
9120826777548353e-21
0.0006897453863340083
31254102556384876e-21
0.0004936749747711978
7448264122902315e-20
0.00018978286033256202
8069408199616598e-21
50028527653312485e-21
0.00014980881541694463
3871679797550607e-20
4081966362865895e-20
992122571485038e-19
7316684917542564e-20
5760856902757489e-21
7809060944159736e-20
4262718242524534e-20
0.00014238404287935668
0.00026623310984822307
20073846522404297e-21
0.0005897593852935533
6986117636653197e-21
8422654828079905e-20
0.0005084368212142543
6972699554061936e-20
0.00015689285204202366
55636357227739753e-21
16377687292529837e-21
0.00015660513920528064
4407928911774475e-20
0.0005199924117518818
0.000324838477336748
0.00016962984252475545
365977174442615e-20
7420084614367207e-20
10708115575487235e-22
8753905544104526e-20
0.00026860314443044093
0.000212908253642889
3312184861316533e-21
16345527307271588e-21
1620408263001231e-20
5146634708857354e-20
982563874374265e-20
2303023607875973e-20
0.00037229753736150794
-11259126461075196e-24
5730058896686892e-20
23827545740131807e-21
0.0010169908214620084
48327303180238185e-21
0.00037299672374984896
0.00010121088942995722
0.00012342163709229306
14538177223602723e-21
9811069539414649e-21
554124629699121e-19
0.0005446527832541088
56235941847380685e-21
11742983276448683e-21
0.00018418840872933296
0.0003096031116193902
0.00010636535325187249
0.00045709720383938906
0.0005351609123182891
0.00012979091140913774
0.00014858179289010563
0.0001671034359352393
70084916763132715e-22
0.00011729985838510353
0.0002093697996659095
5560600349293797e-21
7558951546489371e-21
816478380833117e-19
-16108662301159914e-24
4598214928108606e-20
0.0006461531338187011
382876737104605e-19
0.00022438280646421346
4730346478606337e-21
2851332062994543e-21
9104504084713407e-20
8618173248910024e-20
25807440796100903e-21
0.00031498561915710394
5718726634091727e-20
7419774038902283e-20
6109638423481503e-21
5349069224981558e-21
5050811022800717e-21
983462617403984e-20
12187312128944128e-22
16848972809486935e-21
25842234895268076e-22
