21173141673269669e-23
8599206391590055e-20
0.00514126813002006
0.005937158400653518
0.0007975201894408441
0.0013122742098414083
0.0022969972736797545
0.020108901341914582
0.004586780261390186
0.002037460710076173
0.007747597459763375
0.1990775762547233
0.00893379947837508
0.04858813572344781
0.027846971098792896
0.42462359969762314
0.09142619754074777
0.037174525366917864
0.00017657111422661454
0.003008384418027351
-9772617685373198e-22
0.0025964787239588175
0.03307893259220471
0.027862962208116415
0.029936735911650438
0.0017035885468425424
0.004666456364320363
0.008827877514523222
0.0002828501055387726
9693981127913276e-20
4023301833967734e-20
