2500437194139296e-21
0.0001769483823612099
0.0011031230454077005
0.00047058579763369687
0.000676061739170707
0.0001417817482459931
0.0005180090375397179
0.0008839246959850157
9131634197616797e-20
0.0004149050103292691
31886461698969366e-21
0.026879763121098854
18423484460437403e-21
0.04696501734154622
0.002195440825698077
0.17583697789371747
0.020692359027324095
0.006160589248291313
0.0649082359184085
0.031017002359434914
0.23189454334490361
0.05596324816407276
0.11217819530868725
0.011608817946434273
0.025127108781718862
0.07422566033375579
0.0018405616112263828
0.005131793882006842
0.0361383139441077
0.015845224715768772
0.023898025103706973
0.021502329980651245
0.005458406054550598
3192225604895428e-21
-2733147182818138e-22
