506000326515885e-21
3819159468604763e-20
0.0013564740654552587
0.0008872476049787494
0.0017564654536469527
0.0005353300913351428
0.010905406260239042
0.001140999457179246
0.0026566540437230972
0.024644234136836057
0.005852623805177324
0.022618557895432382
0.001012128356089556
0.0010942399916802207
0.030153374123824166
0.0006640818502198097
0.028903382353936944
0.0005123254533398543
0.02687906383258225
0.0003424160453384734
0.011436193662691774
0.0008830631624839903
0.012953187059646596
0.01254429761460257
0.040631345210501345
0.010319242829441166
0.0004753187979205356
0.020687657869351783
0.0015621858243871681
0.01470164931107428
0.03459708657661828
0.03835075991524785
0.02472730657065817
0.004483041923146238
0.0027908309524870825
0.020111648316883605
0.006880404164894596
0.027155928175148187
0.09468259706172696
0.0003716546533986394
0.001040268189900264
0.00036266243254046615
0.004231345133895436
0.02444856167144027
0.013208331673215265
0.028031366412430536
0.005235459361659217
0.010388266285044067
0.021567580147471715
0.0001225854636751494
0.006846238307122831
0.012249342201772151
0.007857021632530478
0.007138589362341984
0.022902941419044122
0.014802174822025572
0.017424328777740337
0.0008216758167526367
0.02256674558775319
0.0029266656859024765
0.00857988383491812
0.0017053928853727864
0.010243086191565621
0.0028080867678914163
0.0011137272783255782
0.020368867990380755
0.015014828776684364
0.00197745394360371
0.018642865932451368
0.014690598013584799
0.003335415184043118
0.02330064045621799
0.004807709018846391
0.014172668446595446
0.005640385314208255
0.0035519132734083358
0.010475258649403926
0.009757733299684334
0.0024460642280737985
0.002551515375897531
0.005955787762843447
0.017770059147486014
0.0006388255686218419
0.003652858399893028
0.017574910425793656
0.010162586436695646
0.002205164142248186
0.0003571967235715443
75631381704970404e-22
1970094092242278e-20
