3301845160338414e-20
0.0001999635720416096
0.002350291856250556
0.002187066694969839
0.0015610846461016584
0.00639036519495393
0.0013224759220731316
0.01220192737226558
0.021934077931852574
0.0006121821072336239
0.01770611235711553
0.020313252528385527
0.005525431551946221
0.0011610175920887013
0.002009235283016952
0.003314124680948353
0.01804544183052862
0.01246682758800876
0.01003788809115214
0.0018672221657969406
0.009194790254454676
0.07808400450629167
0.024679502326420494
0.007599648909220565
0.011229865177234991
0.01843209459818825
0.007853639995980953
0.0015033733618370348
0.001799634259769814
0.0031374576644735094
0.029854490293781726
0.0007944124268514535
0.014215293436880374
0.02409820231048224
0.010400800606153933
0.011871156585729065
0.015949499244235492
0.029307892826765523
0.016794812964613586
0.009026833064281684
0.031206162978003712
0.011887264101784404
0.024628590479920897
0.02928927919714178
0.007008165910420065
0.017987541868246897
0.002002384081120697
0.029439671299741735
0.01868274990792261
0.0003475094136659662
0.0014912288678741227
0.038629882534285204
0.0005873250286558196
0.008044097962456486
0.011748169755686764
0.0077494408647705414
0.014609885501033025
0.017423386941655853
0.009594328227085005
0.0009925034145300666
0.024920797514531617
0.0011442152647977884
0.0013413207261134398
0.0021072634686738886
0.0004754787123665205
0.00559135572561086
0.01663261367773356
0.017111630334949873
0.012231135802493596
0.006564483504637503
0.003996482660552003
0.01814474298689064
0.001805107351695424
0.003379993125675353
0.0005373021428223011
0.01262059300411404
0.009896392688160536
0.0021594802995262476
0.005581800618597158
0.012904192429985951
0.010461866563627128
0.010770066172180211
0.01306990952944729
0.006047698261669477
0.0006022979852261811
0.004817449263262298
0.036397485094402264
0.003771722981029404
0.004476251790650468
2288975059468077e-20
