2806761506053643e-23
-9515648720685716e-22
46011588910847365e-21
21019905230594412e-21
1613457534703465e-20
0.0007816796429563468
0.0008127340146324218
0.0018974329257164923
0.0001891615170345885
0.052907119383453764
0.022599337746018636
0.003604619698299456
0.07388463185563543
0.0004678229823034103
0.005244634653616476
0.3504434306592333
0.02191721872119922
0.010367853041333249
0.0048275294431161945
0.27176390519257915
0.012179604035120306
0.08938599383954038
0.0009634848981256902
0.01655212561707538
0.0029740311312071543
0.03208655925757721
0.003335452112626108
9519487194215364e-20
0.010443141806605024
0.0003397134197135355
0.009853344961107501
