572643539567381e-20
13463315682347712e-21
0.003257446646226212
0.00882527306833672
0.005958531839149933
0.013094414995597324
0.000992875852530851
0.002325644490497018
0.009988432468249321
0.00681486713149139
0.2155614996347765
0.0014006648765226165
0.0004241016083627631
0.03418062347958854
0.06306988856074025
0.007331779865148904
0.03900049891333061
0.03015562607867128
0.12364508180123528
0.05049856043991176
0.007984709517644012
0.037033772958908695
0.010943859674275774
0.05630884437714425
0.0054837819548875675
0.040574530467453296
0.0003979107934493971
0.006188454487271399
0.013873837793389103
0.0005045180740177956
0.10676496558275506
0.02384127542417849
0.06128699540412111
0.004839532176406561
0.0001579789862885948
0.002586768949046427
0.0018223311694390847
0.002861170379862702
-23967198423346364e-23
