2898785001141611e-21
0.0009139966616308482
0.006252606506517195
0.007231203349582629
0.006469085131141103
0.0007491878305764221
0.018048922193912652
0.004168930016830327
0.016287906770726522
0.0036794339688114353
0.024123398401373834
0.009846646202684566
0.00395118675094719
0.019368368241058413
0.005987591057328861
0.0271618670804369
0.024847375440709054
0.023182891819570763
0.01754006023333942
0.026914344240959363
0.004083000711135149
0.010475870427113095
0.007377606804228748
0.011957394516869283
0.013826284081645664
0.0005248563377895318
0.02705646212509694
0.010529309011727795
0.047456396824175025
0.025978049658389006
0.002374659091372406
0.003586350632845211
0.010014768362911508
0.006058101185659031
0.013544629906380123
0.010463455901398922
161660005665979e-19
0.013272794891281626
0.00140000301687787
0.07176117182710266
0.0007103479122248933
0.006860730815249592
0.0032224568230317164
0.007218904749325161
0.009450204290297427
0.008510669719972908
0.01593571702632088
0.005535576550378455
0.002991505711972418
25650165898941482e-21
0.008837473298023464
0.040558431782116953
0.019470282596157858
0.01015817433100608
0.0026271591680362754
0.003085212685015931
0.006358955163739908
0.010627094832662979
0.014992339437429385
0.010834853680692725
0.04039965932188546
0.009963103499615515
0.005483945318858142
0.005414172150970638
0.01224772150865914
0.022188654201078375
0.00048323846791244944
0.04407994043759557
0.010243089244893486
0.005838199787822698
0.0002213958574061248
0.0031854436855214482
0.0009194320945583583
0.0011373399819503422
0.0017466648856237174
0.010476833388505795
0.05000440181983243
0.0019934493364383143
35506095452684537e-22
0.010684846311588506
12395124704253197e-22
0.0022401427531404086
0.002570386968533382
0.010703891949123917
0.014069737817949879
0.003736965625016198
0.001452428343967516
0.0010193199397944533
0.0009822550509416574
1157739154207064e-20
