0.0023828063413017806
0.002855550653732737
0.00438011140036245
0.008198082131800451
0.021251471128946
0.003020468251123907
0.013733483816034706
0.08592394725563544
0.08720427049892868
0.058379061130914664
7462090508496971e-21
0.22309938864129467
0.00044977786189955986
0.005667470455364521
0.1306611182772979
0.21151441617431965
0.07342175617122132
0.014216456225025145
0.005135580678276225
0.011213674816813153
0.02407859049514923
0.0027160472039911253
0.004521684871976122
4166930422803943e-20
0.0001448132868484089
0.00016239752096939243
0.00038974676030416794
0.00462946640581518
0.0001357276978615916
0.0004637189009032073
-21644884783166354e-23
