7599818964768024e-23
0.00018226747546870253
0.06378669984787766
0.001366740083081045
0.020952457736090495
0.0030616022231482057
0.05020565545160794
0.013347156452989707
0.01304944649917672
0.10846670712152574
0.030090458588698268
0.02371449524223513
0.06647111896865002
0.028967874949582757
0.29208517076573265
0.02846891529121461
0.004029622092389863
0.00019586843403951036
0.00549190835791628
0.01526998522491647
0.015200620146952382
0.003556981462101289
0.006171397037025945
0.1438667177532428
0.0416253391990191
0.000771027522851412
0.002269820193764162
0.0006091450282613126
0.0012782023427919615
0.0024426597204058736
0.01036560084469837
0.002032154706681343
0.0001880757968155044
6504024509284592e-20
0.00035299119576439534
