0.011002193489185541
0.0032163942207000316
0.03664462273242255
0.028662259150620855
0.00024393685243060244
0.021025829381711814
0.008373660280430066
0.0020098044211314973
0.01904312987122699
0.023798485312969
0.03427727481827505
0.012993290340512002
0.016625330198958014
0.003316927720776711
0.008046360103910976
0.0004925750683079229
0.03081072283388084
0.5237761549104675
0.0022334759945176214
0.05849947646786328
0.0045933002600329394
0.009724365425445587
0.00018498954326890134
0.019121815029016682
0.027499859885835247
0.014513056326775728
0.012365869096562091
0.0341189558870395
0.0003517847827488086
0.005913068966791008
0.02377638786677197
0.0012545315803166996
0.0002416563477532635
0.0007798353570763405
0.00046874885972595623
-1293854595419504e-22
