-6981907391775276e-22
0.0021228620051314878
0.00585365001879613
0.002434087724863502
0.002075189264164035
0.0174850508170225
0.0014907774887259915
0.004857714038195732
0.032029475178008374
4974524618021608e-21
8555038396408562e-20
0.0002583582152530938
0.01885840521953236
0.0003369260223126183
0.00968821091892559
0.4049157132996936
0.0005829155160775939
0.0016621406223808852
0.3535471127999696
0.0026318301083499834
0.027948365651359823
0.006629828620235964
0.0016617005078820466
0.024367950818131968
0.020857037582184646
0.009406085264332472
0.037022951048792094
0.000750008851516417
-9960715420245351e-22
0.00018183035866095408
0.01025499139319965
