14404224501713206e-22
0.0013506561145067418
0.0008683647779540414
0.017759770775075193
0.010167340315186844
0.0015934601740661847
0.0046610690271523605
0.005897550677694225
0.012508797069101464
0.012373170747228577
0.020993667636786856
0.07583167405455588
0.002372340501779128
0.0072848711616791285
0.010451835662166889
0.002954776349842319
0.0019863679745433377
0.000873724234401726
0.00958799498654403
0.02119393599120422
0.01682390922614414
0.027860840812547864
0.0005717136879265757
0.00037156960288048466
0.0013569240561512824
0.014408760103376305
0.006476105577335987
0.0015969542444127115
0.026805172742523958
0.0227607748644407
0.01695660405366677
0.011864067714680517
0.010235724846023243
0.002752082130986553
0.0030469633596369896
0.03795724694486329
0.017870600958048315
0.012800990049021176
0.013031859783619013
0.009715244932364368
0.010415251601875623
0.0038919258700717417
0.009813111203056198
0.0010193252052369823
0.014213239560275667
0.019939362128084934
0.014769850941053037
0.015181756833324489
0.026447056492752103
0.011678179907759576
0.00042589033050278215
0.010354308196069313
0.010315082420095956
0.01257967911013562
0.0216672037035913
0.02271972652568833
0.040733582392594836
0.008821718261334899
0.02035031105788378
0.0038496681595667566
0.0011023404205555021
7076805208693735e-21
0.01084888001548194
0.01317789089190546
0.03786710537251353
0.003409823525270591
0.010609093144776361
0.001048861508565094
0.0007684194867865049
0.006307763655856889
0.015068815627593424
0.035700259790380155
0.0015449230347070971
0.012313763165217796
0.00033540251880830263
0.006781434957197168
0.0027951748398869075
0.0070888027617757214
0.0009981203806304995
0.0031244942046864646
0.0011490119098841566
0.0028524069667062
0.016688889895127092
0.005222574826317526
0.0030626894475320613
0.03021104248123918
0.004802308389667287
0.0046030125956678224
0.0026416777365485
0.0027047913979827507
