0.0008275147580875591
0.0017027368547972172
0.0060843281356160375
712565265421428e-21
0.013566065792676617
0.0013135102897073414
0.009441867267681538
0.01290327364763881
0.0011266964296492638
0.016728117302469512
0.005640618640243965
0.0014110466941269829
0.003264037954992483
0.005466799195590035
0.0017964000313485402
0.025754674958926332
0.00682970344441503
0.01172952251118667
0.01728314218026251
0.019365478034942506
0.005633215578870049
0.008070386405067938
0.012373691915006648
0.02090813740470297
0.013906947293084804
0.001594487651067613
0.0012955610860881598
0.030422730031448457
0.004219237634522747
0.0011689613773951297
0.02362529168921969
0.007562146754051546
0.007963532834038027
0.003519760261083112
0.0003740324433409886
0.09109091412987018
0.0068089547346259416
0.003693868496588965
0.0005427421440582792
0.003043328792555852
0.01982984516754535
0.012089342552918868
0.022832409235417482
8947019268945274e-20
0.009935746907417971
0.0108044316021755
0.011402879080878647
0.00479207860265309
0.008995202581229397
0.025866609104413345
0.03214872966006697
0.01028198378852262
0.017303896829172757
0.013311834576405689
0.01121834865649619
0.012473837891946908
0.028934943128431367
0.02833017292959968
0.016384458611610187
0.015191517701170233
0.021064728536131953
0.016897187260080205
0.02546650387223547
0.006494178806841078
0.008627816195775838
0.01996953525549049
0.0003248609555320437
0.011344246160463303
0.006295228056289893
0.00499163108340259
0.0024127600707493364
0.008397629549722577
0.03985651951436321
0.0007194008034498054
0.004889677545703163
0.019646020463857484
0.012104751017896374
0.013559768375276428
0.0023704268250452037
0.002595712204847291
0.004036571775434769
0.0015147739106757205
0.02147526321456957
0.0032942265977271993
6302154983258119e-20
0.005643808452524973
0.008249690913251296
0.0038771826354748206
0.0015418315910582633
3132659223791796e-21
