0.0005792317398514466
0.015126797001026919
0.0021897492162769035
0.020518029570050167
0.007577412344862755
57851852428007106e-21
0.15962435434654038
0.3258440709765666
0.031500505014141984
0.04982104068529911
0.018531399612662966
0.05106574467995072
0.0010470559133910814
4925214889669929e-20
3917494412549559e-20
0.029480325553941353
0.0012763769561960124
0.049213891355406006
0.04365809945400889
13391702738702966e-22
0.0029742926062945384
0.12423460322531638
89816276675224e-18
0.0011956122849875787
0.059845619434426595
0.0017347849761011845
0.0015923861084749633
0.000355888516688878
0.0004722484853576359
-9680715284105246e-22
0.0003040136213080909
