2179901853804551e-20
21082142452645338e-21
0.0004830655147865672
7160740244844231e-20
0.0002569622189296828
0.004001668513532456
0.0172223894222622
0.08348308185813624
0.016686455819040776
0.03537024944943206
0.04496467451997623
0.016318964457704227
0.03117280624229555
0.015070938035441551
0.010836299831995121
0.024899595798603274
0.005214725254161664
0.007118772158717741
0.001994940870845658
0.13352077764573322
0.05156171678763859
0.03832474094951067
0.04301103267693697
0.11229655918142385
0.00742976824236926
0.013824706613289604
0.18889075879847886
0.03781462526222885
0.004751932056343321
0.004644909775197123
0.027826325520374205
0.0024303725415288583
9757843851526133e-20
0.014995001075288726
0.003267689163525354
847093843178371e-19
16717357999106684e-21
