-24620574614976065e-24
582458431754969e-19
2449689694743896e-20
0.008167289888700495
0.002704361583280653
0.03467190542220941
0.0743049878909978
0.0006816257681037878
0.0010855991069278273
0.002573076493897069
0.029443907110608264
0.009197179418271752
9370202327203345e-21
0.014247046360290125
0.05149577480422893
0.07293414561051927
0.010628032937693266
0.015457172714504766
0.0049174967761412905
0.012711606063887491
0.06727317714929705
0.005829475259084037
0.0007831446321056874
0.027397984542709
0.021963174611276292
0.022107884646777605
0.008812229311311114
0.3649062724365928
0.004773859262658428
0.042403381042495664
0.02763474580541951
0.0021318285285436417
0.007029539013968097
0.00855228779026958
0.0025664644525644265
0.010673110112800274
0.011285569195777015
0.0013235611442665867
0.015179601996721411
0.0020594127932241444
