-6040771792082207e-22
2513720072922765e-21
0.004729994263541173
0.03434077062519801
0.0023748365562956337
0.06719705142588166
0.002713490182056305
0.006348516659429681
0.0671532777241847
0.031448622131052144
0.11397826476347045
0.05226563970756312
0.10950170521753809
0.052652431012653086
24955666087384915e-22
0.007588578810199966
0.13014052434131135
0.11507920558179542
0.03813296279110505
0.0004072543293184158
0.022115996725974734
0.00693293044780831
0.052015130487084005
0.06310399795026499
0.005901867625478589
0.004057375794618258
0.004979437621815284
0.0011164885307564894
0.0032224151238285197
0.0004965608916793619
26746859491185435e-23
