716122676591973e-21
0.0014915605382093485
0.0001907174795815009
0.00751072366840774
0.002360488283481257
0.009202563284235597
0.0005135339204406979
0.0006789197583913971
0.022191814248564038
0.003848292120701757
0.0003895252241802784
0.027663323855787365
0.0011420586108208807
0.018994874541855042
0.03613869164540356
0.00048294033310263646
0.02612159891298135
0.002089854484479281
0.00710804757949942
0.0055250822070189495
0.001308552963272563
0.029092789891542375
0.024302419395532238
0.03149221721040194
0.035260457770684636
0.013528927599159647
0.03467653072444403
0.016076928512708196
0.002227321683675893
0.004734022658144916
0.024249949841583823
0.007869176294601415
0.005392888064182738
0.005148513000533397
0.0005694212637830041
0.03790940265693967
0.010268037772697582
0.0041351217212673135
0.006799057997287842
0.03042418950077253
0.014196893727700008
0.02064603042700308
0.0006307450600395113
0.013170938194656099
0.005012903603715298
0.0052804456825005985
0.002207581554944317
0.0038979975043144017
0.0029399187638342447
0.005923451091062202
0.014110510703954854
0.0008306868352968338
0.0009972156755185836
0.0076855050171832345
0.01197049477991051
0.012334659356678254
0.003985837097484612
0.01946635508242578
0.02026491401310069
0.0017822431797291486
0.01685097597371197
0.006204132602967419
0.03517218911625791
0.010303026304150602
0.0010482736986597901
0.017818854537873515
0.015013924490513983
0.018762353268230253
0.012588268377738613
0.0005739817922921931
0.005344830359274749
0.005152480424039613
0.009711580272400816
0.026611635591309225
45864415099990954e-21
0.0013266534750482509
0.024856708063477433
0.002451840610058297
0.033383468136714764
0.007002348080317546
0.000515591757946179
0.019860554885785992
0.010289148806476793
0.012312452666589646
0.009460423811507076
0.02550826454881044
0.004771927301279465
0.00015849966777628554
0.0004382245639507479
14941705653825911e-21
