6797815975588393e-20
0.00040539800254457995
50129226408585965e-21
0.0005985396822665788
0.002889153669809145
0.008448372373314809
0.0006009729375833487
0.016336201151126443
0.05722253830946983
0.0015244768459865055
0.27937194638433366
0.0032285323964124524
0.07009574288169021
0.04178488430830069
0.02568165511588696
0.011309900957476136
0.0026852938357627815
0.015263816375754191
0.02634774454484244
0.026107315728145872
0.003870080673799285
0.2506630866311918
0.03810495161413501
0.001212566025977987
0.0027012745756837733
0.004146075030567893
0.013463489377094007
0.005085825073264047
0.027433399179943575
0.005751075342677768
0.0015731277053380784
0.04746784481466616
0.00032501304551619793
0.008056758070137608
0.0001228383827806061
2001570355239371e-21
