50910895889694446e-21
0.008173408682739134
0.020928927850078195
0.004323830486267797
0.002016683392290768
0.009905856774551136
0.018113678109167888
0.03208670022881553
0.01296216029145064
0.0016584299793679493
0.00011320704574019405
0.021556643545702824
0.005715612537186227
0.18193845482167229
0.12049149472325121
0.02285667559723489
0.1703153853120701
0.013758518492007227
0.017078725242287898
0.2704396436111121
0.007643154413352692
0.0012922543569466836
0.005760837399483302
-9352684859089211e-22
0.002955920358295069
0.030593656645793305
0.01259424636181505
0.0001507309308934555
2899949491831821e-20
3487011256169195e-20
0.004461317575542573
