0.0012110634718980778
0.005719735981039526
14534498231444024e-21
0.00010581529365884761
0.007180867000012324
0.004103329713284964
0.004474696962495727
0.0008991374552517717
0.01215615659290024
0.0024622335558216355
0.00045591968864215106
0.013983548529941008
0.024650541675384944
0.015528980425538717
0.020442048872290768
0.0062883148169578995
0.0067717466502496045
0.007797746316231095
0.005820137970502363
0.007559716469862632
0.014788463450409815
0.0302768059261085
0.012771137608581642
0.011340830044356766
0.045050284276329344
0.00975989957351344
0.004863586201670548
0.014203900466386818
0.0005054615077554335
0.01230733922353728
0.0016282093787478781
0.018654686042106516
0.0007122388108826926
0.0006864794565361799
0.0344201486124579
0.0018831621552444177
0.01503081742012709
0.020275555019646736
0.020207927555822874
0.0002521290825123725
0.013227974656662375
0.0012400976314881696
0.0014432872999748773
0.017442339307437205
0.01194937101107704
0.026716131862254
0.005500115108612837
0.009827832962256554
0.009705370690974513
0.004220126194065001
0.051946030714739265
0.025239069660911297
0.008314415048718543
0.028044767666580497
0.00811098037569594
0.0005014518070190499
0.013691683330803298
0.03238569624188207
0.003755681514805092
0.008301467349628625
0.029576962381245988
0.02355161125150505
0.005867064870482855
0.019160253911886405
0.001504647607200303
0.001027227316200309
0.01578771637900101
0.005567941547074793
0.02843421603739581
0.0031891819210918236
0.021555017590463306
0.011444652664912743
0.0012880644063786603
0.004183263150303486
0.0074041415703848005
0.013561850898665384
0.012204403226663973
0.012160677986780784
0.0034738791983025077
0.0017295877758762344
0.002794745043748266
0.0012697972322578516
0.0023862587260845575
0.011766044510139642
0.002105299099796227
0.02676980374730853
0.009709581385477395
0.007857791425114568
0.004688790181405764
0.009170302768334788
