0.0014217986084498232
0.01003531187271584
0.0008662970263319516
0.0006633128067798727
0.00015061197806848857
0.0018729480017423607
0.0018617873890879432
0.0067179558723555405
0.0327535190457486
0.009499675746364776
0.009773908438819723
0.026291132318391124
0.009764906255603806
0.0032097139039150326
0.021547032036450864
0.010051587045366074
0.0009231461360466021
0.042642611680560875
0.03388389812968754
0.3228755476034865
0.0007515525891406995
0.0006487421878935164
0.012575852770765625
0.22254199217034107
0.0011710661490685257
0.0002581686175779539
0.0013394335643859884
0.14149082766292065
0.00747095567144049
0.006345283550419867
0.003437243174816436
0.02058394942746449
0.012434395178930711
0.006600855991892868
0.009146456191309844
0.00046961969758404706
0.0008396222736918944
0.004566108336667537
0.0005211728977142123
