0.0013067921409158421
0.0026166155319118384
0.004450650873205641
0.007236673691322659
0.001796616145379825
0.0041683909286842095
0.0007724352859680575
0.016232475641775004
0.0029326419243315286
0.00033839265322094513
0.011292871504934509
0.02411264242920182
0.025773162576191833
0.0083581466947857
11980616796056047e-21
0.0011437225647006298
0.01022296274351289
0.01750848628880574
0.033617165236873116
0.027349457613435168
0.002192379086296679
0.03042166512030938
0.030822090448622982
0.0018422562326745261
0.00474419969450744
0.011180692025113135
0.023062690561060868
0.0005133794629399598
0.0070318774839983975
0.006381667205691513
0.031838605274341104
0.0024563619021240003
0.0010824283438934778
0.0012803997832736907
0.007179045307622907
0.011920405831517461
0.0006004521929494893
0.03077611329334223
0.021225715148649273
0.022040767734176302
0.012812263977483584
0.002678477916004717
0.01646277357713178
0.01709850963742391
0.012245388698647962
0.005229231017130766
0.01640862071510504
0.0004657869017496471
0.00030083705273000464
0.0007122119141785969
0.03777073684067351
0.02290615255626024
24587324044587126e-21
0.027679820775693753
0.012748663306631169
0.0030661395402230905
0.023429319902151233
0.0017212678946294895
0.0020915553472382435
0.001180178090546341
0.01170459282482948
0.01882963302630597
0.007054933025520416
0.0750310876739846
0.020629864033783692
0.026942545070508677
0.0020083518251893515
0.0006227251566426538
0.013526713312569208
0.003612742106053399
4071949419086717e-21
0.0013108948864358665
0.024454728208459675
0.0007684798466560589
0.014395213861410445
0.014447525128940833
0.01791029115820054
0.007309261513861116
0.0043111512144329974
0.005856925587573737
0.00037269333198282405
0.016912989645921743
0.0076107327205170786
0.0030728177454832145
0.0012425605736134401
0.0044742076688695535
0.0008476448042348054
0.024232197598575835
0.0036207533555410987
13672939746810014e-21
