-8091042539768046e-22
34393827190040405e-22
0.001355364930392559
0.020031464070957246
0.030622748378755026
0.005602256473065828
0.06499615448310558
0.0013399175260952923
0.0017806841588083205
0.33717326766259725
0.005305567760321752
0.0003586063268485011
0.004355627095334026
0.010663126285474047
0.31860887530815735
0.007533209579022629
0.004037757016965428
545158608870841e-19
0.02138781390117574
0.043964128472566096
0.035265682894630286
0.00042275860242807386
0.000866365900567398
0.03586945917347418
0.04107593688734694
24055717728539327e-21
0.0036820191183591987
0.0018341256900009388
0.001074136892211894
-699353582728194e-21
0.0007124429078405797
