963465228981675e-21
0.0007455972818351986
0.0002914359229547441
0.013637288309281168
0.00433454160972965
0.0020131436214487768
0.0005567944728842759
0.0011601629688793402
0.008999939740403768
0.006503612438442498
0.020333821821853493
0.019756272571932954
0.007685099892940608
0.001342761067698778
0.022480997318518554
0.007984271393493494
0.0014868729467319
0.0032660560656742137
0.012024732680068588
0.007225840406899872
0.038211285608125506
0.003894564942334117
0.0131607636282699
0.0021887863115719456
0.005170947908587548
0.024642747641039145
0.012565614362731797
0.015896884634220766
0.010036065151280926
0.012561020178542394
0.017941412336756904
0.019998160567179703
0.0005731928810585658
0.001416485967242596
0.0007386277474679239
0.020529990621536376
0.044634110332992166
0.0118373535581484
0.01626548457054096
0.027723157286766723
0.027308820531360856
0.014172088057135126
0.0033059043196784557
0.00680681400120294
0.013924150123329803
0.000930505403247698
0.0035149147464443426
0.01837057948883029
0.01547236278181836
0.06566906126132378
0.018868003077300993
0.0039025677757648885
0.017521805374897906
0.0013400936690016838
0.007564975295491536
0.009640908238841474
0.0009368691657367533
0.006498223267405684
0.03459707905816696
0.023873960114632387
0.02248072031939126
0.007582287739131658
0.0019992420701612367
0.0005425808017089044
0.005111121780943009
0.024927991675404118
0.01570234499767817
0.01359859653248246
0.005949382840444725
0.0021473183388021518
0.0033049224133724023
0.0012056127202286265
0.0010644309562243494
0.013469432562510895
0.010097233404975535
0.023158608812424417
0.012726468577966821
289395317021503e-20
0.008669892586186561
0.025575934233910077
0.0004620396227004372
0.030100380951802442
0.0015654340440336674
0.010230736950747174
0.015901093700352822
0.001058303564058824
0.003892976284451512
0.0013635176724428877
258003715251011e-19
46151535860026706e-21
