-38997530937574104e-24
8357779598758051e-23
0.001959734514775753
0.00468547284486839
9050373790086066e-20
0.006203965853083681
0.013421257728720434
0.0020616449948763858
0.069698808902238
35741413389075665e-21
0.019060216596043678
0.26336943342805097
0.06410318175006402
0.0010052546589410327
0.17303889350743262
0.003374806001437593
0.052757778264323776
0.05026872891123141
0.009671281424874532
5307965701434084e-21
0.09028797411615594
0.0821857191759174
-9499365066724329e-22
0.00012575337625048255
0.051441116712371344
0.003652491169849563
0.023109226061536405
0.008034572104229473
0.0034899750081532595
0.0014381681147798474
0.0014238970190440985
