8575574062006863e-20
0.00011496515406235721
0.0009349707342820081
0.000628421413264619
0.0049401189614793175
0.0012174349779462733
0.005507979459090047
0.007048378413070882
0.008619836530474568
0.0007440943911665343
0.009651312885050221
0.003858302810509853
0.028093585619719124
0.008525625832886284
0.10015882647062777
0.2338832701168476
0.009896778047047099
0.004297113507891836
0.004347998321923859
0.08112800952902795
0.0037220520876875105
0.0030709911052379545
0.013306220790807455
0.0019275150985091757
0.05100518999334641
0.05759233985232213
0.00825733321864437
0.046576411275718085
0.002068655733251639
0.00613988031544879
0.08961403753329027
0.13536444119068652
0.006911115711305811
0.011872445551682426
0.03811230060305437
0.0040740919887546885
0.00010404585630846501
0.0003729945986856231
0.00193461197978254
0.0027302939240415117
0.00012172528628092376
0.0011837708403724025
0.0002547565477929716
