0.0004222892137357457
0.0006155240083963227
0.0016680935881119073
35180711065476626e-21
0.0018722594667875568
0.01805052521340875
0.014450981423659429
0.0019981895929815376
0.009031138364973715
0.006324412022789805
0.005455828057624171
0.009175519172846992
0.0006575198384753854
0.018007804049549277
0.02794920108429972
0.0007947286102142272
0.0036537709769630987
0.005672441760382845
0.017426949526317098
0.0006029712109956943
0.004888700387336105
0.02937697771975518
0.005557275466481133
0.008940059770966843
0.007301366238853226
0.10066687608135068
0.006590580724976875
0.008662132963458176
0.007325916776954379
0.009898211000276458
0.00032509188215259653
0.005881829801812216
0.004526155194157202
0.04008046115786833
0.008927608321767233
0.0002936211952304645
0.02627028834341231
0.012178190371812685
0.0225911467456289
0.010670998896293213
0.009823413725300418
0.005836573868285806
0.03085691880318123
0.021811034480292847
0.026280183129424362
0.008804344753850326
0.01191101484083716
0.031727855755598736
0.0009298740021853219
0.0006614329154317686
0.0024453194349558934
0.01778863575002294
0.00287047985375273
0.009588321399975468
0.009480033878119215
0.003007743239298897
0.045047086575261776
0.015971509716924102
0.013910816216387154
0.0037262043680606994
0.00018280153174664684
0.0031304961670176167
0.04565582411137099
0.018683217268442964
0.003068476557722808
0.007088754067195244
0.0123697475678441
0.015606442957760303
0.010648694667002275
0.006609126626898228
0.016115113220803744
0.0012622343650376666
0.0010556318857786993
1241960482604615e-20
0.009646485565281842
9542807440350081e-20
0.0049350122487219344
0.045497286702064654
0.004129663028622166
0.0036064084166379066
0.001545895281175466
0.0026513752716306473
0.018357333329602463
0.017639247781161972
0.00579262038676333
0.0020913230014727954
0.0025255493253304438
0.0014759420620155668
0.0012134299388518127
10405345546388127e-21
