0.0002298412295027813
0.005448294354442053
0.006967135831217148
0.0003196400627742639
0.006942255844994947
0.0026107841480832146
0.00044859449464826703
0.024894658318670305
0.0006013629269079002
0.00018161076906856083
0.018208891224105222
0.005314257809548612
0.0020946856389495922
0.03543763952673825
0.0034567171047346808
0.0007658901670417714
0.0427887359512726
0.2613510045431588
0.00917063602569123
0.00010384112889102039
0.09863133127358936
0.0008044007473325444
0.04977538223989082
0.00756477484768333
0.022242999881934292
0.022259277329775968
0.007965567410356379
0.01726786366287878
0.1295044009003218
0.1702326755555561
0.0033793688256490845
0.02089520019779114
0.0003633017492500507
0.0010871563142673963
0.011697021170276992
0.00136352647140284
0.0018957833421479595
0.0028843083122553183
0.0004697431667405273
0.0023794395004581585
