-7142653566684625e-22
8885857518891148e-20
0.0013514969683891098
0.0005656662646560768
0.010919573023275399
0.023001006786490648
0.0062673905005239255
4410275360480934e-20
0.0009468526242959044
0.03688879766362888
0.0008176664070664864
0.0017843718373108932
0.11474166783549224
0.33740812218644056
0.0046334689050218925
0.3422627606163931
0.006420637398359007
0.011217724104984896
0.0005567670640341587
0.0017942666877312037
0.031166168616838918
0.014692423120191103
0.001955697722264222
0.0017505186200592272
0.007661221498196666
0.009566824081480798
0.007612304612763966
0.02237364131730628
-9881875277865858e-22
0.0013556660878506041
0.0001560385730444048
