0.00022041820513509273
0.0003119435456684985
9627293095160559e-20
0.0010945046574433546
0.000614920538329963
0.007327045286487127
0.013924010461914115
0.030718280727711177
3485151941777076e-20
0.033757294402714105
0.01495479413225939
0.019547982228479532
0.010196586605863
0.026158728395890167
0.014911724988661123
0.016040967689119088
0.03422697413488555
0.00620565105152046
0.009600750182250614
0.009905682590301635
0.11653604453095107
0.04025198209078374
0.00789529799389452
382156058855766e-19
0.0010403619977356702
0.0011157468156113598
0.016202055726016996
0.048005081471905436
0.09876454589280897
0.0034538342257153325
0.0010493131658279036
0.023916054618871564
0.019505418847652188
0.07664423734931351
0.004771936520438047
0.010468303777891097
0.05674739390090247
0.038400023872952244
0.04751308375590776
0.010969105361667378
0.0020570541608323297
0.019666899550430213
0.03499864727505287
0.0228690583359121
0.02015415375083719
0.005719858127149936
0.005433743105690112
0.0026182046892194604
0.005897902512044451
0.003158290587234379
0.003168148431285541
0.0011206176765751789
