0.0009736402072256566
0.0013552615072625837
0.0045443032896448155
0.0017155532812147623
0.006556231146413849
0.003192847910251338
0.0808899181191052
0.07371109823404097
0.0024414273734306383
0.05021243897611242
0.002048187382805633
0.0016925635226142598
0.03201994956647076
0.01740891435883656
0.03989833301258992
0.030031199839644324
0.018390720108390855
0.020226984218219682
0.03279651145598067
0.041249853938543
0.019349345773090058
0.0203232406855339
0.016806760047343838
0.035975844501459756
0.02003684885873035
0.0028770530578699077
0.0178975081004761
0.08049111853093095
0.04375216246931934
0.016000287966379922
0.043322049064372994
0.023801009145873436
0.011214922750234595
0.0272942665787671
0.026032700079640748
0.08137005556107138
0.0032346714509100412
0.010040368697836527
0.01498196703648332
0.01288842970813631
0.004599757529604746
0.005505105479038881
0.0008485894780977444
