0.003307964210683692
0.00046254139554329697
0.0010565462880640609
0.0024972570264484763
0.004358594494310116
0.001960521271406632
0.012358437459372028
0.022845442543910483
0.012901087388116024
0.0009691213211727381
0.004491833491602913
0.0017836145863682285
0.020958181672500412
0.0220177745259202
0.09365296467222589
0.02781317723742706
0.023235792560466123
0.0034728447785722914
0.01568963101071478
0.0015642183650417744
0.010726386985816095
0.0003905782375576474
0.06002301109088752
0.023839173379532196
0.002215881668403957
0.0004338815087330899
0.001496601441348873
0.015765983612080606
0.001152635114341493
0.011193271321579943
0.01604218862463319
0.003333824495038657
0.005941430658803449
0.01607512510297878
0.030333068131803496
0.024313426323061903
0.08848639450927487
0.010645324340931954
0.002362435912991563
0.011347878908335203
0.07776443874979555
0.03289268419321753
0.00015939256987281038
0.019517902226286823
0.020087516477824915
0.0038787652216913044
0.008715435883212785
0.014994015356496953
0.026033141390681906
0.07366723227971325
1562071665227212e-20
0.00036065107536293386
0.0007867739390076233
0.0011788573195204398
0.015023914191134764
0.04467840117628084
0.0029651126400766508
0.0006180752312564589
0.0007608663732374456
0.0006709746114684274
0.0021136277827446806
0.024205358994814262
0.006653190652519258
0.003242502415481474
3498211693319429e-20
0.0038771550219676085
0.0010228655177154163
0.0005644982070309426
