16807043015337105e-21
6263824907735417e-20
0.0009817139433980569
0.0018390268153434621
0.001741171814772637
0.0002736056223385434
0.007826379534447153
0.0007383264565315145
0.0023660402165814206
0.006108854674158811
0.0034490899424055354
0.010184858261827478
0.0020536257821208927
0.012782839094262945
0.0010494707092885
0.028763702102955917
14099849338035634e-21
0.043445724947310284
0.0035400268635092384
0.002764354764507282
0.07490745087696277
0.06137639799064093
0.007672433574303982
0.02594973651510434
0.010209907500554291
0.0029854387554727993
0.006329159838248809
0.022285576836028626
0.0012362243188738156
0.007653282122339553
0.016159360567061975
0.004496011767976854
0.03976240080145582
10073078159146307e-21
0.00466870346805396
0.034703244262557616
0.0006277435664127498
0.0008735356871630924
0.005599332716311623
0.00474124099034265
0.0012025914841644278
0.006252873061065628
0.0008626378018714042
0.013257533139813206
0.0017294878583595417
0.003665107437433989
0.052386636233891254
0.01540133197383948
0.004219970503001362
0.02486309277674003
0.03373215459396461
0.0015561489672274733
0.006317196405552644
0.0408905309593244
0.014813817063207606
0.0014210239565233481
0.010527715000604463
0.011904049838449188
0.019080188576321815
0.025952206759509742
0.007602339340394776
-3261674012102412e-22
0.000354417563911578
0.0015105537985507808
0.016642873254857273
0.005504330629511231
0.0005173659006350486
0.0033549846081806986
0.025033444473140164
0.0006760492629028865
0.048109222684298125
0.014944035856315258
0.0055331578525667875
0.020656943195143256
0.0015304725135503454
0.0019015895900852048
0.0017545019368578694
0.0109842572096211
0.0548387431924569
0.01071689381129098
0.003991985836379827
0.00046808988670402405
0.0012922132499494701
0.004376074702293892
0.002875891225495186
13873368212372777e-21
0.000591301885939526
0.0005756379429291257
0.0011148137897507358
0.00024836129339582673
