0.0001715738813436551
0.00017148680572171663
0.0005431491951641836
0.0015364382612583518
0.00021936581298406943
0.0003416961404347404
0.0012329357758512187
0.00020499586455264852
0.0004394347055678947
0.0007104230784316074
0.000610029220447019
0.00109221130730935
0.0024192281797776865
0.0003212923237377333
0.0006759217925809621
0.000231830981153824
0.0008965859404616169
0.0005266295522202062
0.0010567502605704306
0.001606347141365372
0.0013093388915281217
0.0004596723025878506
0.0011191285433127358
7571256182950872e-20
0.0001348080386327319
0.0017936102733585124
0.001353921834190653
0.00455788593500626
0.002180461505931639
0.00039183874156168005
0.0005351332327557357
0.0010768397811267798
0.0035927314951901437
0.0005343472346555569
0.002270116009174668
0.003482749353232359
0.0004484245439933283
0.0006293507133599179
0.0024833896559644914
0.0003865930429523526
0.0002875064343512905
0.0009643159004761974
0.003570583740840072
0.001646727366050049
0.0007746076335005004
0.0002711489014974257
0.0007362396018536021
0.001126712259154347
0.0016534513751473594
0.0005162799721867268
0.00309847952413022
0.0038643877027280584
0.004682245556782312
0.00043201520499435017
0.00014915499498942945
0.000651539763118839
0.0028116889604782314
0.0016424807763584306
0.002191241593951767
0.0008357094746192378
0.0009585122094490116
0.0037526672385451406
0.011257309587235724
0.007447475039041559
0.0011554313093255974
0.0006289322064886013
0.006322077707488199
0.0017811664052359564
0.00234178011754595
0.00048185830210928143
0.00036301538591348927
0.0005751963962549118
0.0016834273831435158
0.0006414990042622897
0.0024757840829174324
0.0007965889291507429
0.0009580266279585719
0.0018493291428597807
0.001197356539684033
0.0017956768401545598
0.0052834450691800205
0.000531072781767414
0.0007286369503094224
0.0017271003663683955
0.0015493993963233109
0.001629593815161523
0.004367211518673983
0.005565838866738269
0.00048532148789067224
0.0032283731095440783
0.0027681658092421116
0.0020895592246710022
0.0010035652123773955
0.0031034822230893828
0.0010647971637041183
0.0025381601137935334
0.005030108279670688
0.0033772675961562908
0.0002499063264595905
0.002070919839196654
0.001014626803205731
0.0021933196962200772
0.000550260549722758
0.0024647047921674816
0.001063119866375075
0.0004104944756689542
0.0035889526005797585
0.0005358338933142768
0.00037945245717912763
0.0006212650068935048
0.0002135957393141035
0.0025844974456577675
0.0006352863098701995
0.0017126290367836337
0.00014951738665487164
0.0001991564024912562
0.0004627131678054055
0.0005902385196356845
0.002522774839056619
0.000379741154258459
0.00016639726055613555
0.0013082307393108192
0.001909718989822266
0.0019793107213504336
0.0033905363565820304
0.007965186960795706
0.003842340679969912
0.0008799102086970906
0.0026468727174952405
0.0006127303884518553
0.0017620114685415918
0.0020112937833332276
0.0013835000460917107
0.0025558677180727825
0.0015530023129420268
0.004027481292193629
0.0014223949945289032
0.0035835201831682694
0.0011720807794077738
0.001505154612623704
0.0004985656219529775
0.001894756804180246
0.007478753558162755
0.001386825382497111
0.0008110646154729081
0.0002368438573266395
0.002027401370566089
0.0007828083510225988
0.001219325228130912
0.003094398846602716
0.0017472263171591548
706299131519922e-19
0.003460617655080293
0.0011915071013204866
0.002440310628226827
0.0005887540080620394
0.0039975620674636515
0.0026942701585689088
0.00496906936366535
0.001631414177813698
0.006366987210980282
0.0013717995163242795
0.0007942781991087455
0.005744355529000745
0.005387217809823513
0.0005268795456550076
0.0006057268100005129
9712921162907746e-20
0.0010659242225518643
0.0008571320799507195
0.002175137171264689
0.0009560473890048551
0.0025514268953286032
0.007885790790090486
0.0039411516561178835
0.005068061309397695
0.0018019034872803989
0.0021622870106596495
0.0016024463553577825
0.00037738330143913354
0.000825253848363665
0.011426233229173827
0.003854888066884547
0.014023444477969728
0.006044963568635258
0.00155621822527186
0.00034364344721261127
0.0031713129589422315
0.00604006026519214
0.0027092855996021328
0.002785097804205205
0.0002641275257846738
0.01497494216961921
0.0012229663272921335
0.001944703314473237
0.0005176228917185581
0.006521108393740306
0.00229350687782602
0.006557918833835258
0.0008252392686793354
40859666199198566e-21
0.0015793893849952454
0.0064032392419160755
0.0009523712410964297
0.010861503212585413
0.0021223484373642625
0.0001427513242677112
0.002203695113826292
0.007421734082931971
0.0011494902645912191
0.000744644147383597
0.0018277940669131946
0.001050315284454103
0.0013692933281253706
0.0048346493994515325
0.000500457331335496
0.00047247773307619676
0.0008158540604771015
0.0003195374757424861
0.00017021541176571428
0.00012942238349905626
0.0006369082550908194
0.0007340817731912566
0.0015863518942098459
0.0028097363735463034
0.0009337633364917609
0.0005769051250381054
0.006413780940299879
0.0011878555264200215
0.0013690021854091913
0.0026102061960689466
0.00581139265685848
0.004431744635628002
0.004343784683754715
0.0005174490695541496
0.0008257972159120008
0.0006922444386765816
0.0010869799286385444
0.0021967584290289266
0.0014024467845056001
0.00362383046398845
0.008130071180207282
0.0040644274549622205
0.0028603788695602014
0.001229243967645788
0.002410018222390015
0.00010200992585308869
0.006067317286851577
0.0012731556908728912
0.0008381832935218235
0.002764830931806216
0.00028899511915552893
0.0003446837403517091
6428410681118725e-20
0.0015730941137957505
0.00032688956640610845
0.0023094042728864983
0.002296019023906507
0.00438133827657744
0.002367023121916085
0.0017353843622015229
0.003897252413854979
0.0011268215836415432
0.0011564778864342246
0.011509934670505277
0.0021431807593419823
0.0008923422853120687
0.011224643334635352
0.0034891655141247127
0.007224501058731474
0.003161436056253171
0.005728094149382773
0.0005196997068600789
0.0044331408125410235
0.0016382130495040184
0.0026249064383175634
0.0016936077740113394
0.0015270034887579751
0.002645834984527438
0.0030246752623723345
0.000255776541210801
0.002249800124971554
0.005963205311014624
0.002193172119016169
0.0011033723713953527
0.0004902581451275655
0.000327307617742212
0.0009699906178031462
0.001875962821407087
0.00475879122514951
0.00035514937084179566
0.0002867684815744635
0.0006117488808321639
0.0018637342333904685
0.00042669144988657313
8783830171384631e-20
6795829169181782e-20
0.001403911478709303
9662615823609287e-20
0.0005825495214712485
0.00022537255384529444
0.0006906598870382444
0.0016781442226162185
0.0024845221690184957
0.0010787636966087303
0.0026792258673352465
0.002073549453141018
0.0022671372802947677
0.0002791716122017855
7073200344503623e-20
0.005526363610979345
0.0005568588318587775
0.0007859826023345317
0.0022420277220691755
0.0005683692258266641
0.0014346628752423562
0.0030027814396750715
0.0016248123521457763
0.0029503038235062905
0.002692789952744138
0.0010546813404758242
0.009362209503382147
0.0026921192816400244
0.002816705367808891
0.0032989767941327395
0.0022999022186975535
0.001125237828818238
0.0035005484852572485
0.002249492293055825
0.00015838293134177807
0.00021530728054029017
0.0052363047245470905
0.0015892134156480506
0.002398664190482977
0.0033492088116449407
0.0019137261481160823
0.001792132310158414
0.000703275900991154
0.0006189023916091832
0.000644323966296183
0.004108657217503108
0.002829052351668782
0.0037054895008461425
0.0013406755331274284
0.0010151263880720542
0.0022931347840772936
0.0072648509122926995
0.002846031985980833
0.002276145928790739
0.0011830174225374124
0.0017289077934114104
0.0012188346937756231
0.0023092319590366293
0.0006421964082705272
0.0022383114728761868
0.0030213221677877
0.002043777371525705
0.0010196674400768798
0.0008829060895940963
0.002696938874135267
0.005337203629489535
0.0007986298175422569
0.002816424126958267
0.0016992034060962706
0.01466310659305061
0.0014221690703880466
0.00016859700937159547
0.0012463561817283113
0.0009645848267423662
0.003240965356331855
0.0006202002175047357
0.0005718926872333743
0.001541748558531335
0.0008297595267269477
0.0010317266199548116
0.003913148078814439
0.0036398748195542578
0.007162055539070592
0.004321492665054319
0.0013962437235828862
0.0012122904876756344
0.001082996935250707
0.0020912113220240814
0.0036858979271498296
0.004569730650729706
0.003372040897168894
0.0031680745255422836
0.0014248500156627568
0.003678656805555825
0.007099223093588933
0.0013860818449630316
0.0030607886796562185
0.0001475220548700701
0.013017169365404627
0.0012057825166005
0.0024448579958362675
0.0004553797637214766
0.004191438439683617
0.0013164318018039696
0.0009631948484260402
0.000446511100065316
0.002971892925745501
0.0017513804383449056
0.00430049740399821
0.0010912753758125634
0.010969898814752223
0.006129464205553099
0.0056951039646605224
0.0015304749417132484
0.00043745735566862393
0.0016499867775880124
0.0003694501775093691
0.002715322495577292
0.001004204113058687
0.0004621993872650806
0.00029762032045628007
0.0009750340478706358
0.002666733262769234
0.0002169365061261579
0.004664366636097369
0.0009640525557107726
0.0010093587437276742
0.004099200467634266
0.0019406976126900121
0.00022683633783674418
0.003627072339909489
0.00030072172755037297
0.0004364539187738444
0.0016425362295944149
0.0009957715297311868
0.0020961463934118865
0.0016226666922178833
0.0005736173042657649
0.002801950213826507
8447867970814582e-20
0.0019360888993607884
0.002458068545352623
0.00048005424798223137
0.002042873290839469
0.0014535894582758497
0.0005037368167480008
0.000588127937692913
0.00040869054963470994
0.001171273081374743
0.0009659948431823099
0.0031551513404288996
0.00010789518836960133
0.0004787331011596786
0.0008490245063938638
7721093376925903e-20
0.00035567499208197283
0.0012598602851822459
0.0005086819564437449
0.0003616223617851957
0.0010596717125075986
0.0009218095301642675
0.002462237579406729
0.00017541447086599215
0.0029270505630488042
0.0011081497995344017
0.00046162149887404185
0.0008670792433424966
0.00031939087565309936
0.00018372011865309853
6858463121191995e-20
