4785031536375986e-21
9942941155263379e-21
7712764178226567e-21
3156272036957802e-20
14559527506278578e-21
7064743981070541e-20
8294843439492366e-20
10332718768956596e-22
1936738489464672e-20
0.0001077893789601911
14261086539074371e-21
18830405005169164e-22
6059857864745317e-20
5381508991383042e-20
38839137717447904e-21
38784203322356666e-21
4962982465289013e-20
0.0004532777953993905
0.000377191440087231
0.0004059252033929108
0.00029142215053488984
6286178408292576e-20
6731181919639562e-20
13972023184911894e-21
11820669506801119e-21
9417942815966015e-20
16876551851824863e-24
0.0002003938252542099
0.00026118970525741074
0.0004302850257270524
5193964458118433e-20
0.00014579967371260136
0.0006042737210364093
0.0003279771564753978
0.00022534157264274873
31013629241206154e-21
6168230156790995e-20
0.0002024804262579603
14464444075163422e-21
0.00021591410732260585
0.0002642009693418072
14018852569210695e-22
8396886588265294e-20
6095875702999272e-20
0.0003862852353841524
7192862496501318e-20
7729503651866582e-20
0.000214830781400396
0.0001291474749606981
15940253550751832e-21
0.00021743468237049606
0.0009229141590855712
24778635577798615e-21
0.0003264811853473096
11929507523788467e-21
6206516093107365e-20
0.00019714417670085502
0.0010860139598950858
7925151898850438e-20
0.0007468968033268842
0.00016633871700676264
0.000372570613007605
0.0006348674507646488
0.00042145628494461755
13291726990939308e-21
3940009995018463e-20
6238915800497364e-20
6228003217643722e-20
0.00033928885496017854
0.0005223021700721719
0.0010527966198875776
17800866668856214e-21
0.00114981477265572
760198556174782e-19
0.00014716499265776456
4104910956902296e-21
6503106048256772e-20
790301641334944e-19
48657414090904644e-21
0.0005926514714120687
2672820077136739e-20
0.001171289556720731
0.00010008298562657227
40174674604937916e-21
0.00040262813448840065
3396001224128788e-20
44360280642184387e-21
0.00029291449597406414
0.00010551843934993854
0.0006453014198093599
0.00014243888713039683
8265835779229039e-20
6610882708031997e-20
0.0001635895526779309
3366733921959814e-20
152690055688648e-19
0.00011193113868609281
0.00039960490014857413
0.00010068965886528911
0.00014720473921033247
0.00025846962862427334
0.0012659097790403539
0.0004670169490139633
0.00048414588847953865
0.00022321327841678812
0.0005060042348156123
0.0004997451418949893
0.0006603365507266642
0.00010108848629167337
0.002969884097300662
23308148722768836e-21
3657017878612085e-20
115640152871519e-20
55620404202986836e-21
0.0007173668299202302
3271684613526737e-20
0.0019643369739690735
0.0005673982691393773
7613401471760666e-20
3376893059544309e-20
8913645888409094e-20
2304166445657669e-20
8114883344615744e-20
0.0007945350081807262
50136915104820516e-21
0.0011796913968197356
0.0006011418987118539
-1900831856530639e-22
38117265777741626e-21
9476450023730461e-20
3506439779589626e-20
0.0005409002950274057
0.0005644544155937464
0.00010885561525192174
219237197500897e-19
0.0012243154859577442
0.00029755877760057823
0.00010483185340565533
0.0019595704545518015
2291244895525943e-21
6753914508771795e-20
34817901657999094e-21
0.00031429930723713925
4962044591125747e-20
14855138646665905e-22
264569315710525e-19
0.002320310980491462
0.00039870947060874145
4324545694659479e-21
0.0003126469890100125
29739417535364892e-21
0.0005272517143432096
7342439958917285e-20
0.0005440513037039838
680369783565811e-19
3460437782300613e-20
4047679409802862e-20
0.00015821007540822355
3279641533332086e-20
721451947563547e-19
0.0007436983298098318
6837250319350533e-20
0.0005074283243827919
13564116418301134e-21
4120394944950829e-20
0.00018253740313758332
0.00019741431246664802
0.00026632234371397513
0.0005292655533688998
0.0002540099166699112
8051227428574294e-21
3506333863337946e-20
3426018686398657e-20
0.0004663831771143697
0.0007261436544661471
0.00017348387067784804
0.00023550622947137492
0.0008661284369632092
60348944216193296e-21
2058633805305458e-20
0.0007480866034814071
0.00012708888856119392
0.00021874891190175853
0.00043858083813498193
0.0011361341516949446
4126842817699787e-21
0.0004172312306773401
7609743230525746e-21
0.00014171385422267804
9543964230796495e-21
0.001030700099683523
9042754114852606e-20
0.000947024668388345
0.00027604733160274946
9896805112508852e-21
12722911578273065e-22
5101674436964424e-20
0.00022381657230414215
0.00011167104442066086
0.00021938189757882866
0.0006070181136677791
0.00011584579866729765
0.0001226789039132495
8702038352354551e-20
0.0001367799838920786
0.00042618243524880704
0.00013018915806238098
0.0002521753879399526
0.00010924911230139415
0.0004227194895230396
0.00012169462736640079
0.0003067489869665763
0.0001949428072760365
21519712768122324e-21
0.000867118297537561
0.0007543574960264963
0.006495965283554061
0.00015471161906693305
0.0017281102199873414
0.0012975228799338154
36428840409598715e-21
0.00012765987361543107
9375176382275343e-23
12713527563567552e-21
0.0006528971039978025
0.0010276476984602968
0.0007175150578463739
0.0011134874635314877
16474973366410465e-21
0.0002192449185909716
0.0009889476169506657
0.00011639446164956087
22939958209526487e-21
0.00012667090638220015
2439168900139848e-20
0.001178573494232456
0.0006261444102263261
0.0016409787712961838
0.0006881475757172687
0.001278529561729412
0.001406462975216044
0.0005678396127887005
0.0002863617400364252
7119681990254455e-20
0.0021290693640141026
3371325874266547e-20
0.0002668323806520084
5208519726256984e-20
6966020291843018e-20
4977731813727528e-20
0.00044699450094106444
4301074789405857e-20
0.00017109358437920834
0.0003450115891530111
0.0005997202635553156
6639728681011467e-20
8946492410802485e-20
0.0007448724174889306
0.000565208363241227
1946805350221139e-20
0.0001369559724392672
0.002078453743279096
0.0009545957823980687
0.00020204376732792584
821262506710833e-19
2807386391790578e-20
9679697686463653e-20
6947081252606847e-20
0.0001359969251334319
1215084354813258e-20
1542942908508958e-20
5229765958185602e-21
1684872428184405e-20
0.000467226273183024
3238631268423303e-20
0.0004419518273958685
0.0001259576131564724
0.00041272365880959156
0.00016791697107330984
0.00042593438458160223
0.00026397496377036255
0.0004172622121575102
19358078935633498e-21
5918605302793365e-20
0.00013955720155207194
7997582688400367e-20
3612941639813742e-20
0.0005950173465895519
9524688599300652e-20
9465743302138912e-20
0.00019249780716193825
0.00015835597274815795
0.000479636959432486
0.00042164018482469123
0.00031439328217592547
2428454989232489e-20
0.0003518921736750366
0.00023757101652886295
0.0005399002557334169
0.00030978735487122546
0.0011070972816938694
0.000367006448812578
0.00012045593244293313
5842477279001729e-20
0.0002366548691898477
0.0010502511681726742
18332959755199863e-22
3751491901641743e-20
6467431753153956e-21
0.00019945240395495217
0.0008547738168165924
0.00020531071337236996
0.0008494620275795983
0.000796231184968597
0.00016412439510360365
2458901572274612e-20
0.00026488927586868687
11016183388298333e-22
0.0014363245913627117
0.00027866872279919694
1621401861561037e-20
5579151529469169e-21
0.00028134263622981115
0.0001096749553672404
19762360774070992e-21
0.00011255925057991805
0.0005846188683664711
0.00025177608022260454
0.0002346866808262061
9817287458526271e-20
0.0034541742101083985
0.0004313582952979483
2672858638813758e-20
0.0018862647987625892
0.00013856588059490505
6675227580441563e-20
859852002186916e-19
0.0002926763654000547
13104558734737644e-21
0.0003985253366832197
6755499768483943e-20
0.000219368423164631
0.0002596972035305685
0.0007841281208930274
0.000180293257032348
0.00026759552407874934
0.00041952488866384846
22802970437193267e-21
0.0001602258636201905
15647389208249537e-21
10735286684233725e-21
0.0002145298646345381
3752895964626091e-20
0.00011729689721479538
4339671313115834e-21
3940054645736521e-20
45864558623889056e-21
0.000314730033542122
4815049175655517e-20
0.0002665077771455447
0.00024399773438086642
0.00061440842509974
0.0005559482224902675
0.00037014813635541214
0.0006331816988453499
0.0006105377009104481
0.0014268383307695007
7985330923150555e-20
0.004421092719849939
0.00154718066308697
0.000519002316581933
0.00037080288707580793
0.0006935289478418427
2949729677574809e-20
7097076125370723e-20
0.0005672474315937087
5872540707150422e-20
0.00010462376443506002
6604962445918639e-20
0.0007968241032075469
0.0008071318120326642
47504999963953314e-21
7832929409083153e-21
9445238830214093e-20
0.00016577854347028944
0.00027846997699358
9085180700566135e-20
0.000537378344062593
0.0005837581635127357
0.0003632795168125464
5682709082207133e-20
0.00047627103516806335
20054510692602642e-21
0.0007053879680331703
0.0003542469971974103
0.00013953910735294787
0.0022121231136599277
0.001214387532679156
8234819769837443e-20
0.0007970750109906337
0.0015149556040803215
6570762919177607e-20
0.0018605330374647298
0.00023200191105608224
0.00022279743881743015
0.0006203712402518637
0.0007704403111797077
0.0009312622820984277
0.002112883560608504
0.0010608562852569196
3782717182148321e-20
0.00011792494177044934
5735749724202266e-20
0.00010175496360652875
0.00020059121682634067
0.0003750503324958661
19134745101775757e-21
52985412695009536e-21
16109108309966433e-22
0.00011051010155005928
0.0003238937965181619
0.0007708670501916389
0.00026862798161109857
0.0006448429839552984
47881486991953306e-21
33615378038570184e-21
0.00012179673245667635
0.0010105127760568083
4748661508619484e-20
0.000997287835810091
0.0005610710543461723
0.00010169484437008547
6900313783772072e-20
19820156833369934e-22
384095187003049e-19
8134374757868172e-20
0.0015034121612612376
0.002093987469221143
0.00010741863687215359
0.0001297743313915126
0.0005028124818163845
0.00022943495183614534
9767101339291148e-20
0.00016594674910188736
7445896889673912e-20
4598846258281647e-20
0.0002886904562705859
0.0003008621582048758
0.003140335753619506
0.00030793085978516466
0.0002854000692875399
0.006871245031879657
57625001656719024e-21
0.0007020141463869641
0.0009880221159348013
40962428915724205e-21
3493771386225279e-20
0.0024314875879206986
0.0003383236280558481
0.0005457717692275132
0.00016687901973205484
0.00012488003172320768
9768333294318044e-20
59752406558780016e-21
0.00019071668215768422
0.00027747948314756944
0.0009839923298721332
0.00019807152733128904
0.0023645402109464084
5677498715494296e-20
0.0012494122666770204
27697386691056155e-21
548755416631595e-19
0.00026120614244057045
0.0001356635926038445
0.004198713290100832
0.0008820938275409771
0.0003311100874423036
0.0007348103007252625
0.0003851181535665623
0.0008441443083902014
0.0003712901331510856
0.0001869088618791891
0.0009407622693181243
0.0013953083218543234
0.00035318745499170976
15382322419814567e-21
0.001222913741238369
0.0008652678273899036
0.000288226226592911
0.0029491109764468166
8791886088642735e-20
0.0019251114769408817
0.0021902712305797677
0.0025057077185824494
0.0005829266668596169
0.00017884673800119488
0.0015975063634813776
0.003887257532125216
0.0007932259388994555
0.00032508719625451134
0.000766810972354561
0.00028291598898774116
0.0002642265674725393
0.00017770341641448658
0.002345819045380077
0.0011637440857654234
5670574025814618e-20
0.0004856770545730761
0.0009359064201215773
0.0063382473626625935
0.0014130690951392301
0.00026403973610566984
0.00021133932980590798
6819582655362998e-21
5839161754578985e-20
0.0006659441189398173
0.0005096646175564277
0.00194786464248995
0.0023137480367142575
0.00021499695645016444
0.0027048189178908223
0.00013782692892342006
4557340339267531e-20
0.00018028791930288545
0.00010326608300181597
0.0003028113248798394
0.001644476653059217
0.0027505558227767634
3650623274967701e-20
0.0009419760684260071
0.00012704229312769907
0.0005324422434114799
0.0002362246055330364
5262711111352185e-20
0.0021797666037269045
0.000710116543132295
0.0015260541261732038
3185104318787203e-20
0.0001847420470012694
0.0013994779055208522
0.00010011862840673003
0.0004532767726880197
0.0008822234222077278
0.0003348692166468842
0.00019961460215563273
0.0006057634146900047
0.0002557156555555475
9815140564977e-17
0.00012562096352441488
0.0003203614701618274
0.00014278410035552087
0.0005912300531664629
0.0006380513905746191
8587558896572234e-20
0.00023992246629710233
0.00011019710243245992
0.0006887264215033286
5039389979508586e-21
32022704883475223e-23
0.000553451415134105
0.0005149606605165486
0.00016864971047855296
0.00010116799357172216
0.000525433400405841
0.0002686971422767309
3226142789776417e-20
0.001170441571817936
0.00045084353135843477
9585629008010346e-20
0.00012272208903989028
-1536237808733556e-22
0.00010294059398734821
0.00039152559150115994
0.0002547552320592545
0.0022562597538110358
0.0009844920267581023
0.0007458599909314223
0.00031539347034381145
0.0012786156071350298
0.0005683745936790911
0.00041622881892361494
0.00015411730535692342
4815592837855053e-20
0.0002926787374730329
0.00016185836612323516
0.0020809298824732577
7018858874612854e-20
0.0029604436523741158
0.0006256617940179846
0.0008151152425764024
901253914581014e-19
10069729230626523e-21
0.00256061865052098
0.00169855825112416
0.00010605338065945301
0.000912600802297805
0.0005386793012409619
0.0012446242473593693
5304031552214471e-21
0.00048393675499444513
0.00026848431125418913
0.0001107646705026864
36134487031519077e-23
22462395840503062e-21
1256887340683964e-20
0.0002486055619272235
0.00010177502571742314
0.0004246120152157611
0.00012364615401351889
0.0007123722965962601
2521872831140006e-21
10828545342001148e-21
6902696419364394e-20
0.0008358087414781799
0.00017033307919525994
37207552816252334e-21
0.0002751272546416792
0.0008430903098860719
58459742801410696e-21
0.0005116948309320565
0.0006736769565986351
0.0007390159012115186
0.0006329841477187602
0.0033255160996073633
6812490394625589e-20
0.000510146700731521
0.00024141671784108195
9180965535694552e-20
0.00031031264609407866
3570033765260093e-20
0.003101679441206801
0.0020574924434539556
4065404642996522e-20
0.0006080998054106256
0.00012117416695710733
0.00014115915105535154
8286579203736966e-20
5011629091042088e-21
0.00012900307490523003
30412922741634308e-21
0.00015354400344331522
1966585546193299e-20
0.0004838942111430521
4247056330498845e-20
0.0005500131466765643
0.00019212466493257068
0.000350078619182092
0.0008129282526210707
0.00019124230851302692
0.0007949528709475251
0.00017936975978119377
0.002106556308418545
47763496465825675e-21
0.0004057895516435624
0.00011197591343010694
35071882851940435e-21
0.0017498386301378352
0.0007848057824755886
0.0007657014262779058
0.00019500547068513404
0.0001261858047309838
35786265746744515e-21
0.0001214655903771878
0.00022968811666366145
47989264721116265e-22
0.0018411174559106382
0.00012560902068796794
18520350949699432e-21
0.0001509542897754613
20254545923924173e-21
0.0009186001894227129
0.0030457264793430647
0.0003550125532061953
4091963466568464e-20
0.00024930083409403813
6804427843332025e-20
0.0015132195856568992
0.0011035330711841815
8404852814051759e-20
0.0009702582863601029
3707597492051612e-20
0.001217845390455956
1342758002317963e-20
0.0002784342947619596
0.0004507241207461808
0.0001623499960865752
0.00027872086205279513
0.001205655810312575
0.0006133884596562554
0.00026919308714757625
0.00013338447845797054
0.0010777679857667615
0.0002523733312677442
0.004132845901607548
0.0016718530663370466
0.0006496678150060448
0.0002904947383984376
0.003741704953904649
0.0002800563053497786
0.0003592785277409618
7588028091148813e-20
0.0003032835049454691
0.00015348621000384557
0.001712256040734508
6350743483202911e-20
0.006241849824622373
0.0003005717028996594
0.00023117573339146582
0.000320463185454683
0.0072747489454605616
0.0011512033181286649
0.001095371152411524
0.0004172487078959307
0.0009253926630491086
0.0010983469404203775
0.00020835421938871152
0.004343592917379611
0.0008046948054403852
0.0015854096931616616
16960073046499027e-22
0.0011292133210617677
0.00035956813463540064
0.0001498650116403151
0.00023512584906907832
0.004646816739674273
0.0010402343632094956
0.0003863449878527378
0.0012981826198703902
0.002438309084447899
0.0010011057918715752
0.0006296630336063087
0.00011582841850147
4017709788812859e-20
6933199620285338e-20
0.001058058511929593
0.00021705035494669106
27452464684763925e-21
0.0003703302003754389
2813164786458219e-20
0.0008688581136542909
0.0035419922529220335
0.0015509190443149458
0.0003519758012625669
0.00026671415361304837
0.0008173372365823436
0.0018378854659115338
0.0015747792356823206
0.0002981830833958229
0.00022370030224076845
5765407935134731e-20
0.00017578633095819302
0.00019525093797129103
551532183826286e-19
0.0005649632410305564
0.0012643439891383262
0.0022060331278645766
6377531937080566e-20
0.0036324789700994836
0.0004484226197816324
0.0027437306116724204
0.006456409774237627
0.0002664765751514843
0.0011291862485184742
0.001136536760119999
0.0001413816112165491
0.000329741141487238
0.00012693410927304552
0.00017708505702877954
0.0010570072563177517
8112860201974906e-20
0.0007295667316382332
0.00011153460327495932
0.0005103748094852441
-33771624102224907e-23
6481677196377315e-20
0.0002598639658700826
3320258847354416e-20
0.00020516487689498794
0.0004981026706266559
0.0002689419036110057
0.0001667616610939484
9745108778316769e-21
0.0001200737918053733
0.00010245590442073003
0.00012001597946008978
0.00010100258414962409
2880391842990494e-20
8543441441278738e-21
0.00020609354463160142
2018717261653564e-20
0.00036145608399970234
8880379315416056e-20
3299059954475235e-20
0.0001166163251509699
0.00038299331309514203
25504892432995295e-22
8215960227052902e-20
3499289413880441e-20
0.0005028000969134131
1910689416656999e-20
0.0005920153433537958
0.00014545918915759819
0.00018583602614727352
0.0018165554507217465
0.0014583494125362626
4155382452399443e-21
0.0005099669449009082
0.0011955728107354209
0.0005630802590930949
0.00014637250051405474
0.00019914865614019297
0.00021584646470407593
0.0012195244087401626
0.00017169064969505844
9910160300119663e-21
0.00012536247632286435
0.00018119722738717755
0.0013222235384211486
0.0001175335878608282
0.0018045777707481406
0.0017166290255924773
0.0004789376491815091
0.00026125728907631045
0.0003331097423959648
58040745503439505e-21
3594751662227833e-20
28912797509949376e-21
0.00035414707826071174
0.00010429099470494114
730986034846258e-19
0.0003031556142047546
5901404203835644e-21
0.00035261251793888344
0.00010612338120658546
0.00012066311234757164
15891532629258953e-21
0.00021218230131471975
51135672644021446e-21
0.00028150540067589175
6105364561836785e-22
0.00010808213553805647
0.0009405919437094558
0.00012560830944749056
4480944931286536e-20
0.0009317532255323567
0.0004911790785924164
0.000547183131161045
0.00014380708538520764
0.001408052152853252
863886810090798e-19
0.004825769276180055
0.002355852829575254
0.00028411004692355983
0.0002793612928033751
0.000309190902270041
0.0008668135278751145
0.00020350349176892333
0.004051714960521385
559838340462273e-19
0.004053212947337223
0.000726139124166025
0.0007415745808483705
0.0005198586698245737
7795799569194137e-20
8508515900179416e-20
0.0011914002444195688
0.0011577901658390683
0.001143370377661951
9017663369504515e-20
0.003694077838606827
0.002977400094359243
0.0010851777800074483
0.002750889173588686
0.0014951126088848673
0.0007319242563537517
49371486693828555e-22
0.0015460578571404964
0.000351985795930195
9433242351250686e-20
0.003436461919866316
0.001071390197409542
0.0010132228029789004
0.004174987010670225
0.0002438934158730189
0.0004471996047224378
0.0005612954715803366
0.000571558886757465
0.0016342424343155013
0.0003730374454653959
0.0015820959562202863
0.00042557541661177565
0.00018940325813222628
0.003302171970141675
0.00016599144784872603
0.00015998791338496293
0.002260026317193752
0.000219014476761279
37243442296333865e-21
0.0015747675733319062
590508664839602e-19
0.0018221811260263829
0.00042806519662589475
7738417056583232e-20
0.0010811887891514908
0.0007821172982657703
0.0010657895727021003
0.00018439267284120337
0.00013135152155518168
0.00022669905052946523
0.0003440549011061411
24881514329891534e-21
0.0006621589196862911
0.0007830876457678255
0.0007196909794696819
0.000202871464035565
0.0008768567184021566
0.0017252136841388523
0.0002481169443935142
0.00017755377300726315
8104432794595437e-20
2313132466787046e-20
14380188097313956e-21
0.0008547152059617655
0.004543463606295306
4966642061919452e-21
41884844365818246e-21
0.00021476087952235418
0.00017992330837817566
3461979380409099e-20
0.001995714006698288
0.00010491125168711676
0.00014384633898155408
941974033071352e-19
0.00042242847364606283
0.0007230792257650158
0.00018207909727733316
0.00394813185651583
0.00022439115573892862
0.00039449488926991265
0.0014045399716703945
4601971040737373e-20
0.00021898171412712935
0.0007433839951829658
0.0015323255442882663
56958792190626404e-21
3598375467166263e-20
6259999945277427e-20
5921102048125743e-20
29313258707466276e-21
0.00011030418360657815
0.0006852726676499591
8101155449061572e-20
8448451123081786e-20
0.0003015921492730551
7574295536600355e-20
0.00011727226510576502
5395184281704612e-21
20090615439507834e-21
0.00013930238268204851
0.00037631358837399707
9387394173703017e-20
0.00025924425610588693
4940324234639618e-20
0.00020007488626453052
2428112749194435e-20
0.00037310001985238776
5750721374601881e-20
0.0001229919391632424
4792628931120759e-20
179559219286905e-19
3356089788724836e-20
0.0002628137919307743
49235491311355625e-21
0.00012714230462690094
0.0001578852363517654
0.00019280453395573353
24819341579924092e-22
4169680764372683e-20
7340612097826337e-21
0.00011018516725011109
0.0004021465017858958
0.00010817650630527977
2075513365016442e-20
8297168725766823e-21
8158284014527744e-20
0.0003801523413365823
5662233200116176e-21
7787298033789797e-20
9029065298285726e-21
0.0008857832627212178
6494436042222025e-20
40013039710396055e-21
0.00017073331647571245
0.0009972708999242091
0.0001752446645541651
0.0010849459749780234
0.001107843752472342
0.00028521475157252264
0.0016729674995999073
0.0001509265223793253
0.0001251235945765491
0.0011963834138752102
4480472088915921e-20
0.000557165031218516
43844817567641566e-21
0.0006626683063793607
0.000820574784247282
0.000562805642811739
0.0005218841716602071
0.0005329967817827415
7967334373328078e-20
16531044944615112e-21
0.0007843760667264701
0.0015185667034101978
0.0014443789218323941
0.0002828927031171679
0.0015484058350001095
0.0006852625194583903
0.000325457012435912
0.0005284817188529083
82003366499842e-19
0.0006347107702934353
0.0001727468934849145
0.012428687744123697
0.0003089191835817447
0.00021270973085826925
4124903465860271e-20
0.0004031964944709509
4910727769769769e-21
0.000684531377039038
0.000327731919943974
824406759991005e-20
6692924007870169e-21
5691414692324427e-20
1117235903021887e-20
0.00011052435297233905
0.00013022937683197162
0.0008854158139792959
0.0001498314067915148
0.0007473780086282636
0.00018733508534690772
6047531974926959e-21
0.00030394976709618386
0.0001618212609946739
0.00010164026514307904
0.0001820626744792882
0.0001805102624002624
2349527333337097e-20
9692569772560484e-20
0.00037751133694202335
0.00025848361041840397
3991059157760879e-20
0.00019169652095287146
9249351688558107e-20
0.0004909940999765213
0.00033253959668214236
0.0004091289834330391
0.000285594768605192
0.00027449543751370873
9504507624484774e-21
24080242397627683e-21
7809454502609979e-20
36972418833051037e-21
8463343865484991e-20
0.0001449851404129896
0.000495601879445721
0.000863114586029114
0.0006819388622904925
0.00037563637866121273
0.0010275992921535606
4758512977092094e-20
0.0003379512280558069
762339640811089e-19
8347420146277474e-22
0.0002901077187991596
0.00031643918276035016
6284264876058565e-20
274981864737697e-19
0.0019410971322006952
0.00018816836236401345
4536812962941661e-20
9395859862522409e-21
7695000965365904e-20
26260694158360966e-21
186539579904315e-19
1181515255992958e-21
911232073382895e-19
9040023105262475e-20
10290675443600937e-21
13932060936022414e-21
13948166608102043e-21
4970429471684193e-20
0.0002888121424103526
0.0001840305490792842
0.00012685584809684402
0.00016044787288182498
0.0002793125214364597
4053871130355675e-20
0.002864688810149014
0.0002782345707440669
0.00039447469451118507
0.00010925500643969563
8973133980276967e-21
0.0005326040180347509
3240024040076956e-22
72389562843015995e-22
0.00039238663732225936
0.0005141279165768869
0.00021561711431357386
0.00016619547094825192
0.0003084314655630304
2170907598333809e-20
0.0004165003874994221
0.0009151694426379164
0.0006895214379621301
0.0015853570501993387
0.001074819239065967
0.0003592774607715452
0.0015212033911009624
0.0014767569233937483
0.002966312721325346
0.0020670629276794777
0.00021918350232941273
0.0006109149390016802
0.0003049835366214772
0.0037187221475608132
6554860873733172e-20
0.00025734015801219567
93361364286087e-18
0.0001339407986181419
0.0007532551537826061
0.0018874570461293702
0.0004637766897993447
616019211575761e-19
0.00019834753350197456
0.00032871045259066646
0.00011548080255427979
0.0005817720342756231
0.000131242322697248
0.0009746024898467694
0.0003431550380256453
0.006098616483024734
1965626649940479e-21
0.0023232573881224244
0.00025329689998908827
2335208924238682e-21
10285458531060922e-21
0.00020793998096379403
0.0008551500878817988
0.0006537899046452719
0.0001231313447593469
0.000661559441846398
7797145961604713e-20
0.0019338442199965593
0.0003806747060620671
0.0017567271320754721
43712000520193336e-21
0.003725558229626343
0.0012181584815090215
2255104902333105e-21
6449906069830904e-20
3344310253767175e-20
0.00024691873965934527
0.00032976532689047496
6436429875207567e-20
0.003999618285803645
6605316427686904e-20
9431884930932808e-20
5497401374583957e-20
0.0012350005024623523
0.00010844292331753616
0.0004780582732462533
0.0002677416245352313
0.0003558429524075101
0.001085473944484973
54423970922867804e-21
0.00018708547016525338
19500101573551954e-21
0.00012559028010254432
0.00021744052847748262
0.00017988437556432844
0.002593098879094332
0.0004895642288761818
0.00015331088686329258
0.0022162769323828997
0.000371191635062333
0.00023460941449737595
6951081028962453e-20
0.00013982739587176186
16160750833458627e-21
0.0038879320977490235
80431605731838e-19
0.005031914875016828
0.0005376979223846737
8138818755142407e-20
4842385690311638e-20
25573391462726784e-21
0.00014752324177487927
0.0002122308869984076
52698754693605e-19
4905468030833747e-20
0.0001134771765293811
0.0005289744188374902
0.0005235176808451872
2872120529649543e-20
747649711165073e-19
30626156734186164e-21
0.00010238474481943578
2623839508472885e-20
0.0005824703132813846
0.0001769899780062881
0.000561972027030782
0.00013759848116505472
0.0002996935244905427
0.0011854262631924815
0.0005041075299618312
5456563921150576e-20
0.0015120790776032575
0.0012439908764259307
0.003112777087307614
0.0007630647088204971
0.001019051428936833
0.009012261118906998
0.0034318974688423167
0.0005355685358819293
0.0002555332161060894
0.0003292963992508719
0.0005868621718752628
1086633985693976e-20
0.0005840118174801424
0.00011919889111057343
6641087391738961e-21
6972137751020717e-20
33614542433511716e-21
0.0007578218188651058
0.0009391114226118569
0.005856371828053595
0.004538159067305513
0.0012881877349819727
0.0008545665067998433
0.0006721366048497712
699528480754582e-19
0.002059398954960864
0.00030653192011019016
0.00027473842467265773
0.0003359797478166849
0.00681255284455296
0.00035290510061957624
0.0015152325032326633
0.0004714211509702318
0.00035496909437289346
0.0025174263202600456
4950833798133827e-21
0.0021036132848276995
17258605883597538e-21
0.0036762029743382333
0.00021973386777470139
0.0008096913231008314
0.00020858751526786336
0.0001284873212765785
0.00025575130050144043
0.0009163297301882743
0.0002350216711000427
0.00495747952065186
0.0006569076466665773
0.0005699888183626067
0.006801851545219472
0.0012572242075559173
0.00014022118361728742
0.0021001457439784256
0.00027868536587673823
0.00014692424838989103
0.0006485023934801506
29076368946926193e-21
0.0012775794638248314
0.00018669087047608104
0.004976003592117922
0.0014612374378034526
506468334428503e-19
0.002360951365321517
0.00012832050492389083
3392560388141845e-20
0.00011232479270549652
0.0029967949832217277
0.0004256528779051748
0.0001655446674339351
7559504512451267e-20
0.00027084720941307694
0.0002533565805099619
0.00020690067573263918
0.00022063801147027994
0.0012694989129442998
0.0003551277830779212
0.00015837447800476505
7221386555985688e-20
0.0003478346668438087
0.002426051553889211
18193093546011564e-21
0.0022514890612475723
8422026434091641e-20
0.00031407594671669823
0.0008868206346314127
0.0015203516287469602
0.0033388781696138603
0.00010604343198873385
0.00038726536333716377
2219700187695866e-20
14103350234392644e-21
0.0002674857811718816
1684740743624592e-21
0.0011511011384217785
0.00013493839997008277
0.004487446096212337
0.0006071223885646599
0.0008059868989709676
0.0005754223786533864
0.001431284757710084
0.0029354803801729112
0.00023470608746107966
0.00014178024911125803
0.0002640611614659542
0.00042490631940662334
3250895123634606e-20
0.00010263073139743589
0.0012432241792270018
0.005786715033482087
0.0008792533000442533
0.0014048175265504162
0.00036891535191877227
0.0007151339262348557
0.0028399318782526763
0.008842046128953803
9127023270692071e-20
0.0005251185249920313
0.0005285342144823477
0.00033266986106495123
8612003702270971e-20
0.00149588009116816
0.0005344574201936312
431938071286984e-19
27151636691848415e-21
0.0011415776577447148
0.0004995613974497544
0.00019105067240961218
0.004741533207332944
3355136754256855e-20
0.00010606028487281758
0.009241439008702548
0.001236346246410607
2393629475890333e-20
15762329796539317e-21
0.0014390776315732728
6997843443161281e-20
0.005669511896096809
0.00017828465557838839
0.00033446640854643996
0.0031393952009426134
0.0020718333549541727
0.0006543710278445316
23719006855115532e-22
0.0024906767119032736
0.0009662368233612982
0.00041075687606911896
7777130599815348e-20
0.0009604635423889994
0.0004090875386541963
0.0005847982175240299
0.0024749111395959574
0.0007663839711563931
0.002293200743145941
0.008875389121044653
0.0003093452609060655
7249690454493967e-20
0.00012193928492727318
0.00018922673949255727
0.0001955863919763316
0.0013992542519137411
9482601161838979e-20
672402450486881e-19
0.00021022700226271725
0.0036180266602322303
0.0002627532105340044
0.0011560039417090513
15062464490767312e-21
0.0001673756421287052
0.0006876628841129151
0.00016163379645375226
0.0016348361763888135
0.00026010881985896717
0.0003900225247498587
0.00017676465026536677
0.0002811584117873473
3864672145951788e-20
0.0001255959853185871
0.00023780528797205793
14262264691014146e-21
0.0022163696721467984
0.00014881053614278992
0.00018352930158922114
29200120313938315e-21
0.0005700253304519745
0.0003576033475618233
0.0007784830990456251
7873056024542865e-20
0.0003926752791209497
0.0008566433078558279
0.0020349427797052805
2512742800746235e-20
0.0006928107371318344
0.0020960831186372453
0.001009318953672492
0.00023247492087243626
0.0006582910076773328
13420914835456416e-21
0.0008237932429187486
0.0010146720783391595
6591932136745316e-20
0.0005179679663275243
0.001461019390511185
0.0026545474536422992
0.00015185248448963248
0.000570103774111318
0.00024702226730672
0.00013744977282764004
0.0001697997212365091
51310731123058566e-22
1571288943192826e-20
0.0018769848695823696
0.0015202114985464852
0.003704930165389483
26823979714828138e-21
0.0005814173423094129
0.001120987474831478
0.001403164675492094
0.00012998293487940867
0.00011070813366910222
0.0009662024782650186
0.0028603123161409414
11482480408427677e-21
0.00078981077061098
0.0007397172643963209
0.0010426851767091042
0.005635903769109667
0.003853767187470089
0.0030621191971321056
0.0005118232396645208
0.00029335017110109505
0.0018590613711465995
0.0017717508522165962
0.0010208233573259292
0.00012678603895021668
3895860405266601e-20
0.00016221838136072097
37461620451725695e-21
0.00019837382653314827
0.0004159191237680942
0.0003292628303872154
0.00044886658267753314
12359492975124836e-22
27652670484750032e-21
0.00018047525556125958
43711097899076794e-21
0.0008122837773488147
0.0005175849973390291
0.00020692122929080425
0.0003758015579445383
0.0016808505514302747
0.000795260364318974
5767370524462332e-20
0.00021341366253721517
0.000234042401521713
0.0010498714104930514
0.00012784801434552015
0.00018275404889410755
0.0031701121072768177
0.0013018573265597992
0.0003202464080409944
0.0001969270305557902
9192934372055708e-20
0.00030990021283263427
0.0012643891550610307
0.0006370906234372864
0.0003780081904290343
0.0002771397228207904
0.00012628686121886264
0.0005576808491570398
0.00020015895048239307
0.00016688077540838076
7327168373426044e-20
59215257128628605e-21
0.00022747443354187742
0.0001911751014885326
0.0003804266328515504
0.00013885471208906458
0.00017497105833111782
1770728699601441e-20
168863753504025e-19
0.00015851864641504165
25168117974504715e-21
8654424175771923e-20
0.00010385577736432432
0.00015278861479920184
18821547952411064e-21
35129937396686703e-21
0.0001412948841022563
5964401961619869e-23
0.0010158842350140823
0.001131303092255303
0.0006503583917426453
0.00044100997114943877
39767388787122024e-21
0.0010022137902192007
0.00032653291105567387
0.0010214527920771994
6366363694319738e-20
0.0012160534510034194
14257906963292252e-21
19713189864477367e-21
0.001055061245252381
20517815568913565e-21
0.00015778050973105483
5796716784982375e-20
27103615576000934e-21
3942207318556666e-21
0.0001094041218194001
0.0005365280932837326
21517287637728818e-21
7531159555604189e-20
3654213188771537e-20
0.0010368236316240203
0.0014100600505438181
0.00039212490764193886
0.0007691235611347097
0.0017600364234811228
0.00026604974913226954
0.0022954038488372007
0.0006367141040153081
0.0008814211004795695
0.00013104560664106214
0.0005189018058279559
0.002531107270583718
0.000680451368901533
0.003032941923874165
0.0002546779665497641
0.00012706615354048713
9348986804276291e-20
7395492573829681e-20
50452513220585324e-21
8535601714630686e-20
0.0019174003776144767
0.00023084547807800218
0.0005502460444197654
0.00036500853095860786
1167112445328474e-20
0.00014521651320192693
66138654334129105e-22
0.0007299526298858789
4056838543047924e-21
3301907627608867e-20
9711487803162256e-21
0.0006269421446243361
0.0001491023511614257
0.004093681907210841
0.00011699240706876054
0.000981581002728056
6872194333854631e-20
7333061154200277e-20
6522342301917074e-20
0.0004036175834284035
6961274854413148e-21
0.0005051795401746576
0.0007083516270652639
0.0010398894024489292
0.0004332934587878383
6748214659302133e-20
0.0007974602748188268
9148410942594523e-20
6885412903848353e-20
796049359031766e-19
9512274772438765e-21
24143674137091127e-21
4956989471872191e-20
0.00017173288737060065
0.0003100784038970779
0.0005834644850784355
0.00031586631513570316
0.0004368015060669977
9832786420682269e-20
7669996989136409e-20
58924557160873434e-21
7027030562104467e-20
0.0004393777798382565
2851989975504197e-20
0.00018022951942484557
0.00019050679619998852
30802370033961454e-21
0.00013281002634903143
7707533093169365e-20
0.0001465381464940837
0.0004214269897184718
2564138052187294e-20
0.000689206466307876
0.00023343465657296264
34779714667439745e-22
50805658666802665e-21
4463163055932796e-21
9551673675196354e-21
1337010842671353e-20
9100646985520828e-20
485453123833288e-19
797577199050179e-19
15197645163637331e-21
14534883862106082e-21
26062627903909347e-21
28646466156417264e-22
1987832942640279e-21
19292353999343013e-21
