0.0061776668215649
0.004527226455116431
0.005382863534924454
0.0064489286317832885
0.02104829254328984
0.0038105553397056262
0.011784702081132404
0.01182807035304118
0.009647004090455217
0.1135112727192376
0.13811557103973385
0.03378717473437709
0.03858369902389657
0.038713333875217144
0.09241663553598167
0.00603566733029066
0.03838627763055646
0.012733888016973166
0.043655652119037894
0.03998050893781201
0.00035329461925805286
0.07060185212895645
0.012157887184839783
0.020259198185710082
0.00023323814701299952
0.04835420880717586
0.026115519339943556
0.023200301079428387
0.004452713709281965
0.026388366230351443
0.07423412916025471
0.00047084746496978597
0.016603453128689306
