0.00047519712480178453
3462131801034036e-20
0.001452807495232403
0.0005331823242566243
0.00028793534961268295
4015068196722888e-20
0.00073156088393777
0.00018807644498116194
0.0008960960308876887
0.0002572515619903713
0.0008949701770552757
0.00042887478781900853
0.0040522506669689
0.001930923433175324
0.0022733355834526443
0.0031903574040722652
0.0008473547009206022
0.0006746649095179593
0.00017191934173628175
0.002315566480033486
0.0004615641089285841
0.005858257665939046
0.0030054550169770163
5523734907051359e-20
0.00014375687085639889
0.001473829735706251
0.0012936483915230868
0.0003532681918867499
0.006465524876801447
0.0033363339444940194
0.0015325750615917796
0.0009964601145632218
0.004172658050566608
0.0007205578544298982
0.00013006518919692333
0.0008407979208404903
0.002811775800931132
0.0026825874176858297
0.0008498675680368793
0.0006756176792740083
0.000913413171585319
0.000518930973915636
0.0003933109637257417
0.00034471607035228277
0.0006837742170042415
0.006909587884549937
5399045583165841e-20
0.0014479212815878462
0.004534386048992751
0.0036108289632300933
0.0011008811659074648
0.0015843682228268777
0.00011959476859639456
0.0001266391188696536
0.00039498776593635304
0.0010485572740919062
0.0009418202896202949
0.00978833925302627
0.00044330410756508303
0.0004854150111228028
0.0038110487136461283
0.0013332877260737058
0.001417487980279811
0.0017112171283036727
0.0015980335966750904
0.0003758666708276147
0.002092233776785747
0.0012567319237683156
0.0026145362265446864
0.0006207714584168208
0.006257335959706377
0.0025256172711492614
0.0035086917756426243
25268431323826132e-21
0.0016542188620780078
0.0010217714893155498
0.00239342718959747
0.00036593948241742054
0.0004770080801975684
60475010111753665e-21
0.0007385026489313628
0.00022508976484955187
0.0019561939364205463
0.002211481229139707
0.0015461766406310246
0.007678311703593
9476100105004285e-20
0.004201347251028918
0.002634955066174744
0.002922872683246563
0.0021884320103261593
0.004027368676603856
0.0021431156894593903
0.0011429568871085835
22168609216221082e-21
0.0027484692090123854
0.006668205071972528
0.0014699585805078108
0.0007451807006568586
0.0005723903357072831
0.005261276114106291
0.0037082772193136482
-7390920833209641e-22
0.001953505459051205
8298537955522166e-20
0.001610152959209897
0.0031676933719988775
0.0017714271762814162
0.0003601338307440989
0.005921829654815221
0.009447272497192582
0.0013538419959127582
0.003539072587664375
0.00035699801967122903
0.0023058084911009545
0.0001865054792954468
0.00447163612116421
0.011705515838375629
0.0016798631832152893
0.00919755735710929
0.0027479154711761372
0.00028305284498651576
0.0010198280264630112
0.0007463877130231758
0.0029752322642978227
0.000899022284480484
0.0004115772043456121
0.005960332555638373
0.0014481099652486323
0.001972502336432625
0.007829644971411325
18709819185285015e-21
0.0036214166288432523
0.013234653699770817
0.009388268178553736
0.002702997301368922
0.00019264764898316235
0.000343352693237336
0.007428796390107763
0.0018440635074011326
0.006651257690402446
0.007748680491219052
0.0004346122913862361
0.00022568145454190068
0.0009724538286116027
0.0025537153083037673
0.000625608258273487
0.0015921886559380782
0.0035785892720522046
0.003121208121512113
0.0029065796074596206
0.003135503583338089
0.0014126501703831827
0.001468546413379287
0.005458344142907594
0.0028239423383839106
0.0012757100215409455
0.00017100088952625702
0.0029688872604434597
0.0004407679149802374
0.0037295993504231576
0.000669824388288011
0.0012937119126557465
0.007615359779563394
0.00014379120295267148
0.00010508232426125384
0.00019790087027310387
0.0024766475612846514
0.00011315660444769957
0.0039143146520361485
0.009755512346830848
8466664254315028e-20
19811963948902555e-21
0.0001779604467925955
0.0007420889981428942
0.00023650968876107745
3522101248770515e-20
0.008116361613923161
0.0013603569389665916
0.005133084082091376
0.00838675360328239
0.00103238742423178
0.0005014260148687281
0.0005452768591292238
8107184224059095e-20
0.00409542707658845
0.00012815924624747402
0.0012493172654220819
0.000134934614303033
0.00029362491340350824
0.0006700162637431853
0.011386509909679026
0.0013002005010645658
0.00017843557801193102
0.003066413065962618
0.0067165270127213985
0.001034580120673387
0.0019968512252367997
0.00800154541128024
0.00014777517772816733
0.005183554475294268
0.003908810180741922
0.010543672701724646
0.016000726883091076
0.0005984732830741156
0.00013326645054299575
0.0037150309437408184
0.00027668386708518003
0.0016585221424274593
0.001153880358957114
0.002715311395931333
0.00041790393122263526
0.001164434309005731
0.002224442288195679
0.00052695710474762
0.002365260818072857
0.005878515874839909
0.0021512753269827428
0.00739333532104224
0.003766282079069964
0.0008750733493033077
0.0005375320837210065
0.012388228717166369
0.0024569837200388747
0.00073963321035293
0.01286772433655735
0.0005320545580457909
0.0002792395208530889
0.0020600854711976847
0.007933636206107422
0.0035748735828457167
0.0043340167278944075
0.0007827800850345933
0.001514834648864482
6461846143920282e-20
0.0014320902955639455
0.006461807372285719
0.0008484084998824038
0.0009887196484686994
0.005756391983397786
0.002274727526385149
0.004224658680092444
0.0005037584601036664
0.0007222558115869352
0.0020041768072864606
0.0008543216884496701
0.0012260977544040366
0.00042939605895215644
0.0034719241298101417
0.007993161955435103
0.00658588814423985
0.0008516275633283647
10656905411018341e-21
41999233997412335e-22
0.0008239375566651037
0.0006367481797992006
0.00023944221138334727
0.0016797013629268234
0.0011560187744383533
0.00828404956371927
0.002961652661604841
0.0033358813956948976
0.0009451684427901007
0.008281059430726824
0.000718875832421781
0.003186507248042066
0.005284598527043724
0.003712355267084982
0.008090600113756381
0.010857751072479872
0.001876548258588775
0.002704751883731098
0.001500142423939474
0.0008302339855103993
0.0012489933235834334
0.01264677581018954
10040463331172109e-21
0.00010984449439595579
0.01135794396607906
0.0007574098533141313
0.0017426427629273274
0.003949635149603099
4365123732029645e-21
0.0021266269005769875
0.006422188865310845
0.005557134428803558
0.007583332430928067
994919461270087e-19
0.005543481822461144
0.00046090405137932326
0.0015103423600120705
0.00012399563015591774
0.00019610641280735436
0.0005653343667293321
0.0002241156864701083
0.001138427021711449
0.001094898101017168
0.011544962235526784
0.0001387390057553277
0.0069055436863971285
0.0023527939323720447
0.0020004719749494113
32796038473476726e-21
0.0012537839136890637
0.0012725708241622697
0.0006632723404578109
5702942539050511e-21
46200346121606085e-21
0.0020040605569547985
0.00014166868788608751
0.0008022300684300863
0.00014459336198239468
6675001801457725e-20
0.00027041446965881923
0.0004340386919035485
0.009220242560552743
0.003912085370939796
0.004046502319069637
0.004081223860863361
0.0002806849464057949
0.000809550669636601
3701049031044638e-20
0.0121417307260643
0.0010325929454613881
0.00026498881788084846
0.00011879007953483375
0.00012137782225329545
0.003393331994711757
0.0021044568366019585
0.012089337552711393
4928639729044964e-20
0.0025938511196061057
0.007885267421646207
0.0029491098011897657
0.008805692957124378
0.0070612540635004864
0.0021903847897614087
0.0014917929218943291
0.003374128275907214
0.004746984521429607
0.00027834175822269924
0.003797368366313397
0.000951669303264917
0.001324448021878928
0.0006630729903310956
0.0004886726547755147
0.0011141718769776257
0.0010641518599736968
0.0003306506192304815
0.0010293750059947157
0.000994385494576776
6025857573583334e-20
0.0001372556468839097
0.0002611999294759346
0.0005836294582811046
0.0014290890162086272
0.014830024068589798
0.012485113189660562
0.000378692596991954
0.004138827972424744
0.00028594306504408376
0.015417705059426209
0.0011003379276663203
0.0006839527411420236
0.001781835072209041
0.0015519500312830062
0.0010972656137400488
0.0010493054837967565
5841540634502305e-21
23952746724264193e-21
0.002861749847608445
0.0008531150098961779
8926496107812598e-20
0.003342947076680624
0.0007385617655794847
0.0015216661697183443
0.004084355442566897
0.00040854032421178084
15257083335959352e-22
0.0036930692692624697
0.00014715332056095126
0.005214452379930054
0.00039605061131649434
0.0010801522360502974
0.009272945495379466
0.0028710061781432867
0.00042241682093620004
0.0015567353730442932
0.003392802437275929
0.0026083468921742382
0.0008542596473747352
0.0023412329131174037
0.0005401024629984148
805016586854639e-19
0.00026472434915852954
0.00019181068069479192
0.00025385190827457554
0.00012544052735364008
464236353287404e-20
