0.0001001165656518335
11699389574355356e-21
0.00013893980497825566
0.00016624249097555094
3482269160484254e-20
0.0003355530844046121
7426551784264442e-20
0.00010430740469787724
0.00010439757304396617
0.0001017575730860748
6854516678016036e-20
17574040858468398e-21
7757047458624814e-21
3730503592795989e-20
5819379474599555e-20
803160901604438e-19
18306182716095188e-21
3327330651035178e-20
50001539261860004e-21
8972829217342808e-20
0.0002193475190946676
3086227182371269e-20
963078702074246e-20
2331516344196629e-20
2379347971345128e-20
5516736001387161e-21
4903361462784602e-20
0.00011011889577300004
6310469109088753e-20
53313313841969966e-21
12277518195988162e-21
3937577970302134e-20
0.0006789316223449701
0.00021766801313050153
0.0016906370605212695
4883125694684136e-21
27909277995473324e-21
8948598093572237e-20
9746949038330013e-21
0.00019200154058201434
0.00010190365995805349
20966287792455234e-22
7773770915023446e-20
9743579701869756e-20
0.0005923787491998252
8495152966150596e-21
0.00014418214482688025
22162140121267707e-21
0.00011763000128225757
0.0001513963091899854
57003286076169055e-22
59422190159058226e-21
964331221160283e-19
0.00015797663861621174
0.00012947655600992298
8673361257906364e-21
0.00025137912616963673
0.00011835932279769719
7475997956700964e-22
4847003931045591e-20
4416207164569472e-20
1938499615698424e-20
5291197415098418e-20
484689620810746e-20
57549261824276074e-21
2387903978792019e-20
0.00025992279603563194
0.00010928111640558165
0.0005685983624489432
0.00015297887939768508
4639615982737697e-20
0.001521070033724261
24655232443971416e-21
0.0004336548651334897
0.0001611633736785738
0.00010198965458336276
0.00029724680271514195
0.00026185153977533387
0.00022359127158238671
5452381392912803e-20
0.00016964361181485822
0.00024014753757590964
0.00045690338351970334
6800795369171005e-22
1763583567961272e-20
0.0001758566770592407
9068884260866272e-20
0.0004775836461061004
0.00017093559291514517
0.00017419126929133692
8604217607111839e-20
0.0002054121636341165
0.00012360519845703598
0.0001035630872019101
0.0002053773621377243
55513283801870956e-21
0.00015091628476203932
4448236165224327e-20
5088807108346153e-20
0.00011825884492529372
2904591820052405e-20
18753737749218546e-21
0.000548488552866795
8380820793837902e-20
0.00022030240418577672
33037202791355874e-21
8386984686561985e-20
0.00017236196619351368
3361872924165116e-20
0.00012119464243651034
6670461544827312e-20
0.00012695379994040283
0.00033308383769000273
0.0009125526136369151
20412282732238725e-22
0.00041714278812353433
0.00028407520654933054
348201777254743e-19
0.0008738141007447304
0.00023013949156452823
0.0009166999237211834
0.0004179444217990734
640117677731702e-19
0.0001612799756571406
0.0001619533768667097
0.0001240730143646141
0.00016524422941258587
0.00043821502051364774
6674298650740159e-21
0.0001600798086805563
29482434341004555e-21
0.0007710801399470376
22818573400605488e-21
4613875899505156e-20
636879393802886e-19
0.00045782702040313156
10583580736901374e-22
13880773506647469e-21
7359863176362407e-22
9169269110840755e-22
0.0003867362621547213
0.0001287367627986086
0.00011909679483065764
0.00014057742925351432
9218110057109547e-20
0.0002481887075683674
11872664900300783e-21
22265174441405752e-22
0.0002523297068793158
6036084492987387e-20
8027072027423586e-20
2201047675538895e-20
3766065605777771e-20
0.0003834583741231805
0.00010547373289023395
6049199108679257e-20
4720860486254373e-20
4710593432413302e-20
9767235456820743e-20
0.00013085466062864697
4157599625743569e-20
0.00011704471539762084
0.00019564848428595908
0.00054043127145402
0.0004237693015447351
0.00025968507559336084
0.00016405729941388605
6783036926583653e-20
888561634817581e-19
0.0006489046696013016
0.0003442901059360133
5182964240230383e-20
2800682935354934e-20
8016901701055826e-20
90021693180965e-19
0.00022328331098949653
0.0010297526569837644
0.0003665488120871098
0.0005005717080073109
6754356044909485e-20
0.00037295634985631213
9201563600515751e-20
0.0007014991163234875
0.00017953081205802766
0.0001550297547845243
0.0006027707050378683
0.00012567652562326713
0.00033428669032469
35901119633587895e-21
0.00016375238936001325
48801500602329415e-21
16972843589582913e-21
0.00019428023979650534
5544567998368953e-20
769154067051645e-19
0.00022950631535936927
8452791987198376e-20
0.00023099589174381928
6660621941237494e-20
0.0006564611201864053
810126505089091e-19
0.0003416471698046801
10852679193088036e-21
0.00010887965756228382
4248927139075511e-21
6945892714120734e-21
0.0001554425637411173
9882377154029901e-21
5543292510185531e-20
2948753036766439e-20
0.0003686024331010104
0.00029047827312345017
24455092995489312e-21
6426568671596883e-20
0.0002791896639371733
5291606501664223e-20
0.00024324968167441138
59217132185851e-18
8311231213835237e-20
0.0005569463419362927
0.0001405731649301975
0.0005023649993047547
0.00048673289051950224
3830603248558219e-20
0.00011067867630413822
9375615508856889e-20
0.00018801410802274263
169702494249425e-19
3438128633284445e-20
3678045215637957e-22
7756578182222094e-20
8783939838216367e-21
892418433162136e-20
0.00012523222562739082
0.00012726117769133093
4669580016332258e-20
0.00031137759703404053
2834034987166902e-20
0.0002590698581886492
29330407391558502e-21
0.00011252084938708271
3779339698084661e-20
0.00021906642391601546
13848570911882685e-23
0.00019588755566206885
0.000295959262033163
0.0003088962503179707
0.00036343436734948285
0.0002190495473939689
48864744336106075e-21
63831826136122e-18
0.00010794637893864953
24704963089676505e-22
6501864785756597e-20
32973617656224067e-22
9170568876598655e-21
0.00018580753173966878
0.0005301958234999865
1675538428677625e-20
0.00014751685402815285
9978601575603383e-20
0.00011926284759577922
6754263598717843e-21
0.00023176371528577824
0.00013767641579583655
6871335737348425e-21
16845218274480774e-21
0.00017248777660972838
2320823760573406e-20
0.00017274732792999604
8779814827071107e-20
981544657577198e-20
0.0009839297889754491
0.00029018137895492634
0.00016593153978569002
0.0006580077871488573
0.00040096041191547423
0.0015200686310943763
10563205338848345e-21
42696426559083085e-21
3206769790948889e-20
0.0001187552510677153
0.00026596884398586335
0.00013530033186125428
0.00011958442176492738
20953705045400826e-21
4273911995599175e-20
28833571959352933e-21
0.0006035158576443729
6117174937757958e-21
3250640325344847e-20
0.00019139804496729227
2747203973103691e-21
6819381721691259e-20
28229199654561466e-21
0.0010516966380559804
0.00019508138369839762
0.0005259037462706749
0.00014747026155194633
0.0003616689617017675
0.0006109486031449195
6555953607233428e-20
32455920520220806e-21
3683775177874653e-20
2779154321176825e-20
2331806021486121e-20
7308958426630162e-20
6690637079575261e-20
0.0001190406518830175
0.00017173541139307304
10336125180938229e-21
52089420382107124e-21
0.000104815213765114
0.00036557544780867196
7569597024252997e-20
0.0004537743349019684
7644225910643954e-20
0.0002948004220464808
3147180900449561e-20
2392121391485335e-20
0.0002029906516260995
6283055755821926e-21
6941457402414596e-21
0.00020358542760152192
20650858431789432e-21
10531764024512601e-21
0.000490919178485674
0.0007591102286138553
12812900485811382e-21
0.0005591575885884962
0.00016286665680233494
1662012014621731e-20
0.0009527182212754578
0.00010346156542863056
0.0005564503286998271
0.00022353403621530208
0.0011801993007391814
6907457845220227e-21
2017117415346251e-20
0.00020834353118764603
0.00013934897432471183
0.0001750870487829138
0.0005010162702466769
0.00011871725166777138
0.00018446845110919023
0.00013808857599901804
22762445385150683e-21
0.00012403450214033257
0.0011856645694958367
0.0006968718382353109
0.0006282558685729113
4856522387713745e-20
817164027529371e-20
7660909630779522e-20
0.0001087157840341057
7497862384104158e-22
0.0001845564655566018
10319657405184353e-21
0.00024890468104827733
6997937064920516e-20
0.0008131537220275001
0.0003758969200668794
0.0016949450732360479
984933706175269e-19
0.000173735808526444
0.0008399963230179523
0.0007347555144962017
4661890785765639e-20
3940604103012446e-20
8399016452872285e-22
830605226684354e-19
0.0002473976835083579
15158402319442227e-21
6672884447587247e-20
0.00021579374473144368
0.00023087869267968489
0.00016959927619905748
4705529246071154e-20
0.00010390360787100201
0.00025968495166600364
0.0005317840873886519
0.00016289064186494567
0.0006357758928722507
0.00010709015529733092
0.00018613207070892587
3378397153413382e-20
3467507435174553e-20
0.0001041505838886625
9368044197336329e-20
0.00017538731216867597
0.00039998529086196017
0.00039890315787992684
0.00028424713824675693
0.0012858258234011012
0.00038042789260234904
19098207135869708e-21
0.00012232678147126364
0.00032562180870050446
0.0001216948440495823
0.00032744748149416986
24048476981853114e-21
4514481121406134e-20
0.0005166287038724256
4256935662111048e-20
0.0007308135326153494
0.000137347941014835
0.00012638871731497262
0.0002782443968218723
0.00013833504568751807
0.0002221985832950813
0.0001360118549614518
0.0005823597418445383
0.0005201247072307291
0.0004157703496221618
31074615388483066e-21
0.00048286481856979995
0.0004845322218888997
0.00030951680190066845
0.0003197932487913605
0.00027604120081379716
0.0002547455090305326
0.0013595302105053472
764578323018083e-19
0.00020954746035147147
28959370434503843e-21
0.0003088573966292648
0.00015655870510271867
6686772407725062e-22
0.0004902233586238658
5880331294637968e-20
0.00011419013432871878
0.0005209937313608921
0.0002865038308965868
0.0013532599131090047
0.0002240982907741148
0.0008437146735720242
0.0015727902390523538
0.00021303611483715744
0.00018996948860502185
4819286892421918e-20
0.00041046379129973056
0.00045678288349255925
0.00022917462935947476
0.0008326414827294517
0.00010740465509679336
0.0002581599018342177
0.0002603546846988315
0.00028274729637679466
11202622239824227e-21
0.0003014590595274801
0.00012035846934841249
0.0005340448897802327
7998688857307542e-20
0.0003007106807584415
0.00033066083920133866
0.0002764243635861412
7122984402559389e-20
0.0006789817635832158
4578689575921294e-20
58214377427417785e-21
0.000148047782218855
0.00032724227151495667
7819003094299308e-20
0.0004171724506979072
4208672214360429e-20
5302619084183938e-20
12723944573673845e-21
16774151733197837e-21
4609690336076129e-20
17226379149822064e-22
15118241399857782e-21
0.00015910225469818772
0.00023138005721308862
0.0004038864480021585
12120242047817239e-21
0.0002786119648728516
0.0006362270119927673
6485488030378973e-21
3666270696560543e-20
6139413433282778e-20
503858602865945e-19
53197973174591456e-24
0.00016642753997074197
0.0001873920570023685
40800339415458774e-21
9607651714491869e-20
0.0002751288941172011
0.00010668667753108655
16215437250805563e-21
0.00010830238589148005
17305726074233646e-21
0.00025744687213695043
0.00013678206589015822
23158472034141142e-21
4951581755658575e-20
4891800436021439e-20
0.00021442336040515338
22119330188373143e-21
700572170945192e-19
0.0003145218157859509
0.0003565943585767011
0.00078452035129988
0.00020280697635203363
5355692885455687e-20
11919183113369733e-21
0.00012824455160170787
0.00036945280903230153
0.00047740177145967795
56269006459454885e-21
0.0002537542757659944
0.00021163415145243177
0.0002843962677652294
7911720407464933e-20
0.0003660628094726379
0.0002182298100906804
0.001025500712373465
0.0004831848369891304
22390505843394353e-21
48867603680222305e-21
0.0003100112937665265
0.00018742906100788591
0.0003264371983949095
0.00012588824251836552
0.0003689445022731698
7250146998093036e-20
0.0003270837662368463
5896515392428261e-20
20101334935118973e-21
0.00010076126969348077
0.002708373742394612
5983977835349376e-20
46201220334166636e-21
0.0003784979133567629
790150515284379e-20
0.0005513075643990458
0.000461262128327444
20765046390466855e-21
0.00025732920510231235
0.00048379920829900563
0.0002489837386130238
0.0001257139910095833
0.0001494455053459062
3553675359132948e-20
6769651068788648e-20
0.000512112154161248
0.0009183233397458345
2495494888082976e-20
3099058858333207e-20
0.00026948206095464225
0.00013181739289319324
721198708126949e-19
51366853986131244e-21
0.0003284514018220437
0.00033596871998380225
2498257048965915e-20
0.00020726927340118602
7469766110031266e-20
0.00019003210509332478
0.000293434299407731
0.000168229820232476
0.00031294679583094843
0.0007897772542328621
0.00019254083692543165
0.0002006204456337941
5676831664188502e-20
0.0032703283258865073
28857378169851667e-21
0.0001414407635027325
0.00011443206257210748
0.0001981269345405656
0.000234621993389679
30085177852342148e-21
0.0002589437690164173
4726431747704536e-20
2503515358265378e-20
0.00036826237262292634
0.00037376945535031245
0.00019861076212058056
0.00015777939813785304
0.0001249570534795657
0.00054931708993076
0.0006828954509864587
5861467618808376e-20
46590130078162705e-22
0.00024303593436779644
0.00014859128887923244
0.00020492348797601181
0.00013095281467207073
0.000520752982201611
7804272048210263e-20
0.00012687864936758385
0.00012987822079603843
0.0008521972566007626
1231801346541534e-20
0.0001247685889367862
0.00012893340063685975
0.00020270169698398575
0.0004679970503117614
5652876887879455e-20
1449514957213113e-20
0.00010384993150706319
49181562776188216e-21
2123212442957301e-21
0.00010769554060806784
0.0003668011304785959
27296702916990406e-21
0.00021925055856785225
0.0004165343631903701
9952188073841301e-20
6963789749684291e-20
6950361818616075e-20
0.0007586712306931634
0.00014878647529586488
0.00012435339115285938
7779250876332065e-20
9206476770125676e-20
2437497786889021e-20
12625273343846664e-21
0.00024029480310081542
2719478322355033e-21
0.00021395059872371538
7208453613415123e-22
0.00017765919726252444
854314776253486e-19
0.0002200697644767329
0.00016776080440854269
4901619464052923e-20
0.000563263546334551
6405279615241322e-20
719444429680525e-19
18651226522945233e-21
0.0002419135390081541
1730090949317511e-20
0.0002522645644061788
0.00019259852052137027
0.00020121961715437422
2486352986037014e-21
6335517863385582e-22
0.00030378654021725977
10651330558825777e-21
0.0004181826437097027
0.00014484773613653137
16305021381165786e-21
6534735270712448e-21
0.0005758575718056269
0.00020168046513102035
0.002599412794294023
0.00011404362865817457
0.00014415273389425126
3752216190131137e-20
0.00013555118087183403
5112839452633044e-20
21926107341218064e-21
0.00010760158664947982
0.0008682997541890198
0.0004737010848573344
0.00014599843222842435
0.00035320556896878267
0.0003336596727983971
9491391001540383e-20
0.00012077163515886185
0.0003657158879567133
0.00019050728290075252
0.000545699014385355
1568153936952507e-20
0.00030486155506762714
0.0014025439969062563
1377525354998572e-20
47832229448465116e-21
9465486997188935e-20
0.00067932350854715
0.0004828417807826188
48431829900720215e-22
0.0005106029239777263
0.0009375061931009508
0.0010227058513321403
0.00112107841230555
0.0004442804040831671
0.0003200408594234821
0.000714023219911829
0.00023792988329169026
0.0001921205531812646
0.00027047368255827067
0.00036413995934510924
22889971650013324e-21
0.00022262945099515497
0.0001353191914046536
0.00024339173260009422
0.00014830858730853838
21072703744599133e-21
0.0007535540809870197
0.00030720153568797044
0.00028360775426411233
978676734639739e-21
0.0002242918311121684
0.00019842432049375103
0.0002200157517483941
0.00010248525677369542
4548012868572945e-20
0.00035463866092219404
8035441891667179e-20
3164155495120365e-20
0.00025616734505736475
0.0007164892628514164
23872122216371835e-22
0.0005474068085795664
1767006370899382e-20
0.0005299483078658277
0.0004009736082488541
0.00011360169710283525
0.000138609695954276
9539427875912474e-20
533327662889759e-19
0.00011545620503044768
37628091651522024e-21
5069064725679631e-21
1291298617533677e-20
13121016389577179e-21
0.0002775920701800276
5979030184745676e-23
44310875307336474e-21
21291687872840553e-21
4115304221034557e-20
13006156779706112e-21
5144716355905907e-22
0.0001513257718267511
0.00022565625185734967
0.0004198772351038147
55357748058715644e-21
4535111779290566e-20
6559676942085073e-22
0.0005284452438525937
9696486198775432e-21
0.0013859173604748346
13655630684443471e-21
2120775266425666e-20
3034214643255835e-20
0.0006528514723398861
0.00010718828031210608
4375821262157199e-20
0.00023621152955003658
0.0003180828620165526
9525053937967113e-20
6848814962055455e-20
0.0004112783015345467
6182450741693615e-21
9886200170670725e-20
44798819351348e-18
0.0006256896881842002
1289280186573527e-20
1363633931994803e-20
8163884538362406e-20
0.00022237757798445576
9792186569484789e-20
8696445650389526e-20
0.0001724136430025236
0.000834891244810726
0.00015307917427164478
1892588106139104e-20
54069053198437924e-21
5945752909430265e-20
0.0001484874194668713
13506977356975281e-21
9343902122748139e-20
0.00010675931962459334
6567667432706405e-20
2235569050596295e-20
4024780477608923e-20
0.00012090933101442642
19976705330987172e-21
0.00042357143779766094
0.00010458816206412622
2309470586080912e-20
4011020413638324e-20
7709485886132581e-21
4375867323648682e-20
1770729545740858e-20
3953479771596048e-20
3273685066292933e-20
0.00019419484260876536
4411456881131149e-21
1194594181068285e-21
0.00019300096975753518
0.00011023607010440345
0.00045456771214008384
34717802420270378e-22
0.0006619380440661557
0.0003133758856490575
0.00027348500809521337
0.00012321205019842898
6173501685878893e-20
0.0003248563060180583
0.0007125922339665705
2572921940140969e-20
0.0004161773707440031
51342886274448556e-21
3450659330893864e-20
0.00021254486582724782
989800024889788e-19
0.0006482616907288976
35970078870771855e-21
0.0022018283013507107
25605212505295983e-21
7633626431307961e-20
58599101401277124e-21
0.0002244147855038223
22304041440631263e-21
430299767024839e-19
0.00019448383381211027
0.0009228534703107928
11660928383314938e-21
0.0002859999158300761
0.00025605047723681036
5764515037219012e-20
0.00030768149792835726
0.0001383354359122605
3106026563209169e-20
0.0001295858385036672
2984606137183625e-20
0.0004596792745634331
7325706054426587e-20
2971042223906966e-20
1660839314173358e-21
27198737055291352e-21
0.00014766728848373474
17606042548604224e-21
0.0001297653629107548
2514262759883564e-20
6751767094439294e-20
29088653585903074e-21
0.00010909122015014359
0.00012335577490041086
10687120630070665e-21
7979209181661072e-20
0.0003020010878345276
0.0003693512137300739
15090188236647111e-21
3715935575212692e-20
6086580413682524e-20
3890800673427549e-20
9702673861218429e-20
0.0001773395676218054
397635475202789e-19
0.00011835392058217012
13609757185132834e-21
10990968878619776e-22
5893906029064968e-20
0.0001616772070259738
0.00024753579044898324
1608280930803439e-20
4426790030716792e-20
9712135549158949e-20
0.00014308433155618843
0.0006026110226128375
0.0002472502447124922
0.0005704144203870557
0.0001279478514369656
0.00025881304307958703
0.00019971504423716078
0.0008627432701366951
27095966868238986e-21
21317979047363383e-21
4796217580735102e-20
0.0001320914800211278
7629508218233535e-20
0.0016800666193957745
6552066559230441e-21
0.00013116455740322204
0.0003005663920772064
0.0001758305360673611
9481493550795196e-22
0.0001062792919689321
0.00031616788366453164
0.00011538856454449884
0.0007290874874984754
8257326596410845e-20
10963889495568649e-21
30691405845987848e-22
4539519089750504e-20
0.00041952771980601183
20281101918314186e-21
0.00010400032433855246
4182829171159799e-20
53710479461464454e-21
5280608568080862e-22
0.000274663826647832
5388327698273978e-21
6004646405835686e-20
0.0001112679598281962
8446915002416569e-20
0.0006332618221050278
3999194640086214e-21
4423628608793362e-20
5419343830109042e-20
0.0005617850809858815
0.00015047062005128095
2147845633606051e-20
0.000328739963533181
9852426498646609e-20
532074986688065e-19
20978199118850627e-21
0.00013478647521137515
64847072204834545e-22
0.0001219980160189665
2970530906708748e-20
7290820239570604e-20
35500282197898543e-22
2591266914291547e-20
3473615589898954e-20
8018471802962221e-21
9952050989234029e-20
0.00017449822006429367
0.0003970023522008526
6882417268109978e-20
32893156042806855e-21
0.0002515442135505726
5736245966516821e-21
10108824393597387e-21
4603654356920702e-21
0.00011656981208741755
6475891559027044e-20
-1385553526937707e-22
699902543222447e-19
0.00014944560672985551
0.0001875505683586447
50978636654987754e-21
2214140179229511e-20
757581537664441e-19
50255218413402984e-21
0.00032769570732238775
0.00012464012240712328
0.0004647831894167585
0.0008896399919361969
0.00019576327764718633
9761605778715414e-20
0.0001686110012211601
0.00031532150015139716
0.0002381063317485064
25158189785880207e-21
22974137655493297e-21
0.00010245352096417033
8341393736812438e-22
0.00020195250001705137
0.0001458686074854636
0.00011892418415996884
13212551627435733e-21
345998679222589e-19
2772224763211175e-20
5403580410366504e-20
0.00013027700080529446
3127364453697865e-20
0.00021254233018500103
8987469086834261e-20
0.0005224808556641914
0.00032967624860638677
20579461456171256e-21
1284352985025452e-20
0.001358770321265928
0.00025202592757251366
0.00045430973194021673
0.00016991783928873975
0.00033903669572654313
4279974026951651e-20
56177741799754395e-21
934177626760814e-19
93236122203536e-19
0.00021140516633410823
0.00019398746528631705
0.00014376820243757732
0.00012804306382562073
7377884776055223e-20
0.0002460931807390819
5685411301481766e-20
0.0003121197878291252
37982779647777934e-21
17641276582849393e-22
0.00018001770232076595
0.00028952185573432427
0.00043973253938484465
0.0004051568993770044
18388323537778526e-21
6900005556808018e-21
6431864157943844e-20
0.00024457363071115213
3807834270299069e-20
0.00028928292618102876
6279770554333563e-20
0.00024617214126571865
871069690703504e-19
0.0002783494617288433
0.00030916880217972035
6302782237880766e-21
0.00012652514722884825
417562837025731e-19
0.00011817728473191918
0.0002622503626892996
9413122229184125e-20
0.00012777435444722457
0.00015768730082008986
0.00041901635854503066
0.0001436175420756676
0.0002410602978861175
0.0004086524675518083
0.0016886530509049723
0.0001392609237515353
0.0003969419685638465
0.0002894669657180789
0.00014666021779054125
562459283999571e-19
37356926212410194e-21
0.00034947796633032425
0.0002758900063630799
704684690026231e-19
0.00011444234736672836
863362135095341e-21
0.00038566058793060607
0.00017893637146961178
28555014067641448e-21
0.00010345380049086576
3704498617431181e-20
0.00011985834976195963
48129327829935554e-21
944152860124659e-19
5437112418087499e-21
28604049809837206e-21
27024825924957452e-21
0.0011616254318918223
4659323829724581e-20
8974976973756904e-20
6804468549788114e-20
0.00029083931380333947
5588126266469489e-20
7240135699732171e-21
0.0001121299908280339
0.00044289360511069547
2838096726357939e-20
9908851286119073e-20
3937726045447578e-20
57570067675506745e-21
0.000345966956623007
782264944407804e-19
0.00012693931208078983
0.00046144441229897354
0.0005814094746862434
0.00014762878969775444
8759955247547392e-20
8365605734585573e-20
8938321128047488e-21
0.00029792594354774264
28750268633340023e-21
0.0006933995235408691
0.0004426321283052343
9167539104168684e-20
3329700709967218e-21
0.0010244709099540574
7783212174541315e-21
0.00024245380092725917
39103255345143773e-21
24430386217310495e-21
29300037305438687e-21
971146245486587e-20
0.00022798991700700844
0.000315389504783969
3777031864141635e-20
7810120384385149e-21
48778045272285676e-21
5496772589735073e-20
0.001345276704055747
6175306781191303e-20
0.00024962226681419803
0.0004410464745463651
5185759178041439e-20
0.0003362002182230411
9243382352617469e-20
23589088921575118e-21
0.0006223246505115801
0.00010490399469571715
0.001489982635869719
8469496671122371e-21
3959759993233031e-21
0.0005952951043847978
0.0013216758072756604
0.000259738108660461
0.00011487498280641191
0.0005301182106658589
0.00027679624491866727
0.0006391213649758799
56729444706975595e-21
0.00012218185191191516
15704166637184937e-21
3560822421437256e-20
6634762670959816e-20
0.000489205704260258
0.0017197198246331935
0.0016171506887517032
0.0004043965160379641
0.00021227244197867992
0.00011046135702617204
0.000539170350251127
0.0001861821638237789
15553346108169674e-22
8679112986705109e-20
9495676799147746e-20
25051597123850624e-21
0.00017707966148191537
0.00030069880607073367
13467132721324756e-21
9556247622026077e-20
0.0001698996214450768
0.000486007522654549
24338700097036465e-21
0.00014549349921556595
0.0001739403742898904
0.00045437950921061593
9354481446311765e-20
3613628220873101e-20
748427724977405e-19
0.0005679788866696474
8660536437026463e-20
7356256033075803e-20
20314674731367243e-21
0.0012187280318331083
8752284473531805e-20
28719650052782142e-21
0.0011818421151721702
251410961334302e-19
0.00031795157845749167
0.00020215771933305477
5270276669622306e-21
0.0003535619043813125
8133122465727813e-20
0.00017301763316554926
0.0002642339518839864
0.0001407984788619452
0.00022062011320907087
0.00014359222502377116
0.00013142727065065433
5986297161497174e-20
0.0011502801833633662
308709108155327e-19
0.00026533056599578245
0.00011998598249338638
0.0003672688169275023
37540485419626935e-21
0.00017931949714417088
0.0007104403188180927
0.0005938055434598797
0.0002711920973591897
14131918468703598e-21
0.0009613892450975116
6144859053935526e-20
0.001958390451441832
0.00037973883660287
0.00038874229974498927
0.0004770085840510495
0.0003881344868295486
0.00028665773405369316
0.00013207172095733085
11443492267788397e-21
0.0001256923818869848
21972203253114754e-21
0.0005540183577773273
0.00034679474745353417
0.0003074272786323967
0.00027784452644816703
0.00035146494900877457
0.0011009429131836534
11290266584034924e-21
3542013135088574e-20
0.0005435428238573616
0.0001824093401864221
50044610487268957e-21
4754332655342706e-20
0.0007151110883709407
3970495899376719e-20
0.00025366614527163835
0.00013728817879244727
3073366627915655e-20
6855411109522317e-20
0.0013621448786605447
0.0007449528057985507
0.00047387079079891473
0.0009549117868167884
17072296232365313e-21
0.000402534677560043
21418501719930796e-21
0.0001768153990170317
7560260934175223e-20
4357684369215236e-20
9726377909191896e-20
7960634113687807e-20
0.00010012646672341475
53042833162947575e-22
26179353642961592e-21
0.0004595195862117825
0.00036751138095238997
0.00019185518043863075
0.00022628670443339236
0.00013149409681277106
0.0006667117104055164
0.0003121281168390593
0.0013705513356951137
0.00011263641869285766
9653194154634064e-20
5802706773060443e-22
0.00039280778819233297
0.00011999460726918885
0.00041429696859898203
20523769102157683e-21
7373003157698746e-21
0.0004287092023798987
0.0003597813165618932
6709169479644146e-20
11098741642482388e-21
0.0008095808492267913
0.0001848719944420736
2823805269357987e-20
0.00016719533225543245
0.00040829055051675264
0.0019811167422802323
0.0003701520802618665
0.0015597378698227477
37085761737578045e-21
16341578136452477e-21
0.0001333560352939625
0.0008708805739312362
27084393583876265e-21
9472538575108254e-20
0.0022081872816487585
25666908465069706e-21
0.0008056637498645658
0.00011200415348005095
0.00031710366923606945
7496157127135985e-20
326342053724533e-19
0.00046104951451079285
0.000143040789621448
0.00010672650962498787
0.0002917827658794743
1200590425613919e-20
0.000640350418994368
0.00041725566883667696
2533169254337637e-21
0.000519231774476116
0.00037048673107512384
0.0004888930999697061
0.0007760285815972043
0.00032107278196061013
6217691648730243e-20
0.0004275838117646541
47303609453064395e-21
0.00023533112290737148
0.000604635282818367
7542406711970212e-20
9847832142556872e-21
2725209123049755e-20
5487678126464755e-20
3657687011260291e-20
0.0007419068509907003
18607578346092805e-21
0.00011421504688776863
0.00011379140953272893
0.00010308131706176387
3911623722343118e-20
0.0002570226226120973
11135304505684242e-21
0.00022491934369349133
0.00033803433584765163
12038723418319813e-21
0.00011332954482159875
0.00040194472251826267
0.00032570375827161785
0.0004871156364026087
0.00030017621697386263
0.00015252747656491816
1946016423485621e-20
0.002566547826325395
0.00011264392900008164
6450578703860716e-20
7412315257926407e-21
0.00014140069898393244
0.0007354549841840373
0.00016363731101737283
0.00041159167783267725
0.0001682833595958526
0.00021704931941703511
5303222485895318e-20
5803541280840053e-20
5609725426431459e-20
0.00029707579949257533
0.00047353258521949806
0.0005116542312358886
6245972309684311e-20
0.0002538107631332319
0.00017540433835570998
0.0001520488363798727
0.0010152651451666923
0.00015995797498688958
0.0003187827327607022
0.0001902422947632763
4652431495073067e-20
0.000967823831165495
0.00033877830104454295
0.00018103085783579084
0.0002574709051698201
0.0003725339750691971
0.0005342866657562407
0.0025130621046472604
0.0008935621660831407
0.0002143561943730898
1330954990779002e-20
28455108763576864e-21
0.0022293584489541476
0.0016045585226058773
0.00016355766912869767
7720542935706604e-20
17119263095798172e-21
0.001880473490531339
0.00010367748544102741
0.00016400587058046059
2418407369082094e-21
0.00010904409793566343
0.00025993443859974736
0.00044667059969745877
7255566340211063e-20
20250256821055153e-21
9523307487554707e-20
1314355038923955e-20
1823491485093517e-20
0.0013323100798550308
0.006649486527579343
0.00035841609285336266
0.00018407357793877554
0.0003285131578617663
6525690629358359e-21
0.0005994091467966521
0.0008430636065309698
0.0019081841155694243
0.00101769319739567
0.0016139978406549847
0.0005795248219121239
0.0025211202275553417
0.0007837003465945027
0.0016096594760191194
0.0003217894371735618
0.00020636313360317688
0.0002550080443887995
0.00040095262513334764
0.0004885315605862909
21980303915546622e-21
0.0001307684040284779
0.00019941410272981993
0.0003340777209318878
4092468379232596e-20
0.0017540374026621178
0.00011918530855696525
0.0005056012913921
2865547457570929e-20
0.0005553379563883976
0.0004835034828594643
0.000449658184934158
0.0005961432605668201
0.0004115506347980786
19141386994228647e-21
0.00010421653651922452
0.0003124721903148024
0.0002657600274623549
0.0002899301426449465
5309291089575528e-20
7280343987466232e-20
0.0006458127785851089
0.0001626909841437695
0.00019823702317038454
0.00026391976611014954
7158177937373293e-20
0.00022013046678897463
0.00012468182971648665
0.001033222810287692
681000640492537e-19
0.0012176923020110143
0.00046126972867618416
0.0002881954855297312
2255933381787944e-20
8529290877160275e-20
0.00023293730677848492
137100174610901e-19
0.0004003714457494758
0.0004352992813731327
0.00024874698020044115
5032012299153823e-21
0.0008937805150067979
54922451432642265e-21
0.00017289231096249925
0.0001480722843811251
0.00033162354761014876
0.0001286418099881114
10495038838099995e-21
40193686047047924e-22
0.00039248220409283875
0.0007811968293744887
0.0024846199720545076
0.00016514998759209872
55461017057013614e-21
15456188095451892e-21
3655921209324991e-20
9692100093478183e-21
0.00015317582643138963
6221882598612606e-20
0.00024265356805381913
0.00025017425896980316
0.0004033652095215443
0.0003744767451272083
28164907161408794e-21
0.0001523071400821485
0.0004802666994657412
28650168344815097e-21
9271750684766911e-20
6852490909378657e-20
10739978075400144e-22
0.00018183488678511034
18054319458290198e-21
13835736913494438e-21
0.000876622721575965
48352133577511886e-21
0.00011369463331293039
0.0008568777781445249
0.0004200063134251816
40329772619966755e-22
0.0001238063611276623
8053000975528303e-21
0.00010377773086087253
9964104971761394e-20
0.000347306537236962
0.00022693703231817247
0.0010620551726215925
8058838030163417e-20
0.00044587008607522704
5048592962874179e-20
0.0001560778114244442
0.00037802833988531833
44013481428860915e-21
0.00014703854221245427
6418873739877396e-20
0.00034150811146594316
0.00010601385357185948
8547620594942857e-20
0.0006029233776314129
2051167423397022e-20
0.00033020346853819305
0.0001933960153824394
0.0008237927548155002
0.0014371689175873064
0.00024672899042635837
0.00014853525547308777
0.0008934668210740171
0.0005001265963621744
0.0001338051099222775
942863294583438e-19
0.00046312707803764153
0.00022222355780508602
0.0005684300516096464
0.00037427711826093583
0.00023284945472083033
9618626424766814e-20
0.000738998537443046
4126667059546252e-20
55204293206679194e-21
0.0011090257521907503
0.0007261965329920872
8041590740979422e-21
0.0008079599714357908
0.00013359906262839805
0.00013920780202474905
12039693996014225e-22
9333629373409075e-20
15798424139963656e-21
0.000143747308330699
386676068520202e-19
18504122989260067e-22
0.0008077493885743603
0.00034601346781273066
4951829766272519e-20
0.0026631467749470253
0.00016135829641945418
16245877867717746e-21
0.0003941431296135594
6657120370306e-17
0.00018413958201461895
0.0002092312500685451
9148376759126905e-20
9725410600096918e-20
0.0006427879031406816
0.00011043273308208145
0.00015366474700221198
0.00046436818920594263
4521755343994759e-20
5755618442689269e-20
0.000644797238747636
0.0002630225090745787
0.00020726966807782505
6285256673220038e-21
0.00030610403153555473
0.00036491316667222845
5929257405265711e-21
0.00010142120059204836
0.0004024990984460726
0.0021634510496096
38562655998612854e-21
0.00011105642552058589
0.00013899278739809006
0.0007057102545534138
0.0013437111183525875
7659114503158768e-20
0.00020094876015028663
5838713989818729e-21
0.00015377586688192853
0.0008814781139220146
9022807765911879e-20
0.00010723626686228851
0.00013042089870523218
0.0003547313597801408
0.0002628648094724972
0.00043068383858855
0.0011046253780059487
18984180834107017e-21
0.00010727502607766878
0.0001938389874782108
0.0005191156643618505
0.0002505304166949183
4412294495680333e-20
0.0004028970836068604
0.00026356458370940496
0.00015044201117727008
0.0005170122662211926
404124285089103e-20
0.0003342606528183407
0.0011825401361371473
0.000673453840301135
0.0008146437896272442
0.0019934026064765444
0.0002899642352097681
9161795536083179e-20
45014977638302764e-21
4832950414323529e-20
0.0001966469958171994
0.00011671905180324024
15315250508199486e-21
978078907317148e-19
0.00010313936941184076
50837479667401415e-21
0.00022407219306863163
0.0005586243848821025
3065522552767793e-20
0.0002798796905233229
0.0009905987602405052
0.00011621552226931178
0.0004058854983214449
0.00032143413107367177
0.0012912930908882917
4635069386347248e-20
0.0005439001552679333
0.0016258217524655642
0.00046444446527462834
0.00034337740599365326
0.0023247293590077612
0.0003563219258114687
0.000567583141457314
0.00032629397790407056
5150587779060952e-21
0.0019709399530919054
0.005576380109046018
0.001011606282022539
6802753009072335e-22
0.0004097734152765522
0.00012174834669095914
0.00018811028787000896
0.00028904427005762136
0.0005593438444215243
0.0008487047353877975
0.0004994802675255509
0.0012258887311879765
0.00014421103670911623
0.0006330479206165558
891060496675085e-19
10639038237657465e-21
0.00015420156605463534
9596595391655658e-20
7967600575853779e-21
0.0014007468519546195
0.00010011070597197005
0.0003891265241469675
0.0002615176101884643
0.0004300624474407881
0.00011779136872644789
0.0004180412412554265
3875468272300473e-20
9990273812350853e-20
9337161573985092e-20
25260079730872866e-21
60518912944183256e-21
0.00018280050174698275
0.00011988094777620826
2896965952571728e-21
8126277071238758e-20
6122296456881042e-20
12609598161874702e-22
7602017133305735e-20
0.0002606635781262438
0.0002952474147524356
0.0001247921524791972
19598217686834234e-21
648860120366002e-19
307146758824489e-19
0.0003108659409752111
5494377136775635e-21
0.0005054838592973909
0.00016739264449599708
19283064540358706e-21
0.00012283634171679378
0.0007785643231607118
48666145037388456e-21
0.0010654494194191095
0.000463531039509985
0.00011171800333054607
0.0008464723708621245
0.0003571283641341632
0.00022375577833785002
0.00035467596400327834
16513705558410974e-21
16816188763083215e-22
0.00034088044157367964
34121373991757106e-21
6216148592970685e-20
4939297996013686e-20
6489412818793189e-20
0.0009254357113283366
0.0004430288089528449
8846431289530365e-20
13532563448869061e-21
739344865361973e-19
7978630004660753e-20
0.0015344424301246085
0.00026759060817763705
0.0007566826615011438
0.0008556261261876565
0.00040666403206159507
0.000505414459806668
6116738289517536e-21
25521302110007792e-21
5308965892720716e-21
0.00012832115658833692
44222767192640394e-21
0.0009697438668411671
28506621203607222e-21
33810446304160834e-21
0.0005988449798869622
5159679910253472e-20
0.0001058184116103595
0.0003059830246861595
0.00023421439267320312
8003771016118854e-20
9449624501951719e-20
3498657818832977e-20
0.00020880864611329294
0.00012164909594141043
0.00017865484089529853
0.000308880694210462
3125122471149838e-20
0.00022796336691156369
555957408379296e-19
0.00011432931719522383
0.0001681461018164019
0.00024154587035808434
20160713285071145e-21
0.0009178121901226075
0.0011113279468888077
0.00038172597900995115
3639339901675538e-20
9720789242469998e-20
7421419334260807e-21
0.00013413667118811215
0.0001542112251706267
29232470177469545e-23
0.00043369726313042015
0.00010222227751127324
6436397006265352e-20
5508597940766215e-20
6284982360053061e-20
0.00020750473340084964
0.00023323972703795037
0.003086859236098865
0.000149821330191196
0.0010433371126795069
0.00026156740297657267
0.0006861084219315556
5921343015420466e-20
0.00036123418792763254
26074409164142202e-21
5136295723795007e-20
19196201692836403e-21
5111803752819425e-20
1638035532618308e-20
0.00030093629766680393
0.0011052570302519514
0.00022982784312541063
4769724270370596e-20
0.0006518341477859494
0.0003462360442797705
18089124018463938e-21
8072402146347254e-20
0.0004222001032594231
5742309183936272e-20
0.0001969253605109779
359679932736628e-19
8185524614541906e-20
7505353728036961e-21
0.0003605696060601952
22655980316300114e-21
0.0001870595983212175
5739211269696685e-20
0.0001186037207117327
9685449177684656e-20
0.0003601113448315637
0.00034798874101821345
0.0003890017465643174
0.0004734603003500207
0.00018032748918557888
0.0004107169061153533
0.00040905853570682375
0.00014173654237142425
0.000475972917420379
0.00045569925862032687
0.00058760622913422
0.0003701021154520259
0.00010695888848796705
6814542116622892e-20
0.0002530244515049229
5621667225090492e-21
0.0013061148627270488
0.0001241451231617836
10154742504666004e-21
0.00014213711236232143
0.003447711026986293
25621801170969056e-21
0.0003190029222123298
8998058095701478e-20
0.00023153594316827324
7211819141348733e-20
0.00014386914062648564
0.00013133989686724801
11055291600663785e-21
0.0006946859583382081
9840197480816035e-20
0.0002948127073166911
0.00011173304726402754
0.00027572667143356636
0.00012167041610991137
0.00026169112171506
0.0002535192814762008
4755041246647256e-20
7438087686702472e-21
9304917195761817e-20
7613054801630774e-22
0.0005262770976275135
1656684259891773e-20
30117172033250143e-21
0.00010496066365439046
9148796110800425e-20
0.0003042102472564851
0.00048703652976974065
0.00013462467762789365
0.0008634852973230714
0.0001770070589175613
2815564431071015e-20
4297943199092167e-20
25878774813514304e-21
0.00016638221522754398
762545146741902e-19
0.0005669350108333457
0.0006925970683060291
0.0007178449598652102
0.00029866494062004873
0.0008286832227751031
0.0008703164212567574
7789787271132117e-20
20589689499431843e-22
7489770734275113e-20
1679718921954393e-20
5425726291629198e-20
10196412418312812e-21
3179787183755812e-20
8828282165587483e-20
0.0006459032815570585
0.0004304930549123757
0.0004395768128441647
0.0012613985119873823
0.0009460440824529986
0.0006463431550703316
0.00010388854576204686
0.00022658165618163976
6252771809685683e-20
3862727100138215e-20
18041040902894242e-22
3409205442856939e-20
0.000748994768870669
0.0004598190511889731
14378276191529862e-22
0.0003028825125522958
0.001420246413139527
0.0005950048279470968
34094923183210015e-21
5146779960613774e-21
32241765136228645e-21
0.00024419954985387045
0.00012987822029441378
10001882798547744e-21
0.00010884270208568324
20936258839956312e-21
0.00013981703033182663
1364110918006703e-20
0.00047813086107891586
38801352107175465e-21
0.0003020285166660678
0.00018683977514741146
2022799103876605e-20
5881593550599279e-20
0.00026195987322534807
0.0002469132376073619
8987794750025358e-21
0.00013752262119300088
0.0005330236786093258
9486715252082053e-20
0.0002835036997716125
51870603334031406e-21
0.0004822870434921223
0.00010407574061228304
0.00011541609424944922
0.0004217540063019832
4854631364028666e-20
34557637047440368e-22
0.00048730877670550237
47492763871243133e-21
0.0007473239119377494
0.00046860755427084266
22128450605564217e-21
8867352452065915e-21
0.0003967957413782171
0.00014885204146846282
5055006332483043e-20
0.00015804911837085227
5005429785060592e-20
-8850179075093764e-22
0.0006579616611830876
0.0011917346647022328
0.00019288298519620496
9931766393254505e-20
7300305652158642e-20
313444178030015e-19
6222808385187106e-20
0.00010374906661744935
8473909265004396e-20
2572148495096993e-21
0.00017088618859815527
0.002291552941992564
0.00027188811176956346
0.0004174817314181969
0.000933001908031781
0.0001084778202234977
0.00020993017623592122
0.00043989004271396904
0.0012120595459272495
0.00024528469504713445
49374190577784285e-21
0.00014874594422295044
0.0005790121869078176
0.00023187815461984512
0.0010482487349639767
16613360238275003e-21
0.00010022435064531975
0.00020615272933006019
8053958538258061e-20
15200898517926461e-21
9079069013198426e-20
0.0020340919736950708
0.00014069426020856457
0.0011458042741138838
7970756492093956e-22
0.0008185204407815406
0.001073635395741402
0.00024365620730773071
0.000137288840271711
0.0008183883725489992
4034807485078038e-20
0.0002323591103901266
41268097242534024e-21
0.00018887298370525663
0.0002492186188754694
24305314883882327e-21
0.00032065746154576457
0.00022183005901127689
0.00043242224136525196
0.0007826116410315989
0.0001430383571469227
0.0003899957268922845
0.00010819720538426262
0.0002597348833976755
76043949317262e-18
0.0010938776833333498
0.0001221466924208552
0.0003676592516340866
21468933375166533e-21
0.0002324095518210839
6120944244021302e-20
0.0007869892084090211
0.0002450611016259242
0.00035011045543317614
0.00017252622581851156
0.00029279753605334356
0.00032768384263409455
0.000334262904814111
0.00032354535635950035
9568743099841172e-20
365251551936727e-20
0.00011477632134757008
0.0005247946834081166
0.00044339458318968947
0.00011603332585107924
33393764026757974e-21
0.0005596125659264984
0.0007951544053725504
0.00017810359835549128
0.0007483655593813757
381335032683684e-19
0.00012224746435941433
4630854159913027e-20
0.0001229585207883734
0.0033662308144236106
0.0002499553123305776
0.00012593192760791637
0.00019489771033181475
0.00013817246522075492
0.00019880051968302833
0.0006267085811697964
0.0004377492567418009
0.0004038162751417874
0.00015578953129288
4349670403540999e-20
9310040737542427e-20
52964326893753375e-21
0.0004903656939994074
0.0007201466364981344
6352460661882491e-20
0.0003347522968388997
0.0005567819989428978
0.0002338484817361444
0.00048650350218849814
0.0002716462635856566
0.00048028911419910477
0.00013383119187904586
20281607678111333e-21
44896110812334005e-21
0.00016162356647773967
0.00015522847121081794
0.0005389643502669134
41409035953446006e-23
0.0002894744347992776
22032794005558495e-21
7736299547732925e-21
368693956218592e-19
0.0005355267567886965
0.0004330479070260559
0.00010651932013366239
9647795251272397e-20
0.0001956210925020646
0.00041082833336191546
0.0006758534547186407
0.0004863207604100204
58240863805326636e-21
0.0001263256713784298
7383440575092057e-21
8827686332823108e-20
0.0011799159694302651
0.00020884363122912228
3896666091875048e-20
4002645161491767e-20
0.00013886419517367916
0.00033267056676041315
7172700168464807e-20
0.00025589213836848087
0.00019897941634735477
34044283277539973e-22
0.00020101009256705095
0.00018900677101922627
0.00021576847728407738
0.0005426133932303753
0.00015197249533598024
0.00019876406137805003
0.00011416465362416393
0.0002480330936955495
0.00024371947786929865
0.0006306381697585589
0.00010751612620445665
0.001250507968305487
0.00017806140767899733
1465192237540227e-20
0.00017772449426915727
0.0001204691381249033
0.0006604605679751159
0.0005261482007770175
0.0010252771618504202
6259688023602164e-21
0.0012919956349770154
7323199929119952e-20
0.00033752621455169303
33838557080965895e-21
0.0006160472719972341
0.0004937347647976754
0.00014225816385948363
0.0005886727338224025
0.0005715033644396072
0.0010161875030455304
0.0011004656539315052
0.0007490438187040204
0.0007939945174994442
0.00016988518881383882
0.0007905769909919201
0.00017641910356944168
0.001389778268490158
0.0005737763361965787
455030009174232e-19
0.001291701151110603
0.00015782629963260818
6802613823546725e-20
0.0009248412377836685
0.00017014626115503866
3574228583371602e-20
0.001044382403756966
0.00029703063320249537
0.0003749016075098892
6642269377445974e-20
0.00025865850414603925
0.00011146000691747403
0.0003600375741375284
75345546601336e-18
2758701651052753e-20
0.00016833330206575986
0.0013491625177335087
0.00032025516625319017
46713627537104886e-21
0.0001717389254089502
0.00019112986634033699
0.00019559113341312598
60378590236456495e-21
0.0004074768201737197
0.00010341521863933922
0.0015551266609185686
29174185728449177e-21
603356563427515e-19
0.00017236577260150977
0.002753081335218475
0.001089513565412094
0.0002432287153404528
0.0001601332300651234
0.000990607945103295
53990731854179245e-21
26693519967868716e-21
0.0003382828585180705
25635026717548385e-21
0.0001671570032575971
0.0005017456781962552
0.00033757505848734887
3479941239597834e-20
2680373007531399e-20
3693099107901045e-20
0.000478811991853113
0.0008215027030258965
0.00029677106114043113
5877704111039115e-20
9290712787482033e-20
0.0002538518919250246
0.00023733037274469308
0.0007368402469571475
0.0006980830756209222
0.00012811718237966475
0.00027706227177130973
5035312103829558e-22
0.00012246007977659957
3624483199151011e-20
0.0012454912746482753
0.0003857757679781829
0.00048287036902315865
19668967519496325e-21
0.0004533477428364437
0.0003826164131816217
4424075609659026e-20
9915225872479842e-20
0.0009698080452989562
808674291738302e-19
8770680162606356e-20
0.00030045921023226334
0.0005862566803403971
58308888529888146e-21
0.0005130374175794794
53153292691131806e-21
4525058443747917e-20
4973869313906509e-20
0.00014844673969808888
0.0001027223965230089
0.00014937478755685737
46772778433931515e-22
0.00013458240372274423
4504254135456107e-20
852480498404222e-19
5153112967380468e-20
6862245675437055e-20
36823930135062894e-21
22171673816136973e-21
9175365661636711e-20
18116273399073692e-21
0.0004563394267759192
0.00044417411506275276
0.00024065502502812952
0.00010406661845395327
0.0002856522588852034
0.0002875126241196533
11656833785224682e-21
9646750036761309e-20
0.0005261178459158183
0.00012577757345686634
17392324088386916e-22
3502650518034639e-20
0.000257666656533755
8138482351080935e-20
0.0018968317811971867
0.00044350403858333846
0.00022688907812201347
454813062303217e-19
0.0011123508432120007
3776611984822629e-20
0.00011454547016337225
29716562188082536e-21
0.00036042541657793425
0.0003240225657729281
0.0001134382493255574
0.0020196007821609535
0.00034773810336377934
0.000949517816826899
4583428625149724e-20
0.006640353146470086
0.00035214395741206073
0.0005684151649814426
0.00029125259208385773
0.00014173270836835818
9396440639164272e-20
5761436112209041e-20
0.0002190639561366301
0.0011792317861628978
0.0007108620587057969
0.0009964331305897314
6920577884989366e-21
2422391756036262e-20
0.0008674433965153417
9780405092392662e-20
15641768883035326e-21
0.0021562598569163263
2363663784116809e-20
0.00045673446039314
19451110695422237e-21
0.0004265668944761944
0.0002604259055560801
0.00021647823236904294
0.0008759858522237768
0.001617567139994915
0.00043163869510588727
0.001563639928759237
0.0006231078618500379
28291943214980957e-21
0.00013611345708715512
0.00021181751947467524
0.00015699195543676677
0.0001350923096895862
659557058210847e-19
0.0010514051162103027
0.00030329435867944564
0.0001309431377627823
7604414031252759e-21
0.0003963639703218115
0.00011149271953863596
0.0001934118682840504
0.00028345705989271344
22037199089950095e-21
5989797997340709e-20
0.00043383451498994866
55950743187048216e-21
0.0008694221959394159
3120352981865032e-20
4504404503888657e-20
0.0010180368955830887
61355426690148e-18
2893203312589642e-20
0.00017313491482994392
0.00028057254600860837
6388944849666805e-20
0.00013958710367117596
0.00015123366784633004
0.0002979303302179029
0.00047519097506068726
0.000934353102296552
30519837079155066e-21
13837007625487117e-21
0.0007245698688143666
0.00013042761550429477
2909544565918789e-20
0.00023196091828535834
0.0003819118238554911
0.0002045811201247976
0.00024013541924042074
11411617577359476e-21
0.0003218899275534305
7114630273625356e-20
0.00013444722642502326
0.0004542559255387315
0.00043267717553223476
8557609952924159e-20
8335061926746532e-20
3140664095626146e-20
63036281586389914e-22
3806990919047547e-20
22172300817894625e-21
8875183265541949e-20
853842194652556e-19
3113353524453457e-20
16384577936998284e-21
0.00015489951502402992
13636934357450693e-21
3440507982947816e-20
0.00021812761197367815
0.00010369574970490691
0.0003762409248042057
0.00011835575020818055
8364201904267958e-21
19298148391530523e-21
310532907212301e-20
7727486003805848e-21
0.00012724509378966641
0.000337671636329929
0.00034300799346190984
0.00018919176474259673
0.00021468534741571482
930882823300813e-19
5575224768649952e-20
9112149847897036e-20
0.00015693047604909793
27032948460142952e-21
0.0001413622248466606
56294179320603824e-21
0.0005499794541883394
0.0006534856644589388
0.0003298022451772846
7099744387648274e-20
14228482842455826e-22
0.0002413619666605509
0.00022189396109326432
9859868721794555e-20
0.0001090625745907364
0.00015963771118994484
0.0007815601959281766
842041993053093e-19
0.0009686462070513871
2679897739678539e-21
9861990670169651e-20
0.00041253053422437685
8616312005136672e-21
0.0002397025521420044
4133608456251607e-21
0.0007679985841771985
0.0004479015629638801
0.0006550770894231134
0.00017906225822244398
0.00032418395296637044
0.00043375074650272113
0.00010808601106660212
5561548200265325e-20
5468283037119148e-20
0.00015318279961571606
0.00025883431396689024
1296476187368829e-20
7510789104125833e-20
0.00015047158043629959
0.0026606707867960597
0.00024957063749161837
0.00027785484371560597
0.0010525060855502346
0.001050938797337799
831547460075897e-20
0.00024382061436775562
0.00015834051291964887
0.00039049891487952243
0.0011687524964585922
1648403133864242e-20
0.0006385333539472997
7349382326288108e-20
0.0003481194124372897
4754232096814945e-20
7505853506159289e-20
0.0002060818787596912
0.0006586268831215477
0.00035352170365733615
0.0007318130248543379
0.00025506244468184437
4364619983688581e-20
0.00042714848275525236
0.0003038271989962086
0.0007794961764436501
7429290104613922e-20
8755537350226979e-20
7562203912364617e-20
8530308407083255e-20
0.00047091536648928393
0.00011998248951317581
0.00029645130693476876
0.0005282693946746033
6822620797273305e-20
0.0011799533063272232
3535236943834632e-20
0.0003574137329582239
20499195191268782e-21
31257938217194695e-22
2734417340686014e-20
21994172767909903e-21
4538854546256284e-20
8621376187003051e-21
0.00011154284892533602
9518555288375365e-20
0.0001622444956925254
0.0001454745383488107
6861586361564007e-20
9660960994238856e-21
6960241953053949e-20
0.00015235473997180868
0.00033600676376885466
25973172264302585e-21
0.0002562970086077544
30242743065600522e-21
18366297432546196e-21
8273729384346917e-20
20453507403638432e-21
30469957488590574e-23
5697641311917659e-20
0.00028573714087889106
3795145203166582e-21
18803281710132207e-21
-7142579666852864e-22
21250600969124076e-21
16758091204704336e-21
0.00013756379754939547
0.00038681017514123996
42088591566827825e-21
0.00018528490526213356
0.00010973361287789232
0.0001569548763408409
0.0009428110964933449
0.00011175408095718348
6525776027998021e-20
1786336174176199e-20
0.00011106281167051228
38458651988354944e-21
0.00010571943172808741
0.0007533111305061706
0.00020797858706029428
0.0002621158791254236
33096379013265746e-22
8133126820675513e-20
0.00011531736966558033
6646711514155025e-20
69501125644575e-19
5200252843843182e-20
1543627496598313e-20
6769067889109433e-20
24377061968544205e-21
0.0002095058362869718
10614129457756357e-21
0.0004910669516572843
0.0001115653264250951
0.00012928450070903984
57492131357175704e-21
0.00012768513359422444
0.00017012023814250648
0.00026953658843114
0.0001470065212887443
9454842572427161e-20
7113287424589827e-20
0.0008485098204592084
7256386844551193e-20
42243892525661934e-21
19911529602692816e-21
0.00012091594832536247
1723425111194131e-20
4129064899705364e-20
17760775084059054e-21
0.0009431233199363837
35231337110275965e-22
19878289237318007e-21
7096577220601518e-20
4845234068964346e-20
1398672381343556e-20
0.000153023690462369
4424187836291603e-20
36045604934746824e-21
0.0006930859307200127
51418751829233006e-21
0.00029591886135866457
4995523240988379e-20
7785950767406781e-20
7132409569150265e-20
8772563192509737e-22
0.0009351775663341175
0.0003740848154350554
0.00032816046453386843
0.00012998010015517156
7011556423290705e-20
9044817667486195e-20
0.00013239765187166534
5358501324202612e-20
4908919705765461e-20
5244559361502696e-20
0.00021813241155662472
5288952172075586e-21
598195960597062e-20
0.0005585904748244275
9061310629363475e-20
0.00021210771956596446
0.0006586835490567444
9283308290214812e-20
0.0001273981429301528
0.00016672591192812272
0.000814627468098572
6688991348257187e-20
0.00013539709423347187
4360237893710959e-20
0.00041466752228360023
0.00017836237552637754
0.0002215837124666502
0.00048329063794531587
948269250682634e-19
0.00029716026708583444
0.0008937617606046446
0.0008875794980500276
0.0005357841381639945
0.001025578790743671
0.00032667953650196294
0.0011532434985038313
0.0002743139682244354
0.00016198604353370453
7818328406190013e-20
7544734399687475e-21
0.0009621099532450838
0.00011625952187662941
0.00326900754928038
5076307633377038e-20
0.0005236053189329594
0.00041425047268667736
0.00011533145592572073
0.0011659333672317228
0.0009031088129219098
0.0007644776642282995
0.000691086013371066
8522884807171682e-20
0.00010868366518088076
0.0006881543195356533
0.0012307325331473008
0.0013199378420565779
0.00018948704020068638
0.00023810990777769467
54516716363438436e-21
6375869538448401e-20
0.000819188157875779
0.00018416621109181873
0.00014605564671100994
0.000652591478355793
8263330286183134e-21
7112389204616938e-20
10013782247259473e-21
0.00011330898562115885
0.00010243312767737402
0.0007827664836943454
0.00012333712616729257
14834288533107697e-21
0.00016644710993492896
11306504967036898e-21
0.00017896005602221812
0.00017664672311110734
4723820456493038e-20
0.00010931592391543856
3751532549608679e-20
26669131910522014e-21
0.00017784001328518205
0.00020350035133568744
0.00022040457464106582
6324426985826867e-20
0.00012609061507300168
601377275768688e-20
271517835937621e-19
8282527871149637e-22
2183323527537355e-20
0.00012015726143687314
5599468064298868e-20
13608867270993718e-21
0.0005352104213490317
8244701779587772e-22
0.0001799256904417379
0.00048451591156726935
0.0003051618045214566
56381645878545106e-21
0.0002864448387342746
9064905584798605e-21
0.00021846809716594528
0.00010852553238968977
0.00010684171928405253
81343972159541e-18
3329109829629709e-20
0.00025405544096877093
0.0002688293726277953
0.00014195656626234595
0.00024697701687000296
4525485229684328e-20
0.00017678151151970397
15489434541448994e-21
0.0002579018911685559
804772894540554e-19
0.0003173489668156984
0.0013697052381634188
0.0015194925297788494
962778280743155e-19
3222866142074722e-20
0.0006611443725119599
0.000180056253819214
0.00021239279695318833
9350855916119765e-20
0.0004868066356290812
25645875249665695e-21
0.0005585320679440437
0.0026802681639944053
0.00045533250391392477
30434814617387083e-21
0.00026598297912219245
1763551670390075e-20
0.00028482410748232446
0.0007509807128700309
0.00019086945897846052
0.0009477561358193198
0.001040341480649553
0.00020076658180226946
0.0007123431650605184
0.0004962156719916398
0.0008064411242151396
0.00017748579795873906
0.00016426032109210945
0.0002996612983732018
0.0006537891579261483
0.0006168623479930423
0.0003103864207734772
3663014235683824e-20
0.00021544005372539773
0.00020689695922505364
0.0007655122174385813
0.000291179862017994
0.00015880595133387367
5879704577764266e-21
7512857474847208e-20
7762835157290485e-20
0.0005321872597616875
0.0001816269618461783
0.0006666401650412629
26552789143726405e-22
0.0002082876049565086
2157477610998258e-20
0.0008134269914334659
170230085149118e-19
0.0006805091830440725
4258358813061749e-20
0.0002540683565969332
4206111356849737e-20
9214926568283889e-20
0.0002410647430590633
0.0002087235078870945
6653994744846489e-20
0.00031166960322543075
894818724563124e-19
4262439380229831e-20
0.0001466755285926665
4299362410817722e-20
11960954733358807e-21
0.00048096000681416615
9689236286645943e-21
0.00012511297528700638
0.00012274952454724439
0.000518777333195516
34562891072351e-18
0.000443115430913347
5266243918587821e-21
7576375752651465e-21
5968284407931914e-20
0.00024051077322350003
0.00013354160363299817
27323288048652282e-21
0.00022295906560893046
8567344358417706e-20
0.00010792155403678078
9687581397665733e-21
0.0003383793267683046
4103900057272079e-21
50393378668547165e-22
0.00011767726836443939
4900721968043054e-20
0.0011527840069413737
0.00017303013444245428
9766932341240771e-20
0.0015169531516082085
9901071326962358e-21
0.00031593626043811867
0.00016793461275867183
0.001387679804192239
39907302998050955e-21
0.00027429256734915993
5345595493559569e-20
0.00030253461869817025
0.0001327149619751003
10173800755999436e-21
0.00040487995320508336
8074628664804024e-20
3584426051551128e-20
0.0004278893853695612
0.0001952750883821013
26621378978365164e-21
22034110918641837e-22
17368769795570462e-21
8058095835243382e-20
0.00020459383759162267
961705923209972e-19
17764148127003344e-21
4443870837023965e-20
2442972925216857e-20
33445436181326825e-21
24076704504455222e-21
25177769089676483e-21
0.00017150068748547517
7015610454642372e-21
613150441227206e-20
0.00038065122951876497
2166694128589389e-20
34158217799369564e-22
2990993798241943e-20
10105693346146437e-21
0.00028253462708315876
2698191136901731e-20
0.0008888478903245501
7710317267739263e-20
9969811099627567e-21
0.00014730165369933584
5868452663670745e-21
0.0010178683671853306
0.00017159682712398664
335494512680246e-19
0.000576787794785899
0.00018514943063949668
0.00016947548500053283
0.000213714492799242
4575748277851469e-20
0.00160934438407054
0.00037223764024091116
0.0008889604338735906
0.00011868754637436392
0.0015973956878027494
9589258066480484e-20
0.00010941553767553256
5317010813844389e-20
0.00019772873689825917
0.0001226836718678234
0.00010255606247552092
30055484157236264e-21
759549244806897e-19
4690062463778919e-20
0.00015704861569295053
6911397792336935e-20
0.0002487943085037283
0.0002752850600926348
8247738917011098e-20
0.0006624946352744185
3549065424110805e-20
0.0004672452700583293
0.0012844260495865575
0.001135668997194331
0.0001301378758579931
0.00028167115108380085
0.001858702682957812
0.00034809874151400306
15977585043797776e-21
0.00013710188523520948
0.00013997971064142698
2408307591097446e-20
12755897598174758e-21
0.0002587693778665374
58526787900468496e-21
0.0003833739896060328
0.0004348073771483133
0.0001147236302091142
0.000775676198998683
7988199715736662e-20
0.0001960992528390528
0.0014160008624408834
0.0008370050935150014
0.00019250019540495165
0.0007281158133065431
18615810841469512e-21
0.0003389484978054116
0.00204136724552489
17947410212997606e-21
0.00032530670896174606
0.00014674145683328074
0.00012955924800180956
7860898839667205e-21
5872338122793968e-20
7052086621906426e-20
0.00015251074070630536
0.00031322682667812195
0.0002608991973992053
0.000419646455486943
0.0009330792893906912
0.0002503741497315089
0.0014488482116922767
37687934441514774e-21
50753077694613614e-21
7353370482327973e-20
35542006788975746e-21
0.0009458237174800558
0.0007572954815176083
0.00010815795353940439
8608358476274488e-20
0.00018202230864200583
0.00012548995193583157
0.000238757168567255
0.0005486174985608912
12616367024236631e-21
0.00253466885142593
0.0016373977418964855
0.0007820452404783572
1674078860103188e-20
5270452998536471e-21
0.0018346755749757018
0.0001498269029032381
0.0005043879429393496
0.00010814454309428799
0.00029415533544822117
52963426277584724e-21
0.00044306400836251696
0.00012707237640166861
0.000938824589425871
437377973301115e-19
0.0012129056016255916
0.00015601164549481996
0.0001967223211079692
0.00020061401948772526
0.0011759079195619226
0.0010371821681289725
19753638079239577e-21
0.00037771072032599206
0.0023313436846280513
0.0007096259137943313
0.0010912617277967843
9694580612562998e-20
18987065284203953e-21
5009566478988313e-20
0.0007173327488556684
0.00042920402519730304
5374886534040744e-20
0.0004755473908978143
0.0001597404165457256
0.0005480704758592591
36207038976327124e-21
0.0011571696212795842
0.0004563880851774326
0.00011565759821219395
0.0005417528829916125
0.0002819703514191623
655813109389916e-20
0.0001407875647649094
0.0005690588497761175
38267545232316156e-21
0.00017233747475687097
0.0009391931762094786
23676845697334985e-21
3592109006853498e-20
0.00031209200449870217
0.000143677254793703
0.0005570377815838812
0.0005642719038734979
8672321491216291e-20
54286966450855306e-21
937838158885159e-19
7147277209037054e-20
0.0006165899030906415
0.0003119223590287742
0.0002750271482407027
0.0005761858169666997
0.00011120533240592347
811803696967911e-19
0.000652288141710041
26906587744557494e-21
0.00015554626601319233
0.0005423029751917204
7345008234315158e-20
8707132644552853e-20
8510885042552458e-21
0.0002377023118621428
0.00012151859522068814
0.00020946208862766718
0.0003059556073343082
0.001475211139607128
0.0007355476136192544
0.00010720488546188403
0.00022138714801122405
0.0009877883971044438
0.0005517113721844878
0.00022873772203600655
0.00030798523469681714
0.0002083169913278785
0.00027716883150162184
0.00019105818449723975
36091532023451956e-21
0.000261574554381332
0.0006406684859590128
0.0004595636781702035
0.00014694236847014418
0.0012988049839771515
0.0004985923830741047
0.000271212134924092
0.00035607532279094655
0.0005519444457573267
0.0006065545216686757
4278241642469575e-21
0.001979117067312512
0.00045688374812215575
5439740712617138e-20
9544329763321108e-21
0.002709767027099598
0.000452786838557093
0.0002799895576076852
0.001519949442316197
0.0003276927538172621
0.00042934886102829177
0.0021139475545223097
0.00023211534615918681
0.00034184148928475665
2562502030525941e-20
0.0005519959600897312
3712898254508309e-20
0.00011794555155398349
0.00018415942176762363
0.000340238756085379
3153996461772504e-20
882235831601669e-19
0.00015917638363721276
0.00012924896032396734
4834531939933284e-20
4609513071263022e-20
0.00028275149240824556
7755951212496003e-21
0.00023208854452947818
7741063141761227e-20
0.00011435749943369589
657372584101664e-19
9732733972064433e-20
0.000124252754841631
0.00037566674764900806
0.003020983822023252
0.0008393913314269506
0.0015865449651886047
0.00020132723145241282
0.0003921434321132851
0.0002548894770018864
0.0005833574919771988
0.00010197972735521173
0.0013062027128377127
0.0011218458982150865
19689721806495126e-21
0.00010986122260677387
10759156599228112e-21
8723145535145255e-20
0.0003078073309136547
0.00030520417617756613
0.00015469238900283486
998653610513485e-19
0.005026517354513533
0.00010982454010083231
6055476059288461e-21
4959073571585324e-20
529901326612771e-19
0.00019028897789518783
5198077877940673e-21
0.0005287511506089038
18410812658266467e-21
7415283996816729e-21
3365476912224517e-21
0.0005534233012575261
10053252183340318e-21
6732868281261349e-20
24886256285276182e-21
0.00020399755475588983
0.000423226688222855
0.00017937320621081988
0.00032727659752434396
0.00031971757896556843
27290716564115452e-21
0.0002553423795301384
6804815183316157e-20
8061199001340828e-20
0.00026953703270076373
0.00022820852151493668
0.0007385202673872792
0.00016060079984345126
3995544609817421e-20
0.0005814927002006213
7564788294411142e-22
0.00027104944115848836
0.0001629465084207034
0.0020057945065329627
38652424072179745e-21
7194814460080515e-20
0.0013623820365032656
780242072372673e-19
36681060528814596e-21
0.0001917553273647068
29090996285458057e-21
0.00024643019941672213
0.0003512221289597664
0.00024713626704529523
0.00028770408743928455
0.00037470646469498257
0.00013498052863083823
5655305578689436e-20
6701240595856235e-20
0.0003107936248184135
0.0006123569778469087
0.0005303065311192954
0.0006775712324754002
690895715318437e-19
0.00012441198257972402
2397274499231698e-20
5352954185676982e-21
0.00013597841962218856
0.0008153606191635411
924373782694865e-20
0.00014394243978016501
0.0020478428551224774
0.0007420369668391936
0.0001916971549403241
33084041604494545e-21
29813059243601724e-21
0.0028950911594643955
27560383294214534e-21
26807407671052155e-21
0.00010100751249709927
0.00021492781722907747
8598365498564914e-20
0.00013796240962883686
29388167965878748e-21
4016828250826085e-20
42685340035350716e-21
0.0006312814172421137
6343755556276205e-20
0.0004337975419076657
17211427556373202e-22
11450647810789538e-21
9928917427772202e-20
0.0002543797387132821
0.0002450450475207973
52350417958941876e-21
1054059787740262e-20
9591976111219875e-20
0.0010920135346779393
0.0007765518287082556
0.0004347287578140542
0.0008193887940118936
3721916305500619e-20
42104738316409646e-21
0.0007179524164473168
0.00029368030277616
0.00014205509239811505
5127651015280692e-20
0.001328988933108042
0.0006153159325859492
31656406545452417e-21
0.003917919448019646
0.00061196819262622
0.0003160556035391473
0.004520817156723342
0.0003928332328192693
0.0007376684081818949
0.0003158858971590947
0.0009118740540257886
6985422913539162e-20
0.000133164113254649
0.00031015182530461224
0.00036140895764041615
0.0007709187538575892
0.0004508630417991409
0.00024066649573838028
0.00042786095214457554
0.0011594687378501888
1031148645964259e-20
3503895989496485e-20
8955438872736058e-21
0.0012267330579352048
0.0018323880809355676
0.0004382825720355204
0.001547657337456709
0.00013437493371912037
7292543872708106e-21
0.0018363888932650062
0.00015691954510393326
0.0005329316160159549
0.0017495782900380785
0.0002668367061888001
788135937022318e-19
1178288486956174e-20
6414168971389642e-20
0.0001495325815724857
0.00012588936273324021
4061098969011117e-20
70208094886115e-18
0.0016722386086494396
0.0001581278785816354
23256952362246565e-21
0.00012651344013798812
0.00010916623712863939
0.00020182024306839987
0.0007881719627424175
0.0004345745495636549
0.0001808833166630747
0.00039065084513099696
0.0017777683502765494
0.0007675938290888025
0.00015771817156230502
0.0005255784621630217
0.00026740157072291496
0.00015574773754973006
0.0009250733484892503
0.00047223320336640923
0.003435463398999424
0.0007409544536633474
0.0006055050583540336
0.0003894658241481053
0.0011525018626270828
0.00017471070360034106
0.0002494618305447589
3914378568904068e-20
0.0005553260028365286
0.00029789402004219
5125629922607718e-21
6785493285292086e-20
0.000245264745541936
6511184821102307e-20
0.0002117713288923727
8355798165786655e-20
0.000537837733578295
0.00036650130060150574
0.0001906044326608349
0.002061292361313351
0.000505198101739152
4351045744769887e-20
8428415954620667e-20
0.00307318870579354
0.0001469535021194512
0.00020054702073006643
0.0006182774251196647
0.00012161229233949155
0.0001541285688510811
0.00022058731145970789
888916117675609e-19
0.0007522718787915845
0.0006013097019705582
334561782563663e-19
0.00019202042901680293
0.0005081425521178314
0.0005217280578935624
0.00017627232644026788
0.00011719836292737961
0.0003249876831138045
4141850547797646e-20
0.0002432212662066907
0.00046483200714431794
0.0004841122347085178
0.0012640636746370946
40229908308659566e-21
13698073551290352e-21
0.0003109055742024394
37576507249490263e-22
0.0010308145331226755
0.00017085977838054265
6642811802315131e-21
3529811065908638e-20
0.00034123012835442196
0.00027878321434581557
0.0002488569346941398
0.0001307775741682394
0.0007591488647067025
0.00037234607956203645
0.00032059300464437775
0.0005241152788369251
0.00033166441971451744
0.0003761834358837887
0.00012710906994535878
931038365645849e-20
0.000294212558086973
0.001029731551987064
0.0004420513316980863
0.00010767728894173144
0.0005357360363411533
0.000422795324708771
0.00016856951881789317
0.00017010377651018347
0.00027329819044119314
0.0013583424542235607
2224995326442195e-20
0.0003258611322825434
0.00024012341169343639
10565957610035538e-21
0.00024019380300840688
3381946590856891e-20
0.00016592836372136886
0.0005416071351574421
0.00047805811994579544
0.000567786639990643
0.00019175015088053154
0.0003174231278792126
24387302871171615e-22
10692821372996098e-21
0.0002264746295894162
2037843711448505e-22
8402387213914048e-20
0.00017158496609039306
0.0010447215309837517
0.0005030191235683141
2560838294353157e-20
0.0009597992472575125
9602342261894719e-20
0.001058523204916134
0.000266175005949283
3823205397967715e-20
0.00036534537552113984
0.0005202096133757803
0.00020716051155459934
0.00032066121705860316
19740618219654906e-21
0.0001503303051668167
0.0002475254815105585
0.00010704784006370762
24951589297824457e-22
0.0003480500780161325
0.00042880906621447476
0.00023505274637516322
0.0003672284009178526
13307038771371706e-21
0.00034766241735112186
5267444513078693e-20
0.00022185767404781027
6488875991346987e-20
1973284750749546e-20
9307282570628582e-20
13865672688115324e-21
50420637968872495e-21
0.0010135454221645336
0.0009789651236792735
119989438986015e-19
0.004647111100086794
3751134623814246e-20
0.0006477452877276934
0.00043345422248486755
324098394346817e-20
0.0011730052518699587
0.0003093057473224049
0.00024703678236242724
0.0005194053786167549
6629835408357508e-20
0.0007590890486041985
25081205406293177e-21
8554596615834466e-21
0.000104604277267996
0.00011998835796876947
168553381123454e-19
433142825506427e-19
0.00012369153870480363
0.0005601394007172659
0.0006376215490053827
53418687587976846e-21
0.0008803229213360751
0.00018007753821251536
8193388607992036e-21
0.0003578899566781252
0.0009977033813816968
3693097321217661e-20
34520633932476e-18
0.0003754155568136423
4032460458485316e-20
6936262775806193e-20
0.0011668901779299592
0.0002836215438296946
7733547515415425e-20
9310970847469078e-20
0.00048495444615659686
0.0001522952502873853
9453591690850738e-22
0.00041352889425884024
0.00016026763611965499
0.0004373175686192236
0.0002815173427838166
0.0007172047480312903
0.00023875887766295454
8385979263676743e-20
1897083432262441e-20
0.0006864053183352386
0.0020443664993152516
0.0019495624910602079
0.00036592465471771586
0.0001960977368108641
0.0006840173089447816
0.00132108118634153
0.00025876178560798935
7587123486015783e-20
3468445661394222e-20
0.000722968144130996
0.00010315919599563284
0.00029100498831227363
9318650149972438e-20
9984656249056876e-21
5795825030794679e-20
0.00015011134588624553
197786751165063e-19
3229524418191714e-21
0.00010823693435999069
0.00012807150269817345
0.0001117131861508847
27128645210185943e-21
0.00028484551338412464
0.0016236068416083382
5889546260517755e-21
3286353699443934e-20
0.0007245031150661138
0.00010680708215502548
4172099492724235e-21
0.00044134987526917106
6874959468274704e-20
0.00012387467919980987
7799347196787419e-20
12769020865189482e-21
9986957578161947e-20
7016638560552665e-20
0.00034363665021400436
0.0001400515437767841
0.0004042299210271116
5711622403037993e-20
0.0006021092520141293
23855277295308908e-21
0.0007601599669884856
0.00019870954312305712
0.00018502419809863187
0.0001014019911263183
27537109762660624e-22
0.00029215026184939116
1980750000701618e-20
0.0014364387248460482
3894519381162111e-20
0.00013824115697323223
933228248623499e-20
13429495954351185e-21
0.00011715131438637421
6368687415709221e-20
0.00014428625468344556
0.00028249648866795617
50835655677565834e-21
5896020988129631e-20
471625358089601e-19
2516009149447296e-21
49102093241599376e-21
29761991579141653e-21
0.00028865080530393416
0.00042706904406868243
0.0007787940053273777
0.0002568402084347688
33902363764410014e-21
0.0002641649081486911
16396056213218593e-21
5159799161840289e-20
3485896578969935e-21
45805928714107136e-21
927455018797559e-20
10542093392736097e-21
0.00027527106468102177
5164864932495391e-20
8140832970305916e-20
0.00011557073222700664
6900208251391684e-21
10225890838146817e-21
0.00010186235534411155
0.00039003649332341485
0.0001144487128450876
0.00015645412393895143
0.0003040396277955288
4881018001450326e-20
11829204656589086e-21
8334475391994816e-21
17695518612371454e-21
5724409853725632e-20
0.00015278299110134053
0.0003079980428179183
0.0003690047679152896
0.0002372142970858385
0.0007951295394036671
0.0002860969579857214
6706710943367043e-20
5518311112690257e-21
3525134214164412e-21
27101404361931712e-21
14309324298879561e-21
0.00015684450947599826
0.0006494712165323352
0.00014464919498132915
1650562864739384e-20
716018690715352e-21
0.00015131161390293576
0.0001564396731862044
11286836957880986e-22
0.0001300455727856508
0.0010921181896482643
2962442622863557e-20
806956813998953e-19
0.0001380349124201016
0.00018647309083646488
14581287327945038e-21
9710779511096057e-20
8260136275204022e-20
6466931855318825e-20
7935605677003413e-20
6542946749765302e-20
36917098900908437e-22
8220650739304597e-21
