0.0005900570157013314
23677647771636085e-21
0.0053200420486486195
0.0006466804976287459
0.00457636423322575
0.012357702766776026
0.006909996033319655
0.014498399485561399
0.014605422039613373
0.011074246940725598
0.009258164557950024
0.09971288427425312
0.002099850054129599
0.00473483176637212
0.28799772950732344
0.003551361904636982
0.046959046201114935
0.000999870718718129
0.004441310961748775
0.03678459998917764
0.0514874595440727
0.013973869474865765
0.006051150922768315
0.05290287388277394
0.018609476786770475
0.16793275864328389
0.0002561404669912398
0.002275295324084713
0.10056824155177688
0.0004310569573819347
0.012148834407170898
0.0024426725841767377
0.0015641424559437172
0.0004168024946827659
0.0003584908452891483
0.0004790802113794873
0.0001066981568468631
2199051282772042e-20
0.0008307261325160323
