-13213310131847812e-23
0.00011778256725257406
0.002104641903288338
0.015445318373572619
0.0003467726127791485
0.0008576563953445394
0.009038389836026308
0.005300124499608358
0.014788236224098137
0.0015087792804754218
0.010299391793951625
0.0008084052075531162
0.005260416434442474
0.028184061673980406
0.016706870945703847
0.05059603944920499
0.0007992359195335231
0.022597707329178384
0.009775129531860464
0.0010695444468056092
0.0005937679427738963
0.00403385607445883
0.003988830532349564
0.0013838125954537372
0.01005799621609341
0.05586197785637222
0.01854578414004838
0.04157533118049248
0.0070389529664236965
0.0036434470320234947
0.011598048649352332
0.007259153031966365
0.04614608491012218
0.007303218897089601
0.005685776031179654
0.013582738966561142
0.03918659481089003
0.024963029759555066
0.009706736082799565
0.02911193205056981
0.002830809605303596
0.013901631089169168
0.0011329778105443843
0.001780551667577616
0.007064379991935853
0.002090786975955014
0.0030274117004769723
0.008762345889801728
0.007521566057340149
0.014050382516090528
0.0026390286572090986
0.007830357051032893
0.002630599789593326
0.0008815828445181014
0.01827959730046536
0.03894817746664098
0.025191604027470005
0.011449555732090952
6169414607004966e-20
0.00539815411339567
0.0032345421878238936
0.010474017178706935
0.0011393885854540375
4414078106603026e-20
0.013564727478553936
0.0003246697425705375
0.001259150151791666
0.014838260397686405
0.014902912235328815
0.018925985757413912
0.01498031210204223
0.02996716492940132
0.000861112459989212
0.019657453706598625
0.031974921253504915
0.007772263187377789
0.017368602604124286
0.002339556502971119
0.00014748027831926354
0.0144570443279958
0.005329797813032536
1422412649640079e-21
0.016256211407206463
0.020543088020600248
0.007854155332623585
0.012023567984421238
0.0004416556632890268
0.001889900304387588
0.0007020662233526944
0.004379792538900929
