0.0008752303060595274
53707012473586785e-21
0.00036969380977775975
0.0014007926171223678
0.0010727006918192067
0.007534905467481671
0.001903787202045447
0.0033948086817172573
0.0059185779062915144
0.005030506810479925
6825563442991281e-21
8547483760737265e-21
0.010274278669199555
0.1550573775807428
0.040676449674650186
0.016370274236554083
0.0002572073581781957
0.11113889419421422
0.03219456293201863
0.34599083692027316
0.06938662214829304
0.022835767195401938
0.1383613075751629
0.015692686993405355
0.010158520474064653
0.002479046940278913
30217446413095515e-24
0.0006729529981411113
20887855590506462e-21
0.0005309437089918641
0.0003312687749206126
