0.0011805619530584515
0.002527590659983832
0.0015053057311126472
0.0016539810207626662
0.000294446385133936
0.0017596005154816078
0.014690987860044705
0.015618380930103886
0.0036486238270333825
24738803013432858e-21
0.01813156617673996
0.001693272737088149
0.0010247320303170683
0.014171713120875493
0.0018283388573174376
0.03961608208574793
0.015682713354683755
0.026321993261105982
0.002259570417411943
0.011490628919220326
0.0020171280460626034
0.004320427597506459
0.0040108246759823244
0.004140267157099101
0.0038646167360450383
0.008363512902856708
0.024514677125467114
0.024073876311356962
0.013667846847428404
0.013470157331073247
0.014815641693006395
0.022872678760811633
0.010503053093153605
0.007244450134139525
0.00837733473242687
0.021773856259642222
0.022476214408551815
0.022737350594057956
0.0003187425057715735
0.0005327508100505201
0.03708729840548007
3844332416584209e-20
0.005373409590583951
0.010727226007748957
0.03664518574398402
0.0057888698846999325
0.0015866064403901614
0.012085524033247091
21017126891395756e-21
0.006247055878832288
0.0013863132359545251
0.03063973520998747
0.0065706557606317615
0.003776044187444259
0.030337565759033146
0.006584263157824207
0.011758770256544416
0.002291940004355379
0.014729148329070513
0.009150849085223104
0.0028841581791521844
0.05855539991823959
0.020847620767704585
0.0018897503003327612
0.031246475515762658
0.08739250293629766
0.008585164881389497
0.01578779419417931
0.00019321734045518935
0.011222630616659974
8531822185476413e-21
0.0028127914935891203
0.0033355152295476568
0.014397673629535606
0.003024619529513899
0.002664755631176249
0.01122013551189637
0.009987449790495047
0.0006401441636548217
0.000854490007172293
0.003750130269134474
0.01804634984964153
0.0017760832553014134
0.0007635890129298351
0.01216306823867164
0.01982334908565085
0.0026526618647023698
0.009889775532798377
0.001517843648010685
2016999339917885e-20
