4650480166957951e-20
0.0002538847783645122
0.0003100836444475143
0.009089952224101165
0.030367393979304262
0.0023584159582518065
0.000811027431719992
0.02428434519616963
0.004523302804012024
0.0014409092344008121
0.00012806147876498865
0.10925120047372053
0.00916838631927073
0.0059592696210411964
0.06832938788924796
0.13135861217088368
0.020037477377709084
0.1064414342417796
0.15539457125271122
0.02252215367915778
0.01889470167998802
0.03033789282396637
0.05630844704221785
0.022371400288978778
0.006169162929447209
0.0008158605339178043
0.019007571043955382
0.013719393154248033
0.022714404459285943
0.004168140432630783
0.0003511674709846918
0.013933040250437435
0.007158589241444897
0.05560112105291389
0.026351527921770857
20736718054251305e-21
46839902982527485e-23
