0.0003041506366501794
0.00019714320260556527
0.001086554372494981
0.0036393786706861264
0.0006251825186879487
0.0284297330344517
0.03080833368464738
0.0005142407308862581
0.000753961479289955
0.05909112556687827
8758074721522411e-20
0.0955969065613166
8287656395213244e-20
0.0016914711652777253
0.000294032100913041
0.0024783499576336906
0.023613550109838198
0.04323547431934486
0.3121836379541378
0.20842538964789942
0.001040712122070551
0.0860254304131069
-9406291720386982e-22
0.008639660403278694
0.01058302231398714
0.04721040971138173
0.025358305843610197
9141975536192926e-20
0.0015876619085716344
0.003156081989542213
0.0031691631434539996
