0.004249513737035814
0.00043903347706167757
0.0021285535747221007
0.0018554996085009907
0.0024852308844573396
0.0176499626217469
0.017242636069334946
0.000614297634782495
0.007048018381414751
0.004240270342450373
0.00032372315399718517
0.020705940551163485
0.007574846229640544
0.00917576870790679
0.005252185430509846
0.002551766833246748
0.0014211049895056854
0.018296743157942934
0.004757374460423423
2538241302107087e-21
0.02218315740596641
0.011187856908882165
0.03471295509707058
0.006933143271721741
0.015079884397169155
0.004991989476642907
0.003754321123097949
0.0015516927441136653
0.027707275878534485
0.03177347088524215
0.014200616666512391
0.009745742076368349
0.0012822654918372902
0.006386646441669176
0.000877221677285102
0.009928248377608405
0.0014142268236169062
0.016284832267448857
0.022160575941326144
0.007341155800519641
0.0010428553252838316
0.002068216110014469
0.09579394118860733
0.0096558755579645
0.0003716666004781073
0.006690149684748139
0.010377805588734397
0.00163662604533351
0.0024707219801835137
0.04205073507081956
0.00663851787313183
0.019934090969367994
0.0011502802320463538
0.0426159490034821
0.016509671052986282
0.04293855048371612
0.0021560081575184168
0.01865345908542616
0.003944925592932467
0.0042083884543994915
0.03817794947722501
0.024174677674284703
0.008075816024684488
0.006152511148066148
0.009566370909273581
0.004704802650239122
0.009553824514502826
0.020224044585217753
0.0006882136390012896
0.005786130392418484
0.004240136590760344
0.011175236876610024
0.0011566796904034962
0.011424994168104139
0.00418564630805848
0.0009372629063475649
0.006995067914179058
0.02139587770796422
0.004550038491111199
0.016874747407741558
0.0016498086576878651
0.0008891105278804518
0.012122311218847206
0.003934632272943095
0.00153035148760985
0.01453237664150278
0.027447065318897734
0.014126222300590342
0.005247105678762803
6026592212982137e-20
