0.0018142857360419489
0.002570992643005249
0.0004224158703566695
0.00018698921041348642
0.0014112605992381416
0.0008557902239421685
0.007346726397523415
0.027269367208412422
0.000640504503858362
0.0731444776998998
0.009625084015360233
0.16572596604868034
0.06399001998633111
0.08147078780961607
0.1216268731966402
0.0033898243521796848
0.0026867048555005682
0.015502898668665418
0.007867907097683553
0.010649178145726182
0.0802503328073057
0.002514772881839329
0.0049778787170558165
0.035045959406715656
0.07822625980605229
0.0009069641172263056
0.02136610782645078
0.14871110731902598
0.010576683719380049
0.009556850481303922
0.005050224202610865
0.003632519426109791
0.00012067648856337374
0.00026878722737902597
-12663378136645151e-23
0.00034017591822819553
1001819663520195e-21
21466056039888747e-21
0.00015643498374562196
7786916001028869e-20
