8995681680232997e-23
0.0009209219536529384
34053365556504386e-21
0.0007683402411852451
0.0005503620928490408
0.004114286463552317
0.002493197490720348
0.00043319272822941774
0.01274476823624742
0.015584159549515059
0.030227466605438243
0.002248579346658974
0.0014239956892526922
0.0007808175589526109
0.03656761764869996
0.011457801623072915
0.011204243997460308
0.0030430739265505614
0.016923344430772567
0.00043306389656220986
0.0011658253727012409
0.0069548388344965115
0.004530974453772554
0.003682131830746694
0.0001612674241112558
0.0021968808075111977
0.02555087997854122
0.004103154738492183
0.0011061014243620576
0.029635387324253387
0.006129870729355993
0.0012944716344127471
0.03156439763103111
0.002949744539502082
0.014239296650922766
0.01614947456631484
0.02226714027118478
0.0012919388354802877
0.003718025038133805
0.027168000378483353
0.025140699456535832
0.03762299217852131
0.022281570175860164
0.061307765762707786
0.019498706848476207
0.0042138341677303145
0.01308779598696216
0.002044340856782284
0.002474274210021323
0.012102066143584736
0.04187155386239567
0.022425761324577274
0.00048465778463071196
0.0031299189634795416
0.03650362119448828
0.02869027794438786
0.0034171048606290925
0.028073224998728954
0.0017707398133901748
0.024822415706606416
6297834848260096e-21
0.003200288669548649
0.03775652813967617
0.002411254419884812
0.020072066137250523
0.0011218850942706316
0.0014207536252530963
0.014411879031989948
0.012397755372504931
0.03878207368125943
0.007988581590935857
0.007952685691325323
0.0009925206056579801
0.0004243439488327018
0.00045471857348128
0.013033447914873346
0.019086636276398464
0.013641857132099032
0.012622567720946784
0.0036871125493630904
0.009349915483564761
0.007647810386286245
0.0030044417217227233
0.009083825645031698
0.0042364821251215075
0.006399484326445594
9448373575989912e-22
32598760907915515e-23
8542921012820946e-21
2647104939515791e-20
