0.00013743922942327944
6210670174700793e-20
0.0016485083402311192
0.0002772490680713406
0.008946529903573601
0.013570442540709706
8298229441403253e-20
0.0033815214676117355
0.009789409557395776
0.10942042841827362
4009058074992985e-20
0.03627003827576703
0.07542627632161368
0.014052254097675514
0.1253612169740558
0.0015057865492075588
0.024425901210702823
0.015053891629075444
12216193305306532e-21
0.04121228767197124
0.023674644056282813
0.01373871164978759
0.03012629594187532
0.011646257122429065
0.07260441282527953
0.00016516144969792849
0.028786635000157594
0.05122877598958844
0.13288645098578902
0.024933108103026
0.004720132577390584
0.0035745549370980443
0.00019506167297368254
0.06098812372816221
0.007509114080421764
0.051945244365963955
7425302752134272e-20
0.00029638536040052423
6925042474764738e-20
0.00016084967583153724
