20558555043808172e-23
764520949563905e-19
0.005256171556851422
0.00039353731566888937
0.00034622338115762667
0.008002212689975047
0.008983429483773293
0.034685893273725225
0.00022455366527066064
0.0012084249937633022
0.12971397352749967
0.36414577886972843
0.006067879791314675
0.001555966798428157
0.023487231397809605
0.19411994656217016
0.1782198357864498
0.0006683497683114205
0.002956214243990472
0.0006749279518515905
0.00010163822475537386
0.00014123057191402203
0.0018542835029396391
4459082188931151e-20
0.00020793780735255802
0.03225467565787397
0.00012013491028672055
0.003869204130132417
0.0004634535702595265
0.00010571911518292499
49922949167013305e-21
