4274045445252311e-20
0.0023551790958539387
0.0023130129880273337
0.00015268325690100687
0.004853683405913359
0.0033034927520450095
0.006071603646246005
0.005742588652082114
0.04940538588700417
0.002796507153388797
0.002766506500866862
0.3466994733352992
0.0006760435696478446
0.004577938471562866
0.002827430016664384
0.012959043577733849
0.01928856172304752
0.03163440005274251
0.006208463977744537
0.0053810798924944295
0.041902885074441565
0.018204010945859894
0.04053977265439727
0.02552121558233704
0.0005643147146293134
0.021691397203484265
0.00286582543259508
0.012515928252674143
0.02629271348459677
0.04642538014701223
0.10352108704140589
0.11508313481030766
0.006234482862072156
0.02396746293942178
8138246661041329e-20
0.0009137403885664694
0.0009465668887061213
0.0017947944485023893
0.00038776006968992675
0.00013459097873554763
0.00024141123577993805
0.00011432396845612033
