9854000906458903e-21
0.004387539566066579
0.016328734524488624
0.0036648462881354693
0.011160456630008036
0.0014931761127001503
0.0005785257682824242
0.002550646838065641
0.030321208419209333
0.0018121240507476763
0.18559186809604364
0.0003482843324810798
0.010955812771404679
0.007877926417213976
0.00016515009616443178
0.19565629613025087
0.17196674556598038
7892889708434703e-20
0.20725589705162814
0.0841912101313309
0.0011850881001009795
0.0004407018425622529
0.0017788024267816295
0.0005530485027260536
0.04731005706049879
0.002708411949173199
0.0032842439219919776
0.0020953202621451996
0.004243594220906522
5399450182504107e-21
10057473814114695e-23
