-5239025695898051e-22
25059360032258365e-21
0.0012618266601894074
0.0030432714639073146
0.0016033574894430984
0.027860655107961336
0.004604054886133387
0.0017114471500326322
0.006711001104998551
0.013081032226595547
0.019787528897946088
0.0018229749208620045
0.007392391377749822
0.009163391955134693
0.012414699755216413
0.026306522793666614
0.0023839157954415914
0.00668733968383876
0.0016520116526361046
0.0053978024051414795
0.002223478246459312
0.016674388602836165
0.0156529216912346
0.01696699917367768
0.007184616303211664
0.0010662504004045508
0.025121942538591818
0.0059884545615983935
0.028498797964460858
0.005973294967399879
0.0016288001577206479
0.01209823481503344
0.008146831182647042
0.004015083251130996
0.014207635582416991
0.012537846397519342
6168547323043691e-21
0.012946440586279393
0.012206840815087374
0.03488504707526797
0.013767908626347752
0.00072760803702819
0.01346494133055841
0.03871294072447482
0.03423186676586072
0.006921454357850026
0.005437966633497478
0.07612013775932333
0.024542985657099673
0.0023832725411146254
0.004655045108400901
0.0186409956381036
0.002610819485728681
6828843408908854e-21
0.0025625136918620956
0.004630635304169973
0.01299686273680155
0.0035500388600105976
0.00224790901883986
0.0008275143378714252
0.0036158706257529405
0.005901894496718957
0.008315848520509813
0.002463609280387458
0.005373489716697471
0.03338848462408917
0.009614850508589968
0.0018184497001317687
0.017446749972145358
0.014174038862008612
0.024522154218502137
0.024290580291019544
0.005569154168600359
0.02097274898869962
0.0008769983207033077
0.013816619832217337
0.0025234652305415168
0.010581377463040772
0.010161046631831951
0.02332773512592398
0.01838711606437739
0.013437541370013475
0.0012491577078127163
0.004228754791642711
0.001492187764996173
0.03496002048032336
0.013850827364382298
0.00691348858356314
0.006736640744596593
901944716874151e-20
