-996959757101163e-21
0.00015378789746039982
0.0005119097882652752
0.0002575939919716079
0.002558319623779581
0.000607447837310111
0.0052261259964184415
0.00018192453758748966
0.00045798068911309073
0.004356944933378092
0.0438263821034812
0.0007088535238918471
0.27244153663157006
0.025154753240955997
0.0005257414945642938
0.3414948556829356
20875874859709547e-21
0.03273038532413458
0.016403475483658767
0.024148097199266687
0.04050092180552165
0.1201701232697959
0.04944928893396049
0.002277601379488405
0.0009725819841213596
0.00017358419760621848
0.013427797371655925
0.001057611669841352
0.0001562384475788235
4882430281253693e-20
-5682572280785708e-22
