23254881343682827e-22
0.0023909176572004804
0.009272011477956815
0.0019729993372688353
0.00045914554306724026
0.007012124586552319
0.0004376758387267869
0.0016929020115817573
0.0016754900976739997
0.0033255839783149325
0.016184749946283262
0.0049140714604920905
0.012432892041969774
0.0005047574665191725
0.00499934996319347
0.0014852666172364844
0.0051817427190202926
0.0499606135504041
0.0024508552412589443
0.002995477420322163
0.010384446075059894
0.023269497227658205
0.009868386386666783
0.02833751436951792
0.0036610336514659543
0.020900575933180288
0.03639003029571792
0.02699151171868851
0.013931769914777074
0.0009201766988977456
0.028364175995719502
0.0025841897715482695
0.005267385824635673
0.0013049155057278793
0.016561414743475413
0.0059000197779689794
0.021749600087561858
0.004322614912420182
0.031566856109625695
0.0003692681491934573
0.011922160821745386
0.014954970959599138
0.029233060505969327
0.02279264110800303
0.003207064877623847
32087936943586165e-21
0.009545541943649257
0.026687532628202493
0.010220714106737375
0.0063171552820181194
0.013131466873952478
0.028184461535175502
15508086071453412e-21
0.03387739881599552
0.016886632859963044
0.007431327498067421
0.003780578248355635
0.0017283647201694256
0.009765826581139971
0.03622175580245447
0.0015288122624828734
0.00885039102300133
0.020257195085574352
0.006270573671916079
0.017107937611650133
0.007920119536017432
0.02524202658256323
0.009133638969201725
0.0655913807055511
0.006286300646331492
0.022937042935275695
0.0051748187343165965
0.0016191157655732933
0.0014024884292515199
0.01543195553606299
0.0005333264353270975
0.007587951904111784
0.0018754947605219932
0.01117661488410681
0.001795257298042723
6313292879471036e-21
0.007207072310001689
0.008060250077761894
0.008393877923363699
0.005355203717810467
0.0010796937578065045
0.0112829008727217
0.006389883529397975
0.006566835677726787
29392791286791346e-22
