4390794557286451e-23
0.031598414368756475
0.0009613234712039877
0.005122254294491283
0.008139157673388193
0.006081769258989814
0.002451197327554141
0.04153531583238144
0.0003585487396653567
0.09009449884432125
0.0013214366675990518
0.019074668715835737
0.006675733244037448
0.014971589061164876
0.004622104670195604
0.1763935781053073
0.005315470236312338
0.0015973546227856612
0.004496664303747307
0.07866255764166753
0.017206742855708404
0.03271077117334284
0.018199781232544014
0.1012364326824429
0.0030738507121021797
0.00046590566614724855
0.06657774504347055
0.025944251316335574
0.03194513255405056
0.0017567623724813256
0.04897152449221037
0.013131677382319506
0.04690773091148622
0.00827422115636799
0.003344722882077443
0.0010442248490973543
0.010736320175891448
0.061241092648942105
0.0003607649307753945
0.007244535787848626
4360320310542678e-20
0.00010852498390197368
