7271001743844488e-20
0.00019763687810086966
0.017571441426538374
0.0012578138994365248
0.0009082429470917045
0.04097975607779402
0.020201279785456338
0.0328128165303578
0.04322250884522742
2212901935149649e-20
0.0004250868065340813
0.02413198119483932
0.22891867521702228
0.009989270602021316
0.0034848953735823612
0.001349962999277649
0.0038171767570848517
0.003653934757421467
0.004346253761681043
0.009392815643956895
0.008921518011106586
0.29737786501751634
0.03797014341661908
0.06834554740773925
0.026383243044777134
0.0045276631684806065
0.025574760754997972
0.0014520555248395402
0.018614838697293648
0.0019953282850139367
0.004479617682918508
0.05063528079108563
0.0011112748583684523
0.0012492430735179182
0.004263496445838486
0.00034173527967277227
