0.00014449892628337694
0.004437577740332515
0.001012297415122677
0.0002804579187628226
0.0031133241423306874
0.004874634304556172
0.003977413586381278
0.006911395320639915
0.01945394206281199
0.0012819891412949283
0.023428509332713426
0.026505330566186498
0.012453719630172012
0.01929727680012566
0.004609157624985976
0.002059520042973011
0.007303206120940265
0.0010968087748349056
0.03952713873188783
0.006879014302685213
0.0018859745379086123
0.0008319623273522421
0.03276675380233011
0.0614876666081399
0.006658422312934409
0.0009275626354844373
0.0028812093110267777
0.009820715153892096
0.015427406650195121
0.027888347592207003
0.012439506260915115
0.013000805629166695
0.0163761887717742
0.006841045361595249
0.0005792716472440233
0.0008385089047078818
0.004617189959501789
0.010363719789022844
0.0013211296647406897
0.011829619809944958
0.008676430357168568
0.015506084785322725
0.017994076644714276
0.013754376421312256
0.008602083912014129
0.001142426654474902
0.004644561240501849
0.002734946445630055
0.04126015564758271
0.038730109182027024
0.0034785180985975063
0.0006055751099103679
0.03463638889699332
0.026240236984079596
0.007005629696746466
0.002655058490649593
0.004655500855518829
0.0047768196284055766
0.003719092200838202
0.004754290181512385
0.028286584047049382
0.0013114858052397226
0.005644321805698094
0.014545389521535916
0.005462998499301688
0.0035926271887542585
0.002009283099749734
0.0042254829424040585
0.021538522550594373
0.020880100994567774
0.0040577138397813965
0.014505965398081
0.0417849832684004
0.010461341831717956
0.0209489188136352
0.011521256314846644
0.0012140782231675838
0.023691454695091752
0.020088922614452775
0.0014537616351772628
0.014091783163704885
0.007554127350627181
0.028960006879178605
0.0036437496196670893
0.000895310476014744
0.0001184278040730407
0.00041306351615719384
0.00738520951482846
0.0058362326524103525
0.0008743152839856638
