-9984731914063705e-22
0.00019387163173929908
0.0009775917312845
0.0005783255182782662
0.0017658769598635157
0.001368027569087005
0.001726257353862025
0.0016173852077792632
0.00627564367929174
0.006270124448499594
0.2540051831687928
0.0030913075380022818
0.0007683727259681941
0.12771235383868604
0.14348017775499855
0.0044933304854930505
0.0182463743036511
0.30382397830820723
0.03854225447365139
6799978789710778e-20
0.014664587742784577
0.009767191282178282
0.020198619472426533
0.0061064250110834115
0.000804822039458319
0.007118457264938799
0.023569799034465256
0.001215845010426921
0.0008972096683603746
0.0006543877383141267
-7822762778813128e-22
