19262702847383517e-22
0.0017284482932571391
0.003533857532643902
0.0018313910287838056
0.00022641483422321552
0.001000786056034318
0.0014298495556303652
0.0004633254080460619
0.0011453579836322094
0.0119479352388751
0.01135693716696573
0.04052729173890454
0.030579480560134653
0.0030006065553855104
0.011541647038829858
0.0007666004151225647
0.027579584671510178
0.01723458734276652
0.001695459940167653
0.05103392142877127
0.0035932192837923806
0.0009636110428976685
0.010629610377712685
0.0007573940962246974
0.00665535538859064
0.020405232508086218
0.05041982629788002
0.007287033527833989
0.0008219650725750033
0.00040346994675765334
0.00484506261211583
0.012776657618927947
0.013575325986748796
0.002081170436866921
0.00444184769370752
0.02111668492079605
0.014230111923092313
0.008393144952280673
0.000925275804599996
0.0003706428392106878
0.003932385279131533
0.0021575278420200065
0.029150744252518405
0.025249023669223842
0.003269997105358257
0.0904571855356102
0.017843860253390447
0.0015679725361925066
0.010668984083568594
0.033821638767012475
0.0010858001743774296
0.0032267706335013606
0.030009665429343746
0.011372163540657019
0.0011376575473412075
0.029956466828470217
0.009955049199345712
0.014114971631645082
0.0019137760638449966
0.021341698782020992
0.013605674777715591
0.005402594277026027
0.00714820365249114
0.018830944301534418
0.011577748731307258
0.01535940764129163
0.0095889627169319
0.007736782618373653
0.010547581214139288
0.0016223970008856562
0.0007985630638431734
0.005212389769586377
0.0386017261023854
0.0005155897016965829
0.02274264828835644
40402891426821984e-21
0.009063250990797024
0.03481862495917981
0.013637912154087281
0.0016950908670177664
0.0007998089076507569
0.0008307667381309079
0.0025984516039298383
0.0010171111004958792
0.005204987273181989
0.01060111440111453
0.0014805510722067695
0.0013868443359041991
0.0019798233962751138
26549057954309006e-22
