0.01831984534308873
0.028766219601058404
0.09374047432833703
0.0010345538904390984
0.03195067871859172
0.018211904278600952
0.0063621972818794096
0.0021156625865275504
0.0358292324287502
0.022728346529916715
0.04488497584266542
0.001834037374363437
0.10454416683557673
0.0003124841015345179
0.00036023588797357454
0.006811552077009063
0.0008498444020523809
0.0006627526064996171
0.024910947578894005
0.0021619364923816773
0.07579567068984089
0.0008735282702717053
0.29398480817284106
0.10745496489970574
0.00022868302443171046
0.0033904107613818516
0.054509827665164885
0.0014014183113379385
0.006128480851179623
0.001146597936316534
0.0006972736422438884
3732260646190272e-20
0.00385871432288919
0.0008693333063422567
0.0007160332037810169
0.00036984200170286994
0.002085206409273618
43302299475416647e-21
16533439217653664e-21
