-9878115943332249e-22
0.0015438491520914832
0.00041872038378679583
0.0005450248145525102
0.006343055649040578
0.006284579314049633
0.00910661091720307
0.0007304339633839169
0.018092355873756273
0.0005833053151441159
8070827074796758e-20
0.19881689435204625
0.002171028372900654
0.00043305799202288635
0.00046959520446924607
0.0943806637162591
0.0005645067347945724
4972480840811195e-20
0.1993206198927631
0.19993081284396622
30268130198150227e-21
0.1787017615258946
0.0036895113701874032
0.0005067710592409886
0.010267137574652979
0.0037411590960330096
0.05165032725267473
0.011525560382361664
9799035317223659e-21
13641184679169264e-21
-4963710317313467e-22
