0.00016738134618399567
0.0009271040967759094
0.00036006378927865446
0.016615220123119005
0.0027420732420815517
0.0016431548142590274
0.0027871734122801506
0.0005606723829056167
0.0012481829219465083
0.0023827894228350345
0.018039557631727845
0.008676961024311779
0.01110355851720224
0.003841029690996953
0.003049110409930069
0.01477998380910129
0.04000966237686124
0.009905390983462804
0.012583863147852063
0.019925304694219322
0.005949209529774394
0.022590463328423314
0.0020338819369997885
0.017149246238468828
0.015288301199010002
0.01370142186388664
0.011589535059818214
0.027938336149464744
0.024048306502678658
0.04042379627759367
0.00012910688815830358
0.0021156506394717587
0.009215299429232318
0.0037251671392984505
0.018985794374485627
0.001064150170175072
0.011361858739042436
0.02582807875840721
0.013167690949450217
0.004597176370541213
0.005486647383673728
0.009075095213232427
0.002116012948940193
0.08130733555525796
0.02957990723282848
0.012160528956485187
0.0023169455091144905
0.014526230506687892
0.001886582967441586
0.02621583501130616
0.008061316378684454
0.008624880130001216
0.001715219259272313
0.01962819049736778
0.010133838340967464
0.019867184414872747
0.019433273118748453
0.012719118632474805
0.016502656813963814
4949052207596158e-20
0.0060438253120187494
0.006233517735702358
0.0005851162614241738
0.010199773130923693
0.0307078543387329
0.030569756756557806
0.0052690766226875085
0.0020535095317739446
0.0010759853467535415
0.02035243900821345
0.0005491761272642654
0.0019461953183832793
0.00316186835685713
0.02835452746887865
0.005576381313931971
0.003395182068153686
0.007878255656880311
0.0120750094219874
0.009255210920212283
0.0130396634554246
0.009750375639358568
0.0006569549574280227
0.0012357646659524194
0.0013899775109065707
0.00382988465114363
0.01809539007814875
0.005728121707759235
0.014431051956289112
0.0028888507868486514
1430511829457012e-20
