0.00026924936726299806
0.001229764272347649
0.006389992442418629
8573091358707006e-20
0.042681513292120506
0.010968878273678009
0.0002025068717505582
0.004141617985343298
0.013098378744746576
0.002001428750038048
0.00014846512479999233
0.06283209507080874
0.0553068994739808
0.059962933218540945
0.014413623286764852
0.0008443147597476202
0.005587137696219623
0.3443675702057857
0.03227960207020789
0.07696930272964635
0.0006519183118647081
0.16374304711381898
0.06977929842139326
0.02441010734531799
0.0010834929143983141
0.0004104936947271807
0.0005550056356064299
0.001035771523798021
0.00016965096129171624
316948449120018e-19
8352641421230443e-20
0.0032047570009032943
0.000999005074418843
6122619354109527e-20
