-9974421562419238e-22
0.001326087481400508
0.0007381294505052284
0.008222848835499421
0.0007646356109088428
0.008666541804564394
0.001804495141441565
0.001903361692670639
0.0026477108739879824
0.008630364365748613
0.0011426683860498923
0.017143468082059757
29294172109692405e-21
0.00342378029320588
0.18126028041275002
0.0012659703215422162
0.15091837012010031
0.044290288849039496
8608524740996178e-20
0.2748019867861013
0.0002507083200397319
0.18605386277174765
0.008453300437127368
0.06405974113840067
0.005037073204333562
0.0002430701414294819
0.0033015749232134044
0.00045792003763133013
0.018374698390089983
0.003984258724747027
0.0007184214263003876
