-8193863378705424e-22
0.0009465041425334946
0.001453791932409995
0.0005817464853730375
0.004025436652947464
0.001049723203382508
0.0009550518056877577
0.01145435255748409
0.0062639468014934
0.005252999039805803
0.0008703081118708837
0.009714542035530366
0.0028304670973276574
0.02126887396483037
0.006204629753461003
0.019497518988701938
0.0016813882144761263
0.017800104530201796
0.020036911343710394
0.002698013367688403
0.007289322535622209
0.051221485637220704
0.0005887495480133986
0.0012652094354348297
0.003968509815113705
0.05667122161728175
0.015381958597412914
0.014155958595505114
0.007336796629064438
0.0017309324391988087
0.0004929634865648081
0.044786096093762016
0.00510141392605688
0.037669549068962214
0.001377269395104395
0.016004754560990833
0.0024254123316947256
0.011840622846334843
0.007829203447410792
0.0011742123980750907
0.0021669206720314593
0.0013111792087771616
0.045491414641344034
0.0005545347125458142
0.008302641568824605
0.003407218116047615
0.014987899990372484
0.028746299459459793
0.0010855369341075895
0.00039054652747460303
0.021824246318453408
0.021058546697922644
0.014541622773187752
0.01216146339544395
0.009067918264898063
0.008261419614567202
0.011802580637586275
0.02576687727329644
0.011978358097518611
0.001387708264044809
0.01723093533070816
0.006634930906588921
0.0011942215565232976
0.02948445546533497
0.007642703801629816
0.017562186113655308
0.013199012783836155
0.005168591448247351
0.007988115593828076
0.03781253875460386
0.016743917786789703
0.01526210449986563
0.011787111509289598
0.0005244939981308134
0.009249043778060594
0.0011134701417103421
0.031213992080451187
0.028280409652244605
0.014313420964186214
0.003232117198339899
1076617461242173e-20
0.010214229058996199
0.019126802701652516
0.001660824089166216
0.01159906207058826
0.011985981323047531
0.0005124916599284159
0.0012388282716869763
0.0008134313556137541
7743715375675754e-21
