0.0002479643014710217
0.00043674799042251616
0.017276329535901417
0.0008787742644577722
0.008552968616344105
0.00047743518198912794
0.008886878299446845
0.003484234675104635
0.0013574525188137815
0.004052363925046918
0.03180580778046153
0.017083820614646722
0.010242006196991215
0.008282645022880574
0.06266989469342193
0.012199605897767538
683293722153294e-19
0.11630805030155177
6269835492023943e-20
0.05395975721180306
0.026981357513428856
0.27753940949975714
0.04882314302591995
0.017093566374289076
0.08282124358513691
0.08619598256810017
34203504409314824e-21
0.06800935796644053
0.0005855774197834743
0.015833503523208427
0.011216067907864509
0.00010251337173517141
0.006324033678949787
939860386925613e-19
12289266626212608e-21
