4461413114877766e-20
0.0022243701383256407
17384492838879565e-21
0.0001979118132108759
0.00012708767093257538
0.003498764941055093
0.0007894969503584366
0.0014224772375154749
0.0003094231522180826
0.0008794593443458164
0.0077426294543572055
0.07105387234390638
0.23459873175631288
0.05351518974202021
0.08131348970017734
0.060427132303161914
0.17338865123393019
0.09275968829605387
0.006004065637113482
0.04560204174877972
0.05508074760906218
0.015809852502710605
0.0006359700787019979
0.07066892951736617
0.016282175480642893
0.0013150737265821557
6954733334491275e-20
0.001009943324943435
3115679672344681e-20
0.003180121542159393
