0.00012040680425242723
0.0001885512012038134
0.0012278987808586135
0.018902753962689933
0.030219478711571574
0.006929867280568398
0.005401475403821931
0.0322455649383138
0.026855440681309337
0.027549268445789872
0.04859742896942569
0.00860308637562308
0.02974855586471483
0.01667626997788752
0.01554000029332317
0.06416963881906165
0.003898326292725067
0.0012216225212288996
0.03257271241371294
0.05073378423594439
0.10582826761195224
0.02719803869712556
0.0002101985601282648
0.01226517089485234
0.04963833715552799
0.002209685704801959
0.0001651187880997931
0.01413308811119403
0.045696103494076865
0.09614590401978196
0.03899981328783684
0.00369248065198937
0.011199101847046119
0.0398107068416054
0.0009405234767065584
0.02789963766636141
0.052448249674322184
0.018979925660129435
0.0062055565155752284
0.0016251226167372883
0.02125481297433479
0.00205202377578753
