0.01118954177013549
0.020965722503228004
0.011496556213389672
0.04053441025565322
0.010387547616948066
0.03974868548222187
0.09732571911176106
0.13043747633575672
0.02233155690828548
0.05273484921801893
0.006722577933255914
0.11992650225657478
0.079715876676056
0.030418488599909692
0.07903556558819572
0.002647597286677677
0.015101635622115769
0.005879735871156906
0.09281303646980944
0.005962215337359942
0.03545999910117337
0.06829990420584155
0.00622066337317707
0.0039581809594677496
0.010685955303830125
