183037351509617e-19
0.001071791043528706
0.00039040481001742944
0.0019617707483914914
0.004525397728153572
0.0031760998511202653
0.004235556518002927
0.001688124170504322
0.0036016048594704354
0.006286228575588329
0.002239971313141705
0.012282567208160549
0.00046420994974406897
0.012436312526190966
0.013222221873266897
0.02378132994921612
0.033364262229370494
0.006721120114612233
0.0004850085215648696
0.004850154235407707
0.0070934927437652446
0.0409989632749362
0.06511819385522696
0.006024324664409887
0.14938522062403084
0.010171515446299403
0.07344779423971586
0.00173370370589412
0.002271995988267076
0.0007512198731820387
8667442106679613e-21
0.013787146450420685
0.032109837399042135
0.050086034396615624
0.052237392725887975
0.0031707078825696355
0.016177211937894145
0.06371109647064825
0.023378380058005164
0.04146361847786496
0.05992261145855149
0.0168292335646295
0.009240405677630854
0.00017260484774669798
0.004046834988606569
0.06707718570725789
0.022417431290853846
0.012122255475947117
0.0067573923964333186
0.000860553712144804
0.002991085612632898
0.005357046655673635
0.00196462178149926
0.0002455537284093402
5145552327339664e-20
14769961322451185e-21
