0.0002238692281387259
0.0004681605882928498
0.003327783732382749
0.00016476617959082092
0.00014502571771751402
0.0009533731144634904
0.00037655455906045676
0.001097533447738788
0.000403183659435671
0.0018808995954666284
0.0005119936879054756
0.0008895450803003423
0.0005181404017040806
0.0034630793738618213
0.0004646990307892012
0.0032660835713656925
0.0016110571984711333
0.0009866482551158032
0.002752033735816328
0.000264266922658749
0.00022513477689528586
0.0013249102869024776
0.0002720477104593851
0.005556128068926765
0.0017558691986746737
0.0009155338604867287
0.0013827707778210133
0.00017694060272751685
0.0002178899844198027
0.002271989323949147
0.0007278895944256589
0.0045273464113321
0.0011047503264234137
0.000649161073240209
0.003023097617112053
0.0027888562832442164
0.0017411713164955738
0.00019837261059197395
0.0008519176575165612
0.0030701295725750824
0.0010800621465610167
0.0011329916781446917
0.0024165215866142104
0.0018677604392643786
0.003979530302750382
0.001207898880807469
0.001778912448400243
0.0012933442943615296
0.00011402844245849641
0.0017526317325869479
0.0026248128487336188
0.0008075976238203111
0.009297745361139883
0.0013519417583549068
0.002885484449721085
0.0008073222860690711
0.002498262318338708
0.001356365404535716
0.0017804091768753214
0.0027591043818422727
0.007889821409622499
0.0007134135117496034
0.0002438510259905653
0.00038586632433028394
0.0067147976954947414
0.010734482980714128
0.00016318606700994578
0.005083664173421794
0.0011125444773789103
0.0012602560840270893
0.0018025800197062419
0.0021363338686861753
0.0015296560538432178
0.0013635991893359524
0.00016186458401758712
0.0030066795100528506
0.0006540731740184108
0.0037179288899380834
0.002904589290016318
0.0013968332837158435
0.00042277630188000925
0.001954468183840447
0.005979906302420654
0.002822231365320243
0.0028021854274738866
0.0017369104641560282
0.004602315046144019
0.0017053344364778057
0.000550086388542553
0.0016821135876796663
0.010995306532758964
0.00217892285415725
0.000375976487005004
0.004624513836622545
0.0024502280374152563
0.0007938639452903881
0.0011887445186543125
0.0015266968992534173
0.00011844547713330251
0.0013169444630192133
0.0005464920434457841
0.0004696311654077491
0.00019322243123932507
0.002673923414376942
0.001984673925544273
0.00028049400240585454
0.0010986565166780818
0.0008368016526070547
0.002212342634267074
0.0008284095043646296
0.00103879120163215
0.0034366246922545043
0.0016796365761610956
0.0010355431761122935
0.0013377874926652075
0.0014588198070184426
0.0006500106113107223
0.002222032717477906
0.0019511506223004022
0.0020318671836461067
0.0008993584573488238
0.00015199168517897844
0.00256054554260616
0.00011946105359643373
0.0035792796955404884
0.0026102039604983963
0.0016386825464545641
0.0011172642256408497
0.0008738753612307169
0.0020589494745985423
0.003063753529153492
0.003053682447907151
0.009482079578678823
0.003908762705715885
0.002191783501557323
0.005127389513849213
0.0013519555796248307
0.005790142115801142
0.003894495026183034
0.005794398627082253
0.0056511990720643
0.00040574009358236086
0.001620778324451506
662370885795929e-19
0.0002949039239884214
0.0030451769889722705
0.002186444765468087
0.0019055622013881002
0.0013673346952930345
0.003656041110294447
0.0038256471654739242
0.0015729850879138954
0.0017839160244457438
0.0013905481281617713
0.004224109133003472
0.0013504299975379804
0.006539535824937658
0.0021126962517202513
0.002219662107242494
0.0015034657374783647
0.0009154244403752996
0.00321723746014392
0.00188587379947698
0.0027760437228453987
0.001008107081049091
0.000682810955941656
0.0018457257057825156
0.001482856493500146
0.002179733759150217
0.0015796672733704319
0.0004912458505491418
0.002207785032245028
0.0015225253248994303
0.002750411640290914
0.0014085758648754614
0.005417492248595199
0.0028609573146570217
0.0018978049001140032
0.0017248921469161457
0.00918971761706127
0.0001409556566268612
0.001291556838260421
0.0007209544106734464
0.0052080572822127994
0.00805511486693806
0.00272238953597404
0.0007324894615238916
0.004924088711143499
773100519640958e-19
0.0012594004365833794
0.0017753926332202178
0.0008769541932028487
0.0008113027972999857
0.0018325751412676037
0.000944555756800125
0.0016995347810284077
0.009944343202341808
0.0007216472328564601
0.0005215442072584522
0.0016519682182074577
0.0006047381256133524
0.005056460938261963
0.0012981425862544087
0.0016221908424505671
0.0010475834080530394
0.002996487002239058
0.001175884605347806
0.0028195120926012966
0.004359420512271619
0.003392902360840052
0.012208714369460584
0.0012488818275429485
0.002316575811368518
0.0009262939353169788
0.0006076608638975313
0.0019589546785357044
0.0005517194302967645
0.003161618735509863
0.0008846572088105925
0.010395735012290049
0.006294571374999278
0.0012032830314455058
0.002136429582175036
0.0014621675630105007
0.002303032723806935
0.002344391690706971
0.0024477444623578907
0.0007315583017558723
0.0002056238111929461
0.0005010688398723297
0.0013713774349067172
0.0021157827693626466
0.0007502046927449677
0.0021393855925085385
0.0004691404185146479
0.0018104493567847962
0.004147033126207681
0.00045624601525674795
0.0004110133959753155
0.000286756517128071
0.0003418704986780232
0.0010024768808664806
0.006697857489478543
0.002565663731202258
0.0027118702111395016
0.0012984347953322703
0.005485457162212451
0.0011444652127008896
0.0008412740723344271
0.0029265436550371857
0.0023736001573270763
9194822603377288e-20
0.0033234171683292854
0.0005751812898103731
0.0005298604547710955
0.0019294379772581641
0.0016277313970054098
0.0005766662796422354
0.003983851200576055
0.002402960137361365
0.0017299730402704013
0.004201559705357579
0.002028608233983307
0.0006947891364057804
0.005965236188927162
0.006545005723076867
0.000735954037203105
0.008843419843934015
0.004161403958865619
0.002929905373211162
0.007361060391117289
0.004632852930760232
0.003113302862816508
0.001408906259683513
0.0010795310308584802
0.0035826024773063375
0.010841820361670867
0.0022436878834104232
0.0014978210736862993
0.005431658139199329
0.0019377662356161386
0.008618255511777547
0.0002816356011098061
0.00076008258322197
0.0003138481583790058
0.002699870937909595
0.007045894440372388
0.0007149550962201052
0.0010327577718735178
0.0005163121348769908
0.0012050932840183208
0.002564893015174133
0.0007205413936970945
0.005634424321594061
0.0033387970301705654
0.005338669329429247
0.002465923804824791
0.0025965747539352093
0.0034096948788038296
0.0003496656897216112
0.0004901326985182527
0.0016835307243259626
0.00142412860251678
0.002170715646341748
0.0004257080414877303
0.000540678050532914
0.000351412807807238
0.003959849593914132
0.00029517164419885344
0.0005089948484487571
888298206270064e-19
24023664873474266e-21
0.0014231096307678222
0.00023843994223537836
0.0009184273512688273
0.000704487652512243
0.000435706165275146
0.005299066219420632
0.0017341581140695613
0.0018099211912583628
0.00015111548534432978
3497235077407994e-20
0.003356683918990581
0.0023701090472370914
0.0018847447878939112
0.005923829859430484
0.008117674134447264
0.00026920902142748524
0.00243365799561786
0.0027230660819693767
0.00275004303847615
0.0031561822987712655
0.004079337794260596
0.001265856565571687
19660919603499183e-21
0.0004839952621029713
0.002315311021150345
0.0006739785328284084
0.004373130978770388
0.00044495125331086096
0.0007513881633387009
0.005076193431549853
0.001362526339963873
0.002661875903702302
0.002006239703570371
0.0001126075385391402
0.0029618739536980843
0.00015635444612312262
0.00034974144348416767
0.00043833541288858176
0.0004063971126683455
0.0001858260161931618
0.0008388370749261556
0.0017145330504621842
0.0005031152166704105
0.0002743400204771735
0.0014405411683384866
0.00041069983727289234
0.004868602114541597
0.00926243018715643
0.003609032142287374
0.0037448816746284003
0.0035087704401529046
0.00044957714277419486
0.0005190928367353891
0.00016389492354967357
0.003627946211208509
0.0004465002020518373
0.008392395467618984
0.002908990182597516
0.009995730563240287
0.001989097720941235
0.0010940788722397009
0.001915519608503294
0.0005889827073615698
0.002709314023362653
0.007885529647987324
0.0023999252727353684
0.001119998870629165
0.0026027165328575677
0.0009049545319529935
0.0005402581900613535
0.0031323694793852176
0.001496476365390391
0.0009195678859020505
0.003639940836549696
0.0003282912963121481
3857890416883891e-20
0.0002802647086444636
0.002406010562077256
0.005814188653381704
0.002155203346810067
0.003092340830918182
0.002118886857796259
0.00016807193309258356
0.0021899971801727976
0.00022202771336019873
0.00307718887030331
0.009767622827946507
0.0004520499522812679
0.00196197472420093
0.0014141081482665875
0.001152879162694287
0.007145342233063793
0.0016051820620149393
0.0005100661669534403
0.0008113696822894988
0.0012607168736040984
0.003008585222624869
0.0013662961359192072
0.001452646660007345
0.0011621416802350276
0.00042918651267623823
0.004992601673725214
0.002712459626936092
0.0004812830182020221
0.0014843356938264998
0.0008662385070950084
0.0026652969490838633
0.0010645233596823867
0.0039805279994909615
0.0011314611358133207
0.0013761638356323842
0.007011515772867977
0.0003959457987825891
0.0009929808781660471
0.0018156560278796757
0.0022170675769183548
0.0017609928904448624
7354421000025587e-20
0.0009588640112156825
0.00043712342033249167
0.0010910612040391633
0.0002800110691006656
0.0010075452831023223
0.0019950697359923525
0.002819429974643218
0.0018163108728587412
9410052255342203e-20
0.0007751390147950102
0.0007805109738212183
0.0014895073500764816
0.000824394674979191
0.0016703778466055582
0.0013976675500961125
0.0014593196486862906
0.003927050857148018
0.00021764302155436198
0.0006669197062679755
0.0030250599843921937
0.0006614243819865819
0.0025756671215555554
0.0008212917452041056
0.0014593298773120187
0.0007813033244177872
0.0002752359118681955
0.0003877954162270515
0.00030418990956217434
0.00017163613723732748
0.00043445869886999246
0.0019588950473933054
0.00037623461440057445
0.00020961636622713277
0.00044624899226824224
0.00025930334837815814
