6257014836345602e-21
707715046076372e-19
3360603163955052e-20
0.0002981613216993374
24788716667473956e-22
0.0001530252278485797
9306608518614246e-20
2141231317308164e-20
0.0005232639736343658
18550563322122537e-21
0.00016202421891705463
0.00011045298949106408
6792748416962647e-20
1522238982892682e-20
0.0002215062372305691
1565201840497415e-21
0.00013376727245923968
0.00010729304156201563
0.0003439106957683725
0.0007152707518775825
0.0005954409442964905
0.0003985916484488365
26308368933061225e-21
8300982218915964e-20
9093820405165826e-20
0.00012443205520584438
27132018380147875e-21
17963735053523454e-21
5958649573268351e-20
3078217702489861e-20
9270611144789104e-20
0.00013925462325622588
4996775621915167e-20
0.0003180215424689345
0.00013188815443751012
0.00027906864591296964
20709913304120033e-21
0.0005398036806662029
16487979608275083e-21
0.0002547735849783817
22718314542743477e-21
0.00015525067330357964
20983135175173503e-21
0.00022507205280993203
9180200547534888e-20
0.00011790960752548626
0.0002929525397124244
0.00029905759076242333
6925767225114324e-21
1143007022882225e-21
577028768630682e-20
16171799956580993e-21
0.00039840672506167776
0.00034806450906848575
3736625486817078e-20
0.00016483091704748307
7889571754070182e-21
5185662383088832e-20
0.0002628109718108174
17001832583498783e-21
0.00024994690323562347
14923476737843383e-21
0.0001384457548197757
0.0013095928142517412
0.00039374122399147833
0.0001495706322215225
0.00021769500738580042
51253904788873014e-21
6199233667185942e-20
7401149009488173e-22
26854958431971822e-21
0.0008759757531235752
0.0002884350059860314
31480455597145358e-22
8041027722225306e-20
669360432325961e-19
5010873799487944e-20
0.0006688737803102561
14059971201758528e-21
0.00035716563351718066
0.00024118388775557552
0.00026763701821768315
0.00045191591937840647
6283215168149877e-20
0.0001271744206343703
0.0007765552041777506
78514445190242e-18
0.0002695422129918922
7635388339755517e-20
42388350758284635e-21
0.0025813108852308173
3819359575767818e-21
8235636121738538e-20
0.00037353028339517577
0.00011099202706561091
4685537822371571e-20
0.00023489939831993671
4293473182595233e-21
0.0015072989811647326
0.00030710313996367165
1833665191696799e-20
0.00016482482301236897
0.00027844333638867415
14002505687177385e-21
0.0005333377262004183
-11600681046298892e-23
7888395624242807e-20
8970532507886564e-20
7189262715998787e-21
17373698304511546e-22
6597540439935388e-20
25423039872993515e-21
0.0009499005888968838
0.0020845438917028915
0.000898562694437687
4077576095927273e-20
0.0002812378265693589
0.00029757661167275365
0.0001987780037207345
0.0001288140336653715
0.0001565049789175744
0.0003332607510657692
0.000588376471162838
0.00022584393106579988
14882246347776982e-21
0.0003092973665729787
33001831872713647e-22
6860994380449497e-20
0.00046810845128147097
0.0003944941272744122
0.00017692846319690655
0.00037258061531450753
0.0020209887582548353
0.00047584059234043196
0.00031187809388211137
5211289502653607e-20
0.0007109868516879846
0.001520538520263835
9421572844300034e-20
0.0016250136028377559
3752734066444613e-20
0.00018539248747632362
0.00016941647226194177
0.00020733055556188665
0.00010722967619330983
0.0005459303406310377
0.0004350707146895017
0.00020606200457899242
27601799735923297e-22
8013715274497901e-20
0.0004719349479353417
8823770369069322e-20
20748616792267348e-21
0.0003500123470584895
7217417144027256e-20
0.00015962509510528616
0.0003619901349258474
0.0005426628989977053
0.0005658358188237288
0.0011077906747342084
0.0003886988810636957
0.00034876255106765474
0.0006634630000812419
0.00027798959615250743
4606765452476161e-20
0.00013444533983151166
0.00015128360206854226
4946456731201058e-21
0.0003949725774491849
0.00013366636908896537
0.0004923125336819944
0.0009773591033075768
0.0002409722164089416
0.00022392448548612628
0.0007106562956694116
0.00031545827154219743
0.0015200379127292788
0.0005985599359189066
0.001134194066912091
0.0001560571089265819
-22962280376202574e-24
2346776684636082e-20
8312542238331783e-20
0.00026034395469543107
0.00026450109059335627
30773245872783476e-21
0.00023331269701036452
11839331449722413e-21
0.00022888267273525606
0.001225400882271248
0.00031189917189533084
0.0015453313450343536
0.0014332534827016133
0.0009466467240285706
1689819775507191e-20
6877314421774589e-20
0.0014020254646338035
0.00011500189653548351
0.0006744423922683581
10288935334283934e-21
0.0005867084045731902
0.0007579820829035199
0.0009523077550594456
13565172123732862e-21
0.0008958986760780589
0.00040472842166695063
0.0003258789104113851
0.0017085751582012513
0.0011136544461519784
0.001578044115878696
0.0019113385328391871
0.001726082049901392
0.000553699725855863
0.0022667670586988572
43401721526811924e-21
0.00018350891950925512
0.0003700078368941896
0.005521795658700756
0.0001937607736357857
0.000800493839884843
0.0001343859212342305
0.0008804175800790624
0.0002105442606418892
0.0003557408321707771
0.00010471151983921149
0.0003963768674988939
0.00010057325363911174
0.00020035877155100555
0.0004015805364202089
0.0011675275010523843
3852390978243485e-20
24776848675356533e-22
0.0005970647156382212
0.00024201808270603612
0.00033571534126039846
34257872375422654e-21
0.0014142567642047054
0.00016872539365580941
0.0003865925859125104
0.0005356198216770321
0.0022635959398664817
0.0010245966940333685
0.001834257235153639
0.00030016551678000716
0.0003929421117111011
40817111326956055e-21
0.0022079354918427808
0.0009160235962277715
2313702380138556e-20
0.00010819330131360811
0.00011220809809650739
0.0002426242777870683
0.0001707442434715804
0.0002221887458333697
67756037694084905e-22
0.0001243325892915747
0.00023446477216053387
3883591455218278e-20
3117366179782407e-20
0.0012438364498997506
40017260784630706e-21
29667947224083233e-21
2895989375061539e-21
0.0010992404445690541
2997817108132487e-20
0.00014621921376512027
0.00014571103004506548
0.00015404404747968071
791303081808653e-19
6616787809046917e-20
15576183809206237e-21
4181268734545101e-21
4427367945219198e-20
17266607135123504e-21
1363035409055718e-20
6527055153274987e-21
3265601081064619e-20
0.00019900503344425513
0.0002457229702847362
5117094644950565e-20
42868757898630475e-21
3845350527504796e-20
19661812193585796e-22
0.00017842673227831178
524782827356195e-20
419152832731178e-19
5290048340220264e-20
0.0004712791698124588
0.0011437212603694308
0.0010350730807447736
0.0008256544372539035
54239429848346465e-21
4955809232488463e-20
527711545503096e-19
4993233818976928e-20
5104527531837507e-20
3026055906254541e-21
4001794630425903e-20
25243029563462405e-21
10111105570480748e-21
27714717005196632e-21
0.0003604600105163858
0.0011558938330885075
9300295920982896e-20
0.0003097150481412755
0.0010057438955724928
47028305615846795e-21
0.00012550662798658778
0.00040956763577202303
3554222789230715e-20
0.00011378578788601696
0.00011485989701927837
15126906314457437e-21
0.0007533466137592966
0.00025262677977325924
24564552788958722e-21
23188447757517575e-22
0.0013922830604325854
2656888820625744e-20
0.0007725130250240849
0.0012039668966880863
0.00011656065614940469
0.00045091409260149924
0.003740996189502899
0.0005929498782224932
0.001066173288134676
0.0003147581997700011
0.00033016540648011806
3822615590032655e-21
6525135525243381e-20
0.0010767496661717162
0.0007523608915899689
0.0005498150200028099
0.0010832604279967782
39959402120278795e-21
0.0005330107522471965
0.00010495066926397142
4555647285322206e-21
9941919780476514e-20
2599299275553663e-20
29389959737004394e-23
4607501074775272e-20
0.0002779237572240542
7630006913554836e-20
3671668191190684e-20
6939571310056392e-20
0.000122422075729833
0.00072670465045785
16010018083554268e-23
9423004209815288e-20
0.0006557713605814215
0.00030219398037693846
3596910987339831e-20
0.0003245396416461677
0.00047185317301682667
0.0006412040033300694
0.00048006629976627416
0.0001599117236686342
5655358757410531e-20
4648386933086967e-20
0.00032615896965513424
0.0007985332853271159
0.0004891117260076205
0.0001102635192892489
0.00015161596902587627
8166620892465771e-20
4714038190644955e-20
0.0021653851721902665
0.0004620356055489914
0.00019477053839040646
8371529047747394e-20
5430422168319678e-20
0.0004701808149119289
3042402627384763e-21
10311402490721656e-21
0.0008068115994499611
5182913329813802e-20
0.0009818844073268677
0.00029099109848472335
0.0009009429478465723
0.002140651279730828
0.0028330896905999136
0.0017795540633320198
0.0028661446841828798
0.0001591624003994839
0.0017479061158676907
0.003396822618191336
0.00013945883500472383
4912181669551978e-20
0.001425800333929105
17023985712511888e-21
0.00021461411785390756
0.00017861589653873355
0.0002844914139555489
0.00020152141086420323
0.0009386810837031921
0.00011905876465917175
0.0008842733673376016
0.002148887106290139
0.00020161669586940718
0.00043809274068724733
0.0002814063733467249
8864295766279498e-20
0.0008945533415436732
8483394001806287e-20
0.00016073811363441932
0.00030325452385959034
0.0002370639450128821
5494163372091087e-20
6657258667978833e-23
7485029457380749e-20
0.00015903743552318092
0.00030770228369554983
0.00012861448430220032
48448037703288646e-21
0.00010865682027322731
0.0015667656813844611
0.0039882250865673685
0.0005359780938957372
0.0002944344036046739
0.00012949221320611082
0.00018801444005899453
0.0012049980479428978
0.001811796779666632
0.0002228227110014672
0.0025019251527357996
9652510793600183e-20
0.00033383608792356145
0.0020905936901300945
0.0007083570706938726
0.0008825038013547005
0.00027908253285294286
0.0007210498465749815
0.0017361479875612987
0.0017564980936655569
0.0003609912820373885
0.0006427923135834797
0.0003698380994704851
6564434913161858e-23
0.0007851848661322816
0.0002810291127703053
795955720402595e-20
0.00011853883690154285
0.0002867946002398104
0.0004309710852720759
0.0010269958633485395
0.00021646130338680525
0.00011128918247090905
8634408756005152e-20
6234678172899396e-20
0.001485624255439426
0.0006847298064763345
0.0008369642533280564
0.0016910485088137961
0.0002073575269237985
0.00021090084971342075
0.0001728835376319158
37519291221340646e-21
0.00010394193926659876
36479682588163123e-23
767796728299147e-20
0.00022648217316032488
0.00043493994706694816
0.0003796760125132779
0.0020361007808677415
0.0006754101740509943
2096920098742732e-20
0.00034847052887487437
9581716288788488e-20
14998749998265173e-21
0.001754039050094169
0.0012487621129043775
1866847126678007e-20
0.0018407697005501501
0.00020259619539541953
0.00014323952753412088
0.0012985919313378608
0.0005353569891025396
0.006955569082047811
0.000287651119812161
0.00449092246273837
0.0002850975982491508
0.0004325291046576482
0.0016319570998104976
0.00033173957049348053
8089036868991998e-20
31677886338504925e-21
0.00031519451394819876
0.0001218664265442674
0.0009182693047492628
0.0002815570409215034
9666639962513797e-20
0.0009856318663557376
0.00021548929516382808
0.0002819757682129192
0.0004028130636131248
0.003599740796365
0.0007611134821381126
0.0007012892094329786
0.0003725470936598639
0.0001768086317197252
0.0005827775337447472
6874918058465848e-21
0.0005042128311773184
0.000558837184138399
11683530154057217e-21
0.0002462237929706073
0.0006273768619023677
0.0008043178553677157
0.001006303799433692
0.0014496841585649473
0.0007104555919727362
0.00208289102285201
0.0018798023529494525
0.0025917003431684504
0.002576645224039729
0.0028725293200616243
0.0038715598176616295
0.0017797181167032603
0.005331564851486268
0.0002362115596999318
0.00020473866580543644
0.00019914761515519203
0.0016576380632387351
0.001056313780553465
0.0028358864977124617
0.0004955396212947588
0.005945916765169063
0.0020804012060569575
0.0006486048333817323
0.00011684198504518592
3803886160848917e-20
0.00012605952162287283
0.0003522693702792198
0.0012384391480436089
0.0007224450744935046
0.0001746326533107445
0.0003863393231249162
3803907611968866e-21
0.0008646200617910437
0.00012596746934640958
5535624152172418e-20
0.00014057989781375387
0.0002471929312916737
0.0018937724967417679
0.0007837782026245144
7923534054783799e-20
6406916782166212e-20
7053580644520889e-20
0.00012297718728980465
0.0004770755869426017
0.0001305307234190868
0.0003193007471694282
0.00022259660335137478
24400815863521084e-21
0.0003844446463097554
908150381119911e-19
0.0021705059235415745
0.00019309731870638708
0.0001056099022005432
3522098505198499e-20
3334166612272427e-20
0.00014507668820425037
23174970645280137e-21
21582268801641706e-21
5645733719812581e-20
7984961530513632e-21
9962644346823526e-20
0.00016711095010700416
54499448865096724e-21
27114160860152626e-21
7017958230185111e-20
27239087835794727e-21
0.00020383672308392625
0.000153157969566947
5185538524318793e-21
8474455901018204e-20
8250165780507312e-21
3912516127136569e-20
9288489747155881e-20
0.0001769431576885588
0.00016557946599287185
0.0003887260326250872
0.00014855712395621366
3341461171779278e-20
0.0004489773851288399
0.0006908390650817844
5313074676086562e-20
0.00011844037488709672
0.0003874469807326685
0.00041973490854744014
0.0006694307544230527
0.00020334330957148713
5374575616492281e-20
0.0007150186778114976
0.00027331694650965956
0.00032302869285004405
0.0030959295390211665
0.00024784656656014426
0.00019858633468247731
0.000360222355117656
0.0003395218487693828
0.0018156786238572235
0.0006417793724082087
0.0008320914493617199
0.003611459525849241
0.001040409386327522
5606156974150868e-20
0.00031833569381058894
0.004586877410456936
0.0006635910337561604
0.0015332129521963003
0.0005472216647705358
0.0012349589890732465
7847690372633996e-20
0.00018598915689642607
0.0009325882606962035
6988656641214128e-20
0.00028968630260037433
7017974545692795e-20
0.000788399049864924
0.0004965313911824525
0.0011183109950168675
0.00013711984472406064
0.0002740327741378771
0.0009896224526081956
10361127098700755e-21
0.0001399010131694006
3687299675555837e-20
0.00011889603782702391
0.0005011770654064553
7885428377659802e-20
8054764943505783e-22
3211720204667846e-20
0.00015969071413209153
0.00012647807378671384
21188768565790157e-22
5111012133665102e-20
0.0015656894252760209
6744659560749661e-20
7798191057190505e-20
0.00021383569699270913
0.00039145227971432514
4810734528110876e-20
0.0022661818242343153
0.00023235305564467187
0.00281125571485225
0.0010587554585887134
4340497478471533e-20
0.000400116091806789
0.00010323124115482491
0.0009783148197412973
7466611510054745e-21
0.00039329469322727824
0.0001720368541750126
0.0001798459306455624
0.0007414737691429792
901413506322334e-19
0.001915698626823182
20153569055588948e-21
0.0005851287018500842
0.00043354435923177384
0.0003639084369947206
0.00040163766593312
28444727534919347e-21
4485693502957824e-20
0.0002820891703848627
0.0002177483792494127
9834617529566882e-20
0.0007362797136350001
1265984034160398e-20
6215355498665289e-20
58079729113783506e-21
0.0003095119281926785
0.00015011028577355042
0.0010261486167373792
0.00019424245215098656
0.0006247973276670214
-8843214234231252e-22
0.001084878856203702
7576612915022585e-20
24591907603008088e-21
0.0006223971693226095
0.0002825238732756256
5752810214931847e-20
0.0009097739202847268
0.00046243263558095856
6716418768896269e-21
23317096508305075e-21
0.00049505564929014
0.00018126021335300514
0.0028969964314387586
2326722034200135e-20
0.00010086562396934286
0.0009313320899216995
283211634024159e-19
0.0016494911189687035
0.0008464274965645077
0.00018003746807880933
0.00032867224160937407
0.0008379758921900131
637480619978309e-19
8280522443632939e-20
0.00010523195802993701
0.0003597848332063092
0.0005161245347614209
0.00030608231585664954
0.0005215484659180552
0.0005703887698125131
3209574825457953e-20
7370480656725203e-20
0.0004670243693773541
37483995847460376e-21
8515111886208331e-20
0.007128222142798639
0.0003878266847486723
0.0013138842603718421
0.0010622587971104802
4053359967317478e-20
13755851526002257e-21
0.0007826311310330415
3266641900144418e-21
0.0010190117916709387
0.00013688184018586873
0.0013820365804267422
49336870453007074e-21
0.0064286607539056
0.00036444709270592177
0.00034345692522478336
0.001359834500147483
0.001647405601530532
54506566915339606e-21
0.0005263384028144704
0.00011604283667923402
0.0022844906826658966
0.0005493680314146967
0.0003598896697473319
56825829489833956e-21
0.000561829004277893
0.000944733709380349
0.00022188769092184996
12326541912068884e-21
7014094711723042e-20
0.001113530177104641
0.001942550181519718
0.0024537867951157717
0.00474910790204875
0.0003808434319317029
0.0010542393371044561
0.00030821605891800854
4574755207838128e-20
0.0004896180320622827
0.00016810027598522176
0.000512779052329693
0.0032319426596620075
19748768194019892e-21
0.0015553278040425984
0.0008918729991164358
0.0001436127903493829
29917525582679055e-21
0.001349617936800555
0.0006255060186888097
0.0009429841362740441
0.001920369260197703
0.00031461054623669715
0.0001384900645323432
0.00025014082369895284
0.0006541126251510184
10241842495831277e-21
0.00014898699752580419
0.0005492222752976844
0.008732526014980736
0.0009494140744789927
0.000339343868148906
0.00039352848079995565
0.0003759641578080426
0.0006321845265798539
0.005234563303554252
5016896689060113e-21
0.004061271245409687
0.0022537966006337994
14407442876116921e-21
0.00016508543436810681
0.0006250321397096223
0.00012482064146089066
0.0015860061801909351
0.0001454268556470649
0.0009339170478329897
0.0004341360995405555
0.000146305411898436
0.0029555225451016374
0.00016898700240875112
0.00018904279243010593
0.0006528561781845755
3982983592714574e-20
0.00046435789137731456
4632588193194186e-20
4798939788787105e-20
0.00010661395477445929
0.008204549379170367
0.0022041903398266113
0.00022085175587717757
0.004456553438925777
0.0008048849056674285
0.0001835046494312448
0.00014075780420986014
13274687406239886e-21
5053201592331047e-20
3918760932876585e-20
2480606881494493e-20
0.00011523732420683745
7621760670239364e-20
0.00015370947798859556
0.00011014334834772659
6085379897643564e-20
0.00025720236022834465
0.00011955079405395367
0.00013768285179238652
0.00029468579317705804
19856514652011605e-22
9062893118739048e-22
0.0004678933717468588
0.0010859391756426497
0.00018927650580950514
23350470247992715e-21
0.00010582775690722402
0.0003651316762898757
0.0034229708839892074
0.0037128393296151094
9304910073496695e-20
0.0026603194883802993
0.00023152658256968622
2190151348051644e-20
0.00011433357218812726
0.0001297244463365715
0.00040175473781282943
0.00011784674168575766
0.0013552751766252162
0.0002107104029776451
0.00042772933066103795
2003442638524156e-20
50167059909061404e-21
0.0013080992938176376
0.0012826201077923525
0.00017299219693447617
0.0008745660018135401
0.0024429144375603
0.00023893938707925366
0.00011743712248372396
4535827303933327e-21
571044547601928e-19
0.000304092164898793
0.0007403107067203501
0.0020961678426875715
193896012924702e-19
59409178977761255e-21
0.0003867257062961899
1712853968590084e-20
0.0002526791541177211
0.0004441124318377771
0.00010068841295338851
0.0003281731258010184
0.0004771909457293481
4708483152066761e-20
35555387402745335e-21
23183990339095285e-21
9167916452120466e-20
0.00040659054751579634
0.0005738736298738975
0.0005475849438147649
0.00011983910854453676
0.00030547180619085613
0.0004669322889700338
0.0013217210912565161
0.00012007508183912547
0.00025700883827038
0.005651960665822322
3893280459322e-17
0.0003805293073205567
0.001058489206636898
0.0005726990629613359
0.0003900606562423526
8818349819061086e-22
0.005214392327691079
0.0001567801276339359
0.00043774127938236247
0.00010491694976727937
8792010483757083e-20
58499429853704365e-21
0.0007183188064890306
3312756080777277e-20
0.0023923891261936835
0.0014334867504707572
0.004665609470065681
0.000664926343367024
0.0013284018896083639
0.00130065723688492
0.00014199948966834932
0.00012750343657022423
0.0025356618669642892
9255197417087694e-20
0.0021514333848503143
0.0003854047461392665
0.00084889348739614
0.002581113276878617
17647561936083358e-21
0.00045636626389051967
0.00010645802663709532
5693697995043994e-20
0.00012705231509187452
0.004080923412478323
0.0001454922283360827
0.0025327173989650896
0.0001758383647126656
0.0004145019880638885
0.0001982843746397413
6118013164362271e-20
0.0006338108087197362
8777075988370131e-21
0.00014626733640551315
0.001738145891747236
0.003667964336522376
0.0006311428159267024
0.0009434775304474478
0.0020846307791095816
2187928392761263e-21
8880630269042077e-20
0.0007590005066835637
0.0011132245067401322
0.00014546498024787532
0.0007076794670254267
0.0011826427473567893
0.0034780257082722126
0.0001938439362317237
697368316331714e-19
0.0010440476737219194
1766866056890887e-20
0.0003075894479420108
6441104274726629e-20
0.000527951641984477
0.0002866532819202616
3427122698195472e-20
0.0019598353301203764
0.00016924520400868272
20902911145743646e-21
0.002891274648083088
0.0009280677669150445
0.00019046502585794988
0.00036874967734537903
0.0001537997227700858
0.001794281987431754
7888265021174262e-20
0.0016829352776518355
0.001999271820477896
0.002164343012070311
666273597418113e-19
0.0006256822574982787
0.00014478898790735352
1754698509346303e-20
0.00016149439188994734
0.002654909213943591
13313125126681295e-21
7866217103746561e-21
0.00013231663025585656
0.0012308516119287041
0.001037555796990418
0.0010029115934314927
0.00019244248322061884
17651403347176948e-21
34237870971559846e-21
0.0003954371240231695
0.0001170290854962716
0.0003840644496399556
0.0002364662118614167
0.0007364886194200294
0.0005899766792466333
0.00018305513334940048
0.00040679103473328134
2726783473315651e-20
8325128421235366e-21
3157601968498262e-20
0.00021162855435550912
21748944016790434e-21
11653256390200869e-23
8566237022917476e-20
9006253364107472e-22
14988265983996082e-21
7537965876643737e-20
0.0004333755800314478
0.0002677455015428935
0.00014974725778857712
44703762986556844e-21
6468046353551028e-20
16695922118607703e-21
9302630497047738e-20
0.0005900383481121498
83022521298707e-18
0.00031240015015012595
0.0004648965570462852
0.00010169621602431414
2935898914578709e-20
0.00029421950871372693
30180894487117764e-22
0.00025207193161022406
37057131282613403e-22
6304175708929218e-21
0.0001652350666710084
27383302443834857e-21
0.00039566737893072
23460281344441206e-21
7477766289171642e-20
0.000496100740560469
0.0002785214167998464
0.0005605115794687106
0.0004535697114252962
0.00011460736280103692
0.0005785129531353826
0.001565222878464113
0.004432416449804528
0.0004051977147671816
0.00016501896998992382
0.0002039641634322671
0.0007607672509580553
0.0002073592161995443
0.0004447922760590066
0.0002712423476385983
0.0005247284449071889
0.00031225215249489627
13640871656191265e-21
0.0005244725544622207
0.00021984258642520946
41310222115256596e-21
0.00015322550596991944
1925385407085594e-20
0.0016436380690007996
0.00017444025679852395
9394560463910819e-20
0.0003785554756407408
1647390277014401e-20
0.00025885715543646506
0.00033177980834121697
0.0026622071890430904
0.00017359110263669424
2808715902041642e-20
0.0006420483537253261
0.000766844330107227
0.00033137981078856945
0.00010876663145870281
8459139129994306e-21
0.0031843860609216366
0.0016504331867383695
0.0006797595454798205
0.005095106118993114
0.00014983052724195278
0.0015172698891250847
0.0010616347959135017
0.00012962250883342242
0.00047757542335774805
0.00018597429214369912
5422225577679347e-20
0.00028814833320279533
0.0010849643025762719
0.00010958534810878812
0.00023806819486818268
0.0007708356946351882
0.0006036496315431991
0.00020319690043068967
0.00020797071563751485
0.0007282880524410287
0.00029263878292193297
4183792990728039e-20
0.0006920636327494169
0.0001825247014504561
27476188182526097e-21
0.00027005343581834254
0.0011856905076041598
4087296193800633e-21
0.0003977358736535446
0.0001784032424134309
4479191619381718e-20
3611440952114755e-22
54962407365018074e-21
27810055791064646e-22
5852427031878509e-21
0.00149774461390227
4556864843937061e-20
0.00026232561950631777
22466437489551616e-21
0.00020874003486289343
8540764687711403e-20
0.0014422470950070172
0.0001333923265161277
14898908224456182e-22
0.00026133883145776804
0.00014867997921315276
0.0001234737507235163
0.0003351828825315331
0.00011558740248053565
16350521241996682e-21
0.00014480254742690402
0.00012851421982893453
0.0002385458908725211
0.0003851757021051316
23875519452870055e-21
6462892433071569e-20
10529479627436917e-21
14613113407917723e-21
10275049507076997e-22
3456480687050726e-20
2026185300080415e-20
0.00011486566444693578
0.0002141036448043658
0.00028734925534335085
0.0006843164592472905
49181457131404455e-21
21641623189485124e-22
0.0017811592140678303
4238177697885396e-20
0.0008790887477617929
0.0016887282357583649
9416040180990712e-20
0.00015076452097008257
0.00013427934121334909
0.00017954129221333789
0.0020234281573038955
7725280511528051e-20
0.00027750853380742425
0.00021538977088783417
0.0004397447344549732
0.0003588729702839355
4698951249598675e-21
0.0022593444798276823
3398787203582312e-20
0.0003335405909190942
6559994936030225e-20
0.0008497031310623638
0.0010655758290794922
665441469430341e-19
0.00013018806710484178
0.00015321707035356806
0.00035397304925512726
0.0004648171452994987
7670698406397862e-22
0.001489556381766071
0.00013358017937408297
0.0002282626488941481
0.00041983821957817483
0.0006082387206318374
0.0028425452016707527
0.00025292256735751805
0.0019335732525699969
0.0019334690165891623
8074183010888773e-20
8887489740376365e-21
0.0006290309466037783
5423142469670844e-21
0.00020969938724289794
0.0004402683199973928
0.00012060971775790614
0.00027832895520414695
0.0013035379696741357
5438274503475018e-20
0.00011644859556986456
0.002573932459864299
0.002452103583978285
4351034392963785e-20
0.00013429131537706984
0.004525312778491076
0.0002767069817000143
0.003449045136576627
0.0002845485405459345
6230271197559568e-20
0.0004339298744508995
0.00012072708687780676
44556270923001313e-23
0.0005303376377823985
0.0007744382380873391
0.0005731549373243102
0.0012004828646357583
3102102275968655e-20
0.0006934214319084385
0.0026773471555152258
5384039611676345e-21
0.00179248406061688
0.003017306708663982
0.0015994262016827039
0.00012018568809558958
0.0004268522820395858
0.000533687944184531
0.0003107029523140407
25615917784423802e-21
0.0005523213524483573
28912902786947823e-21
0.00021473593021043114
9942633891349127e-20
4259964852556818e-20
0.0002739840738903736
0.0034599485204968128
6376165327943435e-20
0.0007609353763716897
0.00020308322335861508
7914014320254195e-20
0.0003047616921610509
0.00015229930135446636
24123666267389756e-21
0.00011334508311922722
0.00018329954694146114
18629370089332014e-22
0.0011386204051015757
0.0015456111132848421
278892724927371e-19
0.0008014465498430347
0.00013058411518626005
0.0006409316707667334
3552140469180854e-20
0.00396954129816492
0.0002175856026086375
0.0001507001525898069
3888713631992119e-20
6493846756406334e-21
0.0002581364976579417
0.00047888845725301227
0.0002951337005277528
8526853573293021e-20
0.00012770532837769769
0.0010831593886736857
0.0030144131587832067
0.0033118873961348405
0.0003303329236337006
0.000285784971848603
49777842217973546e-21
0.006008004620532744
0.0003203684331880177
0.0043505205848657505
0.0006210279246694057
0.0063392067325270625
0.006175499271780938
0.0015929315441352006
0.0024983348427620707
0.0003908707590649983
34164330745806184e-21
0.00015726674623878106
0.0020377587576320202
0.0010954385237902894
0.002025051224977172
0.0014852537447544896
0.0002819982113990425
0.0004638563727491572
0.0008001651642140405
0.0020433477261230263
0.0003403204055337526
0.0002161291897066129
0.0007721697057508854
0.0014616646909246618
0.00016383403370098343
4627142260279858e-20
0.0005683440685695139
0.0008895508525920066
0.0009736374420702182
0.00016824378230351631
0.0012840376971513976
0.0006289102989343501
3060333332727755e-20
0.0005939299316230128
0.00011172227006359373
3006005886260538e-20
0.0006885258903490902
0.00035342008105057333
0.0010334676233487092
0.00023389212280515163
0.00023245033554895896
0.0003742113031336318
0.00010358787781380776
0.0002590104796188796
0.013336562981662825
0.00026800700021578075
0.0011585863976541389
0.004293280560242705
0.00019033893107913476
0.0004924751203097326
0.0005647297202621203
0.0008929991867878966
0.0035188623867347378
0.005299773681620878
0.00015673366563360012
0.00047482594360184337
0.002843812875468376
0.0005388491751778256
0.00118266205972952
0.0006543769407742501
0.0004547932168716562
0.00021236320792757747
0.002751413967260671
0.0008058380802368357
0.0011769183495038136
0.0003307257407108757
0.0012711935738940446
0.004900790252373113
6663774420412158e-20
0.0009445237671159087
0.0027753417805718075
0.0012955367381152882
4011679885313788e-20
8452996568466304e-20
6738549316382703e-20
0.00010542090025048912
5676867280209019e-21
0.0034908983507268188
0.00010323843646575987
0.002035247747761102
0.0006911646996131648
0.0008781897937464672
0.0005444219643074139
0.006665215153945053
0.007698683305315931
0.0007660440385165047
0.00023489164478013652
0.002334632500145511
0.00012145617786736158
0.0002896493606608942
0.0006560300111552485
7871365439324005e-20
0.00021843193241470683
0.0015851050137742997
0.00020422677207958256
0.0024340232030186067
4899632198922644e-20
0.0018304165480680136
0.0014297125564384193
0.00462598595287952
29719475114143064e-21
0.0012327341074423294
0.0018558977169657385
0.0015654610949960832
0.0003101398806366427
0.00027594508185215525
4694789068577909e-21
0.0016208513502940975
0.0002585863053568368
6306801613220089e-21
8613860477288521e-20
0.0057733486476416115
4967429755964594e-20
6208751988962754e-20
0.00013229343845468807
0.004918442160095123
0.0033998622480559634
0.00044390295467460665
0.0008481862440255052
0.00010242693919413391
0.0008683467892626975
0.0009609268235975185
11623477850767355e-21
0.0001270184979427687
0.0006607882732565792
0.00026762618552861605
0.0011344451801959692
0.0034429681459401764
0.0007963042275361775
0.0005580642769951506
4592933074267062e-20
0.0016525989988925888
0.0006484142689834505
6733627812782547e-20
0.004824602793904096
-16093683371363818e-24
0.0008183779106862977
0.0024747914118236516
0.00013892746226519951
0.00033777271470234214
0.00017218490983825642
0.0006869056558858573
0.00020281137816703516
0.0009446820299975389
0.0006575110101783699
0.00021514573751116816
0.0016487364201080096
3802192055672308e-20
0.0002441885873861489
0.00011769241265055778
0.0013537122604520774
0.001142359765407088
2698311925554029e-20
0.001530643412798788
0.0002603250403369693
0.0003295818147664993
46638252928994e-18
2688545907069322e-20
0.0007831453889458664
12184533689808228e-21
0.00017761477887607292
0.00027594228025866295
0.0004084339127353955
0.00022590250319747758
0.0002530903377423761
6366185438706531e-20
0.002188857541133267
0.0032935785537919968
0.0028098997899087463
0.0012660451716273785
12124428114834471e-21
0.0005837196754199422
0.0009471482361274454
0.0007494254511370569
0.0006405307953413468
0.0005754692943538213
0.0001917089150963008
4410714178529862e-20
0.0011313154120014383
0.0008006304886690349
0.005028612896762289
0.0004252955221010999
0.0031201813542469673
0.0015455052108309351
0.0002673853781088091
0.0002442746167044486
0.0012314219601353483
0.0004791977910701955
11723999501040084e-21
21097581460216223e-21
0.0036307146179737062
581202292619078e-19
0.0012050986206262964
48358479081833144e-21
16630243890179796e-21
0.00017203428523026736
0.0019911789224247123
0.0016835415531798244
5230534535986086e-20
0.0013214366353174448
0.00011926318267569552
1986434006121027e-20
0.0001707715863335084
0.0002207646651158199
5305787916404762e-20
0.002955701944276383
0.00011575556733212512
0.0002919268302367097
0.0005642351308399212
9461245810161404e-20
6400662940368859e-20
0.000584037919415206
0.00016056460793417086
0.00024704412656811127
8623740599067971e-20
0.00013074124746421443
0.0005692821203816894
9410661793050173e-20
0.000351081367803891
0.0004231661493639985
7324103030317537e-21
0.000157827878363767
6998422022283156e-20
0.0011854383097325654
0.0006099489256194599
0.00013732847351534953
19826704622578502e-21
0.00015853927539801743
9168037453589976e-21
0.0003014345546619762
0.002690729493827984
118390110633661e-19
0.0006666224418673019
0.0033303879561639676
5741952583154026e-22
8650955984411342e-20
0.00014144343090230355
0.0008310324218249887
59030891226517155e-21
24257222009302596e-21
55952248858507385e-21
2306392899482283e-20
0.0004190513824031097
33874787119221094e-21
7073178708362597e-20
0.0004514182272196779
0.0003009175827501669
0.0001010307031536321
0.0017688262487370696
0.0003037284964141957
463503005066833e-19
0.00018404294255453544
14067205987398131e-21
0.0001924542538231321
0.0003153372891556844
0.00039829400972376616
0.0010735368998500796
3286392793915079e-20
4119421441534753e-20
0.0005860332661539379
0.00020630609409766465
9584091881633869e-20
0.0008147756441374047
0.0007085269636381251
0.00032725156173523014
0.0002481480807864431
0.00010652046807905107
0.0006454718204907474
8220295560204039e-20
0.00020456002074605833
0.00017924236828489396
10264644624280304e-21
0.00018821468354803986
0.000377463710906293
0.002524452065747307
0.0001923750340829572
0.0004067556876232809
0.00037008597466107356
0.00040512006453256806
0.0013007232545814299
0.0015628686557156697
0.0005953413288965337
0.00018894632505140168
0.000190108834488841
0.00029762861226118455
18930013087776143e-21
1450598221712286e-20
0.00024127668076334894
5469731954462992e-22
1634624119117278e-20
46865511522544746e-21
117059716563146e-20
5084549770683702e-21
2468302288910728e-20
0.00022973729862835592
0.0002166397125413072
717366920229796e-19
0.0013166454411356115
0.00026270334521473677
0.0025970618380869543
0.0009138137336855684
0.0014947584535274956
0.0007550101530886187
9275414793330617e-22
0.0003705048076166921
0.0002619967169060236
27829304284884894e-21
8153113930104644e-20
6800458485892016e-21
2647457209645482e-20
24296739055723933e-21
0.0003169661502533105
26348761010314917e-21
7653568967453189e-20
45612479240093854e-21
9281633774224529e-20
0.00012461317865738336
0.00016328242917496114
0.0002867644990877216
21017854176934903e-22
0.0003198657509021952
53876005031269046e-24
0.0003969282444968854
6953009607232855e-20
0.00016642689395558643
129741828820949e-19
19865103936192803e-21
3245058073536708e-20
3058008100546111e-20
4516666667492008e-21
0.0004011014087940484
3331078476912117e-22
16500892148408044e-21
14331910953676216e-21
