0.0002265178577850082
397695195487688e-19
5461906774091866e-21
0.002105209728725357
0.004707242679601278
0.00027904945175348615
0.009562835099989064
0.004246482566246845
0.006250544415153335
0.0017687086542357603
0.010905369544290847
0.025155893935048163
0.03074617019720101
0.007886529516170929
0.00298595505868974
0.050825907610813424
0.010882731402182695
0.006268456901076135
0.00036633917040835803
0.0010562296294839358
0.042719287917648105
0.020991376266505754
0.0015879745434587997
0.00013393149938538347
0.05034873212506472
0.005343720563179038
0.037605674063903416
0.004413303166636637
0.0032812517496119513
0.010968758202686356
0.022893817083252513
0.012635985954379958
0.00014239557173688228
0.00025211820105315694
0.005224473785256749
0.018066556222865977
0.0242303811223544
0.00016828376827081196
0.0005983189549456141
0.0038467008756814447
0.00530753117483565
0.005426467300380523
0.004110894966705324
0.009323752329415945
0.010334690399875427
0.014031903858472219
0.03914558296770059
0.09381524185192719
0.0689559092007852
0.02236860260027259
0.00627980650312386
0.00459259204294791
0.04972514417817469
0.010897378864167457
0.008726759737700025
0.0021699138053216946
0.006897668056250056
0.0002655838881537943
0.00010958814860886907
0.000830000976350519
0.00030781426698209453
0.014773076639499163
12939878421831728e-21
0.0008428493311677502
0.0027782973426659268
0.0007252440057857666
554467136589036e-19
0.00039733327624585506
0.009182714358272743
0.04095635458521548
0.021701475259988192
0.013602598173426203
0.00646115018115088
0.0013909927226160093
0.0014374910083738267
0.005458282992009029
0.0012781438818532608
0.01741374537295712
0.00328117307650612
0.004475770041521345
0.007623200397962712
0.010994168470281073
0.0005160293797476975
0.018918655063047032
0.007250421676115546
0.0013782384108022767
0.00012845890896743907
8561704401720747e-20
0.00018664731040682347
0.001346210896108934
