257871589430532e-19
16765541975315744e-21
28290676858549506e-21
25481333954154985e-21
0.00019577164769059332
3615854439884905e-20
11786276033048658e-21
6695490216601584e-20
2982552843293199e-20
21270353577302305e-21
74451977520688e-18
0.0001209835064886394
29669338964408198e-21
17469272536969814e-21
6342734543525352e-20
7304772257767324e-20
0.0001519432578453935
0.00010413208728271174
25646132516281766e-21
2129381340898391e-20
3580309114736143e-21
22577065638422605e-21
58656153669073745e-21
12290923942140452e-21
30068630773965857e-22
6012525951864525e-21
34319450894492615e-21
0.00010435290615777919
0.00011551563297370036
7386591932892749e-20
6106988621537918e-21
3574942924802707e-20
9255500337639689e-21
5523796808098446e-20
8599522172463084e-20
3388355543088766e-20
2238078155629106e-20
0.0002089013537352525
0.00015651261092117656
0.0001314153901193071
16326057239645182e-21
6019013605214956e-20
0.00022081872487312497
6925619226839478e-20
3370141785223716e-21
0.0006395396544853514
19478700958309465e-21
5075788192805718e-21
0.00011980116219565304
32457630668605024e-21
2522222917684027e-20
6351554673776089e-20
0.0001947701631950696
0.00010299487532178905
0.0002951493899968023
0.0002112998701059133
4237138517364604e-22
0.000384828135413292
19598829149599167e-21
5877173366917013e-20
35894459474064115e-21
8980007343917393e-20
0.0004326636526020082
0.0006156411026954483
0.00016205524964986426
3920764605348902e-20
9119490373555025e-21
10068906158743853e-22
8261976850811674e-20
0.00010165770696409301
0.00021172732767371462
17387755006510726e-21
68050686517899185e-22
0.0005193315053638209
6736668380976728e-20
17150550010952684e-22
19264410599410325e-21
0.0001729213825240748
15395096501375176e-21
8317857786608555e-21
9402940003491297e-21
20190956864389496e-21
0.00013133156805766584
59060319480930596e-21
0.0001254851527261163
9248179942551921e-22
0.0001740873201911538
0.0001245527106063137
6380681873814792e-20
0.00032224187119475297
16640134467637096e-22
2694336660532692e-20
0.00022949498923773717
0.0006008051505432646
0.00010883930217600372
6058385296148025e-20
1748336313998724e-20
13382991275918068e-21
528319609934503e-19
0.0003461577724432149
45194444242477624e-21
0.000825572330824676
0.000499586373250507
0.0010820592176545574
0.00010798409284474729
0.00011065836062680222
28901546983210502e-21
0.0007323945786584886
4022774988203445e-20
7806585521218918e-20
0.00024122956695156692
1927172014247932e-21
0.00011245170186297541
0.00011014848202707103
0.0007412291433465467
0.00024250965386861777
7855965923733447e-20
10777755120262593e-22
0.0005207449011349388
7581774037671742e-21
7205641223753186e-20
10391695477694408e-22
0.00012494224975320213
0.00020748898431655478
0.00016632783766759693
0.0004598568552405618
0.00053192718144978
0.00025057381792404563
0.0002141122904056926
945512267819387e-19
12561231172759716e-21
8057263267668214e-20
0.00014505917737861192
4799929127836683e-20
27634505565358048e-21
7954937261073806e-20
0.00019177832479977516
8846452386131881e-20
3804331272117211e-20
0.00010202330870519384
0.0002724811144760942
0.00012531115913438844
0.0004688980106159412
0.0003683984448590416
7458285194146178e-20
21389513608723214e-21
0.0003516138684447144
0.0001249433895738388
0.0011344041880017404
8451921764198262e-20
0.0001528371821690286
0.0017486759856127376
0.00022561388435913483
25740390508276463e-21
2264925783526403e-20
0.0002264306584022437
0.00037588994567003156
0.0001225861918796117
0.00012727057223201085
26508256377053336e-21
22267779262174647e-21
38254381774525984e-21
0.0006855433740580047
0.0002255201696853106
1595728171890314e-20
0.0004951387176362297
2229477440928186e-20
0.0001890909999765168
4733450861162023e-22
0.00032640581874936896
10365172544823274e-21
26642334141865012e-21
4837518970646152e-21
6673330541396076e-20
0.0003188118167668686
8738210582147211e-21
0.0002542549905586529
0.00010253405952863596
0.0009453609929427528
22152420095645134e-22
9523391057720827e-20
13708732937611922e-21
0.000411149776102591
0.001053048332171361
3173408638330306e-20
3734551091727964e-20
9954297770930206e-20
29820803438055973e-21
4442074799020331e-20
8464337605270328e-20
17534862473500277e-21
1681166368948412e-20
0.00035211341345929174
0.0004418662799704397
8634475504381542e-21
37534786208324903e-22
4219421216664668e-20
0.00015527495803683533
0.00013195336557705837
0.00016934367169226417
0.0002195532262876422
0.00038226477168554847
738524470538095e-19
0.00011959202651790853
1825487795396954e-20
4903813879013234e-20
0.00010806379516195746
42226507920405495e-21
0.00019007768248061844
0.000250458201470683
5743827158470484e-20
0.00040648592335498497
8548734041402129e-20
0.0001183714271777034
0.0004584249178802101
26146028517157138e-21
4311108406079541e-20
5753557041609542e-20
44656673547160504e-21
9115623191776653e-20
47899869103367714e-21
0.0001403803123648486
0.0003687735122402044
0.00047276186657216476
0.001791877844681871
0.0014164711232110855
9653392475349752e-20
0.0001111496941305949
0.00017172661085887897
532763261305388e-19
0.00023868330443509582
28393895426851167e-21
0.00021205982238959128
0.00036469806263124177
7609855045267781e-20
4198880770589779e-20
6871927202497524e-20
15443623792795732e-21
0.00010101738243299471
0.00012028878463635854
3913501724783893e-21
5122874692208567e-21
40524244297622025e-22
0.00028220571686964497
41648074138820725e-21
0.00018415883918468316
5177919040416974e-20
0.00010924254405131014
0.00038923637352905203
62471993746559e-19
920005096457789e-20
10439554737165854e-21
8897464999471895e-21
0.0003377004525980483
33368395667239074e-21
9472658342802814e-20
0.00023612726209462732
319245057782061e-19
26729093309290468e-21
0.00017837203189124715
0.000462196096658666
7188049095112354e-20
0.00016712977371136374
336703162172596e-19
0.00021201134233412374
9408941609227102e-20
8866823511436936e-20
0.0003094877265408169
29465281786259826e-21
0.00039006992153527603
2162899141897663e-21
0.00018609465351391067
9610044735839113e-20
698194103048889e-19
21945562978337614e-21
0.00010245079830089271
75576251042206875e-22
3583702484953787e-20
0.00014239862090202949
3890161846353431e-20
10854414059551104e-21
2766739958126433e-20
870847291503409e-19
0.00014330864668313847
4188737287707014e-20
5742341524960992e-20
3079852745659805e-21
0.00011419957171078801
0.000576575883078446
7174258212167783e-20
0.00016806754579438111
0.00025233248381059485
0.00015422886489004566
3713189318575469e-20
8813501016242314e-20
12960126579749086e-21
6951979441999933e-20
6110083820817517e-21
0.00040393761799153283
0.0003254799933509949
4874279216157683e-21
8584675022034354e-20
0.00014633896133044963
360778773077792e-19
6753817347530005e-20
0.00020282347618496584
0.00033954358228260786
0.00026812021465808477
0.00037176863795151884
6074165478333727e-20
37985290580574702e-22
6448584983110759e-20
21394594619799693e-21
58728439969266244e-21
6162006045629716e-20
4445094430355526e-20
442659706181983e-19
0.00016508293140681852
7809903160033973e-20
31041760773262824e-21
743087523130945e-19
0.00039846171308785327
0.00019284952962776624
0.00024214042639407994
2400155479254831e-21
7851802137440344e-20
0.00012262667869803663
0.00025125203755708937
7009182723291675e-20
2324674285927306e-21
0.000313447497964601
675376598575138e-19
0.0004626527615448109
0.00016664758995060442
6521394201273831e-20
4291701986936299e-21
0.0003831008077856569
0.00014084949549245183
11129344392461206e-21
14633557234960582e-21
0.00043763110924508554
0.00034236517365818215
6227617209175508e-20
8562749206478142e-20
875048325557132e-20
0.00020184632748771082
0.00022825025061645534
0.00021226332131385142
0.0006516555428880749
5163913370973452e-20
5731838026444657e-20
0.0002071844513809574
0.000556455961587004
0.00022334583066381953
0.0005303712796190083
792626721394611e-19
0.0001634236135435662
0.00020148611740994607
0.00012658245010587464
5410986615181129e-21
5311498258252503e-20
0.000165710763708536
0.00011752301682385876
2428654369606245e-20
2225394832995912e-20
0.00041338134204265515
3026907614894723e-20
49952372529536386e-21
0.000544448160012911
0.000468291679897913
8762258024111749e-20
0.00012888296087612216
0.00046355762369741204
0.0004205942677642887
0.0005346166564109875
0.00018084714863215437
0.00019934731591576783
0.00032083346299134754
0.00036785236219013655
0.001313308902707102
9861754558879134e-20
0.0004191298488531735
0.0006042251464413849
0.001148661468578411
3054950556053588e-20
0.00044402142337450804
0.0004946973433003843
0.00033848556794668065
20130847489780087e-21
0.00012549709539193713
0.0002227806472066393
0.00011345354317531689
19026927886948097e-21
53052569210532285e-21
9468261909814496e-21
6653818762960844e-20
12344253152295329e-21
5360008985588113e-20
26637052726911612e-21
0.0004205558986354515
5924303019957387e-20
0.0018296761897662502
0.0002016505128978084
0.00042984718782779446
5507186894515723e-20
4021886022617352e-20
29996706424475403e-21
10908364456008344e-21
8508446656609212e-20
0.00012639816984755253
0.0002231325843847103
0.0002232539069791341
0.000247660478789164
0.00048605250774962257
5586919464350599e-20
8501670754120354e-20
0.0005258433749308066
0.0003359326826458409
4427234107087636e-20
0.00028601923952182944
5670392543676388e-20
0.00011760587769089686
0.0013603869400276728
0.00020636115408801428
8775748775572534e-20
9085926883264426e-21
0.000744245165292807
0.00024570472020378427
0.00040633957908549123
7505802880967689e-20
0.00026736202140834194
17889531158247547e-21
0.0003966290939738068
4752954584058837e-20
7968488834640527e-20
0.00014621605699957987
0.0022585720746899325
0.00011652281966076326
0.0004443454796225457
0.00010875027061579412
0.0005085173080280999
5603253479052785e-20
3587516462551082e-20
48320519950975224e-21
26969739344483702e-21
4828742660182775e-20
7941239646674411e-20
0.0002602086444840878
0.00025589239206291465
0.0004918633086282198
0.00011615348578738207
0.00039120292209226886
2937978797536223e-20
0.00015529330048490468
0.0002551255098301649
0.0022397555995122974
17989474488966808e-21
0.00026404301955218885
0.0002339508927061946
19675900294217385e-21
0.0005942187279607055
0.0006179143632291199
0.00012311915339932215
0.000180940855497275
0.0019517571952403232
0.00029900772462674604
9733496506630992e-20
7990710668320699e-20
0.00017333738779592062
5880677972396912e-20
605340138678347e-20
0.00028831523187421696
9967838868724667e-20
0.00032090717942722047
0.0003109816599111902
0.0001410486709030765
0.0004415001390029683
25241214689983376e-21
9657560490448249e-20
0.00036500452904983784
5173167486268532e-20
0.001097683676583889
8024719740467406e-20
0.00034701171087799367
0.00035564347782204397
0.0006114679518739786
0.000673840994615442
0.0007093536463756179
8986606299930571e-21
0.00010340770929971588
4152855482156587e-20
0.0006620032138374887
0.0004420333295928454
0.00014319940407169507
0.0001048402337621002
12987677673799026e-22
8649028532044097e-20
2459227455405355e-20
8371342654852522e-20
0.0016463295856801571
0.0007121781717181151
0.0004751548042648614
0.0014240480333045484
0.0005327665435257985
0.0009857417292251753
4716228062005796e-20
0.0012258349964307897
0.000326536916493478
6114713088918626e-21
0.0004058231961456077
0.0009849879161565574
6715780314732072e-20
63692795390820366e-22
0.001203537590804103
0.0005900232450252324
0.0010122499934650184
0.0003237093796695407
7929039649741365e-20
0.0004406227141064258
0.0021361458535261043
6732072131225356e-20
7715369365379e-18
0.0002861758732596207
10963479371001383e-21
3721252017275827e-20
2621574820028846e-21
9237884363501517e-20
9591927063426977e-20
4158652862702056e-20
2054854549471591e-20
10361050063501679e-21
52656749067733145e-22
34521495475507686e-21
3790313637066208e-20
34511941577456495e-21
5242216522747192e-20
0.0001641435320575628
9572107763046074e-20
0.00011764038136164732
0.0005443555869767809
0.0001387956423786369
29482070147488057e-22
0.0003338959013531517
6367871516182204e-20
7125367057782773e-20
2321877541249627e-20
0.00011458266700031828
8411530860166772e-20
0.00014667838206979417
25264317990931435e-21
0.00024775941282678216
22319218439035194e-22
0.0001650301200363595
0.0002322283358710454
140788213215043e-19
22208994094291427e-21
18568293130243978e-21
24869298702728627e-21
0.0002426239460639894
38510029954206984e-21
977691934948688e-19
0.00020170497399360073
1982430282146458e-20
0.0002367810577785328
0.00012660019955702177
6139507630845499e-20
26267164596616692e-21
9668214085100991e-20
0.00016249114497789496
0.0003436767291836983
24651281298045487e-21
28807518233640558e-21
6428439759629138e-20
0.00014222024262502874
18752867427833354e-21
0.0001285291465748213
13214007800159364e-21
0.0006919234548810768
0.0002683096318341799
0.0006936251521349288
0.0002317991211796986
3331834208447214e-20
0.0006587946950495662
0.0001784932636777031
0.0005444140554391227
0.0003934661477206214
0.0001359604611068309
0.0001412267939150205
0.0013559566306274285
0.0008253313233890437
0.0004061040371552718
0.00022229506731747268
7817835272222493e-20
0.0006897109079826591
7715527183620856e-21
0.0002873906384718049
0.0004408611269971496
0.00041553912908567843
0.0002711140193688848
16794670627258108e-21
0.0003140612644159641
2905754482500145e-20
7845677747161475e-20
8888116281014471e-20
21484869517538747e-21
0.00020548079792631174
3873008463809683e-20
9746811833618968e-20
25002635007570028e-21
865735572500236e-19
0.00015823717174662577
0.0009359858525069192
4880513613137318e-21
0.0006358613674636402
6075261188120746e-20
0.00022977452572106157
15912147527529238e-21
3600290160568055e-20
7839440349649425e-20
0.0004391479295151431
0.0002754954264271505
0.0001582302329305549
20905185372148286e-21
0.00010545955261044277
6070118174079779e-21
0.00016941388896041929
0.0001564401528370468
20729318906900918e-21
6384267792016398e-20
9213529829844648e-20
71727371440508e-18
61317015938496675e-22
0.0011270062247764718
0.00036851469979685974
0.00047651599152726643
2459723194565092e-20
0.00024489021611586516
33358397766268897e-22
4615431779979419e-21
0.0007130969967972495
0.0003714908623431154
0.0003265343733716501
0.00025756106340909846
55636136546566535e-21
0.0001776531283521678
0.00018156227846323518
3542475513689789e-20
19492712327359962e-21
0.00032819659535017937
0.0003207319662724886
2360626497152374e-20
0.0002177214189577759
0.0001557611772424085
6148019004463826e-20
17833712543668075e-21
0.00034461229322665167
7830317572152316e-20
0.00036512128517599506
0.00013449423852399413
0.0004629026002800626
0.00220420780777812
2869641252992084e-21
0.00034965466733556823
10818937106919348e-21
0.0006124148906645083
0.0014978501801840764
9048205315970226e-20
23866574472534147e-21
0.0009427793240933973
4324399162902406e-20
47409796757966644e-21
36304594850658413e-22
9420887358225244e-21
0.0006808515730147409
0.0008464999316614317
0.0008486592506179525
0.001387475587268118
0.0004337236444642728
6879958640042547e-20
3338690610098106e-20
0.0003403698686913781
0.0005929807095275485
34015125325326694e-21
5440468336745233e-20
4098877008829803e-20
11694220066112275e-21
8825716274153586e-20
0.0003816125686347831
0.0006904678530848756
0.00012601659381958086
0.0020609088696883385
4573924639877763e-20
0.0012007267034541444
0.00010354639959488854
11228430583619776e-21
0.00024410369882141682
0.00020878508680151022
3575768385142677e-20
0.0002730227259664876
0.0004971040436575023
0.00013408879254392237
0.00048120949875262977
0.0007561647230647063
15052664416605378e-21
37369467992964844e-21
0.0004184632174692849
51475536952976776e-21
0.000646332545774402
0.0006404261449942559
-42014259580894886e-23
0.00023112190635037085
0.0002596424455983161
4273129770132847e-20
6322295918811797e-20
12747293193901058e-21
0.0005412347930032357
1084431069328328e-20
0.00023761020095486722
8262271826381443e-20
0.0002913877217330314
0.00010235007177835016
5074180219249213e-20
0.00022560466395562712
0.0002826449484045741
8990735059615385e-20
0.00032390534675718095
0.00011531758987107708
0.0002381508161485163
0.00018919525480336888
0.0002549113587530782
7006784165925057e-20
42764228943108835e-21
9790552552441712e-20
0.00012392160580407832
0.0004033872120599601
2752839985183332e-20
0.00020387124235374599
0.00016531624155171788
0.0002438339687566489
29304290232103225e-21
0.001134817853724665
0.0009917007796427634
5759513092529793e-20
0.0006357532824032303
780419911903582e-19
0.0008709388770696537
0.0007473237364939028
36220089680436724e-21
2728530954080933e-20
0.00035734703609738516
0.0012185959785142168
0.0004042684893809978
29916121743772574e-21
0.00015646648908828047
9141874018436553e-21
0.0009335562044783781
0.0017430080954233922
10656612120753515e-21
20312324767614827e-21
0.00020089187454855285
0.00012547309958446768
0.0005705461843593536
0.0001929170568628532
0.0003883755291488574
0.0001371363767284572
4678448326728818e-20
525272290404645e-19
27014468668835954e-21
0.001512440896214749
2120549739879376e-21
0.00017545320284801177
1069082959215092e-21
2846177746687417e-20
43405085283565964e-21
25277712352795138e-21
55705385704551444e-21
0.00012599229489723533
0.00013114865459657786
0.0005686466145113405
0.0001345503109481622
0.0010767865973056203
0.00015321784380940395
0.00015252663596204008
25381155303843438e-21
0.000725378493514843
0.00018936320731887196
991416080484058e-19
6253559040432832e-20
4970927470214576e-21
3688909025778902e-20
7289059163106104e-20
5127148751755996e-20
898533909822283e-20
14107023782225184e-21
10765907771399245e-21
38677197118278876e-21
2799324209791128e-21
0.00017883541375081783
0.00011461255986784042
0.00015269340195886224
7265881211649796e-20
42064082592205504e-21
0.0003291327970887911
7765256907020953e-20
0.0002883180143588941
0.00012513672931953668
24919778279744663e-21
7505521890693245e-20
0.0008275909328702819
18098890265855856e-21
-6434928826427586e-23
12510015384596941e-21
0.00044699786467787333
5124031603541757e-20
10538525715905014e-21
0.0002963665487517967
0.0004882864040184116
4830278156193905e-20
0.0002609324294319202
3518680155970401e-20
0.0002966241392898589
9528232335869406e-20
0.0019401765979753355
5276127231215337e-20
4254619142802108e-20
0.00042484403253141995
0.0003009885680824113
4709409756125256e-20
17782494803817443e-21
1547935521934585e-20
64402953770815e-18
0.0003248620316984133
0.0001994109841141946
0.00010656814062463318
0.00018956992132940562
56253565769533373e-21
0.0005428846543527019
5490875761452567e-21
24326447122388326e-21
0.00040332731871659146
0.00015169330081290592
0.00010119890659577594
6831336874162015e-20
11757632442146331e-21
514719199051258e-19
0.00020138242668489562
3685100748250616e-20
0.00013979518443899683
5901272919179263e-20
9600414341556745e-20
0.0002077964364299062
24741511873937546e-21
0.000363617513864608
0.00018251168444646066
6939613946527955e-20
0.0015061553335399547
5777995058729111e-20
4017562460438796e-20
10108801744686168e-21
24031924475161e-18
4690318256146783e-20
6237294183037685e-20
11000638554461342e-21
0.000272904581564845
1024575525608645e-20
17005331517347995e-21
0.00027714144019708105
6883358534169452e-20
7109165099727686e-21
27565512044586166e-21
8937402568953294e-20
7178033198264363e-20
5056115896135893e-20
0.00010610431432661995
0.0002191389387484206
7848977491158107e-20
9771624841666842e-20
4839244239990428e-20
420346205793733e-19
42558704677423524e-21
3775871133457703e-20
0.0002627815444875477
0.000404469666870216
0.002032916384696599
2389685360150011e-20
0.00019707825618388625
1648131862196793e-20
0.00010536862344777066
0.00015593889055561864
0.00016485782235336476
9838990947959473e-20
3167407962520224e-20
36484473120897865e-21
12866797989412342e-21
9619335065965602e-20
0.00011091838361541841
0.00035677535759774974
0.00023930500477863312
9385124420764535e-20
991418936965529e-20
9552923726617319e-20
22431255416034466e-22
18135632537512293e-21
3916183403078278e-20
12079528424398447e-21
800161062570382e-19
0.0005270401245629154
14002530747357507e-21
6460817690836888e-20
0.0002278627886088015
20100880662255733e-21
0.00013252810053838673
3462033008775651e-20
7319353959843744e-20
873480664025308e-20
521127307046285e-19
7585179390549879e-20
0.00010779842477095807
0.00015002740011591052
0.00015629931420605938
0.00011351946769640273
0.00020205939776737761
18989038740666543e-22
0.00022329482068584564
5334344705167847e-20
9816059462645504e-20
0.0004720928067237888
0.00026139984729229275
0.00034441886684220715
0.0005175660133370954
0.00019264460951588162
7355444727751318e-20
18250639024155924e-21
14005104208979181e-21
0.0018877002469779183
0.0011115853765055357
3201127229509873e-20
4294562073998832e-20
6953474544245512e-20
0.00103193357577627
2835281617941579e-20
0.0001395858041293347
0.0003210829048094632
0.0003001395000203087
3971944982785687e-20
8219478587740664e-20
0.0002135296686975053
0.00035815906044504717
3533448240738027e-20
8740050026094557e-21
0.0003415720815670864
3462566614792142e-20
0.0010063614469288371
0.000483594678327333
0.000314738609641214
0.0004279313548467141
6535781458550193e-20
0.00032547456655837906
0.000366777137396062
0.00014664285237854779
0.00105754950636268
0.0002157853148655926
0.0005487869724274304
6856814982470742e-20
0.00026783635818333995
2736753707833804e-20
0.00030230539394998803
5966918926374435e-20
4133356852168893e-22
0.0002743202327744243
4224293574157046e-21
0.0006087720812314376
28560364442386857e-21
18794092806002178e-21
8732120729324763e-20
-22426075149141974e-24
0.00019844941469616574
54574355576887375e-21
40034144992414176e-21
0.00013827091182305203
3169474481291211e-20
0.00011806017640642188
4910318067895012e-20
4851249632817201e-22
0.00015226117953463957
0.00026320818961295605
18550127919769893e-21
8514470668418362e-20
0.00015523794374396307
53078521951929136e-21
3290460908310309e-20
0.0006651255838582569
13467457310712183e-21
0.0002646092523960057
27724857166763862e-21
12713367639480718e-21
23310819770529327e-21
3248504430910005e-20
25185172717603478e-21
0.00028852085069158804
6984444730728556e-20
2156077981648364e-21
3714123061263432e-20
13343519486789813e-21
7780179765939677e-20
611084987795355e-19
3649029224735799e-20
0.00023470037812505743
0.00010676560949895357
0.0001540197126804839
6912074815394033e-20
8618443492442811e-20
0.0002318586595382022
0.0010221461427397244
664225993552244e-19
5008151009269049e-20
0.0004122634201840523
5663421175261029e-21
0.00021897464232028803
0.0002845059061386178
0.0006258104471038315
0.0016087091360388612
0.000667536250908888
0.00017191902654958895
0.0005055478396560476
0.00017881499745023115
0.0019744385297342255
0.00023788159458371826
6464774034852053e-20
6919343964062305e-20
3439389196710424e-20
4894323477226578e-20
0.0002925719619507506
0.00015232755969510074
0.0004733696376892035
7957962289568564e-20
0.00017544940328832856
0.0011081123597724318
0.00027256756808161135
0.00015157209996317716
6327500214105298e-20
0.0016614497821319494
0.000619383168760386
0.00024408248874290342
0.000998423574589656
0.00018405043563815042
0.00036386586743431806
0.00012788342859569235
4276839962897555e-20
35761777084023917e-22
20235830213387873e-21
0.0010926234641988693
0.0008943089120496431
492680781235943e-19
0.0002137954197352669
6599579091272119e-20
36930751827405006e-22
0.00010546098137700528
0.0006026042815551723
0.0005178060244954548
0.0004203136012041337
436344561917874e-19
7868824842248766e-20
8213199331552394e-20
3771019133338812e-21
0.0005707416014863554
0.00026921399373629976
0.0001950914746452326
0.0002871694278422663
7221818989033357e-21
6838602993673715e-20
0.0003479697940238964
6105513761291194e-20
3562861680891657e-21
8777507413870572e-20
0.00019040809309845287
0.00014061330717905584
0.00014742343784362715
9035680787486427e-20
0.0004928434989264941
0.000704112954149752
0.0004209144270914648
0.0004613326281324443
0.00027518449347019
3676511691774486e-20
0.00018334801384578412
52617610572571656e-21
0.00010954797387718636
0.0007625042503698174
9976913539215948e-20
0.00038518668680805653
0.00016725360525601934
0.0003340084287391759
27350657737701832e-21
0.00012269629699113193
35422229632794016e-21
0.0003535799064726417
4635909361104917e-20
0.0002441846013094524
0.00025898273433629175
0.00034397955308438234
0.0002550282001593218
7140049249485034e-20
0.00013917812062670464
0.00011491240588042835
0.0002922517274604259
7643466380271244e-20
0.0005144432667125646
607044744192567e-20
9013749536563498e-20
0.00013499375963863482
0.00013122624669464236
6676231723302806e-21
0.0002127346467944522
18656563750056317e-21
0.0014182273539929948
20572617182677475e-21
243119690799513e-19
0.0018818819713644296
0.00010190293183265366
7098846808142166e-20
3951072007087339e-20
0.00024797875327751945
8382978456666725e-20
13795284211319693e-21
0.00020808417261362417
0.0001625157174130569
0.00012644124460505903
21548541789269716e-22
0.00013642978436599197
9630593562648253e-20
4836923099281157e-20
3512426022988717e-20
0.00042597398986389323
0.0001618828319616346
0.0002855443447334535
0.00012988623409674794
0.0010073814677491882
960389500862014e-19
0.00015762127526723055
50743568555359434e-21
0.00016437590862078972
0.0005558989625122175
0.0001349849728476972
23042182642652346e-21
6168328203982066e-20
9135423557493611e-20
318969293272435e-20
0.00037253403558333185
0.00014555692926583187
25832594146684366e-21
0.0002734136174550215
0.0001726272267347177
0.00025748870894905896
0.0004888661735385543
9012306182498551e-20
366695993958826e-19
0.0002121819549724584
0.00018036564501258893
6616591441599209e-20
0.00010372110662177004
0.00019075542541600597
0.00021087767566732815
0.0005367011754963849
0.00046920512183778296
20960934168608025e-21
0.0007050325334260887
0.00032551617723437
1887061481602612e-20
0.0014797332112417771
19806206212966075e-22
18893806846219243e-22
174648959238293e-20
0.0002298455421147701
20201497742018004e-21
7755687854597462e-20
0.0021778705595205394
0.0003122849787371165
23996985716476103e-21
6593075873970446e-20
25097112897199124e-21
0.0001492386052257412
0.000630623532261754
0.00013973189748547985
0.0007155423787234222
0.0002983080298226299
59699544210513864e-21
3415622723434852e-20
0.0025931949822589426
0.0005146796632721797
0.00032832407544867694
3082546068449564e-20
2981462976617219e-20
6869170338328527e-20
8082904774893075e-21
0.0002406338086381434
0.00014848673509999612
0.00026827339985010097
0.001227385538973143
0.0003871063010685506
2076954671304068e-20
20447526175464303e-21
375520696166595e-19
0.0006785318460059706
670976813437549e-19
0.00015123059624195335
9299334027071968e-20
16178643190683378e-21
7497302870138743e-20
0.00017462260103514622
2751830228700131e-20
4228368346482134e-20
0.000125773320658376
0.00037782706232625506
1680874528680227e-20
0.0002384686790165691
0.0002034643292960591
0.00010126385682241232
0.001773548799957879
0.00017517187778918943
0.0010028211986502775
0.00043748016750129687
2314720099185125e-20
0.0004981903853247062
0.0003301909534713919
2873221282645984e-20
0.0001107313003114773
4745291095187836e-20
18084060393437604e-21
0.00022917399928604814
0.00029515502784989553
0.0004730469893708922
0.00016076749851685464
5242715223275397e-21
0.00022628406316715284
0.000356518274239135
908193274193364e-19
2954123096027299e-20
16076318889785597e-21
0.00036209412291939497
0.0001639548499111776
26658744188534558e-21
0.000725151412989609
5141420664351971e-20
0.00010197524410316856
0.0004340576892705046
0.0003368576838025595
0.0011343374585982228
0.0004746775402217073
0.0001402828459989945
0.00133826823585701
0.0003448069989450594
0.00012140448114248208
27466827415109902e-21
0.0001638148380575754
3271009821810107e-20
4197918184530721e-20
0.0005051807175379689
28810352264308866e-22
3948465236160458e-20
20415169601729342e-21
12714417524870887e-21
0.0001225953321147506
0.00046485176993172456
0.0003495799764289781
0.0011254741957835888
33322208502927215e-21
0.00012363871220582868
0.00078147421304754
27916001614823945e-21
1669898775957073e-20
0.00013527712286840065
0.0003894664815547855
0.0002415881190779375
0.00014269687112932088
23558969347976603e-21
0.0002380844526783054
0.00016131564900178478
0.00011660294288747825
0.000991231835570767
3151554768805032e-20
0.00010297232156764418
0.0015378289159114053
0.0009243096707478387
35557689854701885e-21
30022549318375324e-21
5214389914368547e-20
0.00045102814814160875
0.0005058280824458228
8745420701655213e-20
0.0005721774673460886
0.00012442803298653182
0.0003998640693652522
52832416428733434e-21
0.00037470705649346513
7511922053823323e-20
0.0005910205245393402
0.0003035531668947434
0.00039550799551004215
22693443045271945e-21
9267866319226168e-20
3718748834916593e-20
0.0007213256505286695
0.0004676459164773876
0.0004271491745356486
0.00046833881539681664
0.000517841300967738
0.00012129959126336911
5049612887935623e-20
0.0005983374670350585
2761676198148342e-22
15381078675903155e-21
8042525667070081e-20
0.000543029052031188
0.00045522004480284844
8422984146573525e-20
0.0001236780438273656
8854234069854648e-20
0.0002953717232731963
0.00012449407595855895
0.0005260080855468174
0.0003120240320310383
0.0003311798580203284
2332314187612657e-21
5170985131487006e-20
19735107890851936e-21
9867798072768845e-20
0.00011662162052355227
0.0001880993445893679
0.00023802466541191373
3801085470665174e-20
0.0010174393368060969
0.00018595109684853238
0.0005577355016533447
0.0009375247527322402
803471151119241e-19
5362322665533821e-20
8523319328647451e-20
4311351092281716e-20
0.00019351180269297301
0.0009168240667613967
0.0004771290362787994
0.0004493926693074219
0.0003858811318364458
0.00015710867416403703
0.0005746903994404884
9078343363443923e-20
0.00016623088523820475
0.00038296747473647085
0.000582837555559547
42791831727784834e-21
0.0015603281358225667
0.00044307165352297826
0.000935683874906804
0.000708101341623711
0.0011827176787951206
0.0002050323240624878
0.0005803643755996706
0.00036521956287142234
0.0001429614850688839
4770296696895382e-20
0.00031271950087183434
39320731623624154e-21
538011607417655e-20
7447590252248139e-22
15481911821646596e-21
7157055776265748e-20
0.0008608941027148526
9455315576524727e-20
0.00042519476725511767
0.0009677447639102976
0.00035629828643383077
5334210349603988e-20
0.00021288493829902652
56045686389258436e-21
0.0006300827259868687
0.0004195990861833412
0.00015998563646286483
5153618860839654e-20
0.00018939186538830254
0.0001220811969157744
0.00010305897949274661
0.00012644300339181673
4512529473851143e-21
0.0005050379137157206
22028747404154097e-21
0.00019595514709802247
8958073551005703e-20
0.00036245999472972956
0.00039781072567686567
0.0005331004870812443
7069114585094111e-20
0.0010856894790811833
0.0001381692486256877
0.0005821650768841938
0.0009379809449130441
0.0006583535509694018
0.000495747554795616
0.00012921339465405218
1386601450775026e-20
0.00023284847664548493
0.0009264141962285965
0.00034258365039328126
0.00010221234575358469
0.00032780225123622624
0.0008659566928674503
4271917716312001e-20
0.0005232831231306187
0.00011266882981619613
24991860852165663e-21
48332820594385707e-21
0.00019306705495766396
0.000781444039607748
0.0003420186648732635
0.00013838698023241366
0.0008594068569267442
0.0002423158748096392
0.00018653010513320324
0.0003153705550096932
31555919385484504e-21
0.00023976590141147554
0.0005047319616517986
18566413655609969e-22
0.0005114249899020641
0.0016092666575362525
0.00033729408819281576
50947688909742626e-21
0.00024336134889086842
0.000706346950077609
9193984933541577e-20
0.0003501494267362576
3169473267053805e-20
0.00020456545050013376
0.0002804108835659163
0.000151691910367629
0.0002696421751411998
0.005531835878248654
0.0001631356276098216
0.0003041268596107378
1753692667268626e-20
0.0001686870594262
0.00012639721372699293
0.00029448937974509533
0.0001987300843157267
0.0003649416600123115
0.0002549991649674499
0.000331186279468119
49554624437154104e-21
0.001012241347596958
0.0005582843183391358
0.0001782093456583024
48699949595809336e-21
4629234017607926e-20
0.00014064091597446865
0.00040230982631775164
0.00025787660308840954
0.0005253006347103343
0.0002841211810333183
0.0002267383594867697
0.0007305876275140536
0.0002317386441805852
0.00017551597081609605
0.0003928659795249742
0.0003653274643843672
0.00043694066385649254
0.0010213523366649077
0.0009480153286758703
0.00020949048066544958
5068646002498755e-20
0.0009323393914476432
0.002521892847940458
0.00010924653443778586
0.0010095958390135265
0.0005446175662140577
0.0023674300832052567
0.0005647294192187294
0.0002514643042455326
0.0007667897489018437
0.00013230067588906644
0.00023397723166805774
0.00043218277379065625
0.0001485975340024977
2606790001452479e-20
5686848262303234e-20
0.0007848244199542154
0.0010287573945761323
373943383742415e-19
0.0005166631826917218
11969342326560423e-21
53313307539264206e-21
952377027964988e-19
0.00035696629439220344
0.0001263767389068319
0.00020635743771755472
0.0002685857791831055
0.00023922727818579507
0.0001533238059868762
0.0004732831774908398
0.0005482690627660524
0.0006118779207403689
12688055687493951e-21
0.0009924679462316125
22656594678095143e-21
0.0002759194641728147
0.00034929792813957836
0.00021382322388071383
0.0002396633023266862
12887232176541499e-21
0.0003917041018687771
0.0009617141194450281
5911117672389882e-20
6511618680466183e-20
0.00012758103682627931
9829686942474102e-20
0.00013926611696871017
6819288085920353e-21
0.0002544837466422204
0.000663383398221374
4734304350685954e-20
376398893377267e-19
5431533917368695e-20
0.00046404069472587555
0.0002445267303061738
9807564417912286e-20
0.0006386550572358755
60825514740882643e-21
9140499048402089e-21
0.00011765626011545635
8234468490555092e-20
128207310040915e-19
0.0003844990577478439
0.00033803585068684067
0.0004568806906382676
7677247595999517e-20
20172586133798264e-22
0.00018856864667163387
5946999056220501e-20
0.0004493657192775106
0.00019216448547674587
0.00036590095960002276
0.0013817282090517694
24807396414401554e-21
0.0012393625345623765
0.00034378202140390485
0.0007353363529800605
0.0006815846202624757
0.0002700760639915639
0.0002317438052036851
7608873921244575e-20
0.0005111530531830391
0.00011868841417457568
13836087309475282e-21
0.00022258561767715942
32079566677394004e-21
2288733065102651e-20
11417955057069799e-21
0.0002929649275837278
0.0008230276834407958
0.0003071268535855916
0.00026325194031381704
0.001222644512731084
0.000281655125733516
0.0004752775662404126
0.0006242370107762743
0.0006173192114533609
0.0019168886838765073
0.0005989568748475798
0.00012330560664424792
0.0002795832086179838
0.0005925207766482416
0.0006032910634191923
0.0002601842606319315
0.0002583003774194627
0.00012902092390993414
4230211222143109e-21
0.0004808110908416779
5946761194785841e-20
4002604373722121e-20
0.0002364957244476031
0.0026672498086369252
0.0006565680942563058
5287199427850187e-20
0.0018579803988541949
0.0004225143377177832
6680888788847031e-20
0.0011034337688463959
0.00017504059262702298
0.0002068311317104175
11853020217213223e-21
0.00012035538988886744
0.00014594438676846481
0.00013760563123088948
43560889849687936e-21
1973008690456417e-21
0.0001932409249684215
5968707449552647e-20
28076449573601918e-21
46541539240287385e-21
0.00018721288891962996
7450679004232026e-20
7464279905343362e-20
3649495633868072e-20
0.0002719325535856515
0.000474892767292413
0.00021958773688713747
0.0002842475582272177
0.0007967035528573005
0.00046900536577554737
0.0003659721489361206
0.00019025487384153664
0.00019585191402766395
0.00043485740061181274
0.0011360610961047403
0.00012845120127536594
0.00016166583294546864
147275771961398e-19
0.0013853170413090042
0.0009692038688364593
7122298687275117e-21
0.00022356036227853032
0.0015244201859208116
8931027838880905e-22
2577100016572101e-20
0.00015599806703894015
0.0001554337606474959
0.000771219211687488
5314383886253275e-20
0.00024810220829932564
59488944593706344e-21
33683351261052975e-21
0.0003486697547526889
0.00016219110600716757
0.00017371729378998934
27443412049331014e-21
8110759224738001e-20
0.0010769748083167047
4771205412085655e-20
0.00010558711042788757
0.0004353458781564922
6492094404344432e-20
0.0001306415556465523
659945964074689e-19
0.0006516194099329881
34898804246747585e-21
0.000944062965910939
0.0018255841531529234
0.00030578213076940783
0.0009412634470009987
0.0001025819684042584
0.00016345660141825152
0.0002953369598368218
0.002654718545721886
0.0005688321714006891
4825115136000412e-20
37782660859558475e-21
0.00043371335421067155
0.00011362365607818835
16893483584569336e-21
0.0001946636626390687
0.0002693244787929081
0.0001572395032815089
0.0003028458322866757
0.0004965560299592692
0.000332170549759464
0.00013934027149195162
0.0003338281656806417
0.0017805883628452164
0.0010474433122093889
0.004463397226113741
0.00015291866351715234
0.0005236822525435068
0.00010441934234470267
0.0004329369865736659
0.0006934524888392873
0.00044399923796748756
0.001064115216097494
0.0003892820930257392
0.0005431472165619043
0.00018855101608103862
0.000446832509327483
0.0009580833060749622
0.00019845557643513177
0.00019320287244588413
0.0012229769916911684
5391900050973799e-20
0.0030580630697154957
0.0006100428168216018
0.0005487895849827925
0.000377985512343415
0.0002593657653547369
0.0008493968156710888
4312096513310788e-20
0.00011420107358334902
0.00013154145833489336
0.0002481995019555074
42474129420782116e-21
0.0001039281871628932
0.00037362638985232393
0.0001399151676131828
0.0016954251648935786
0.0006633902936742397
0.0019998583582606587
0.0001710852588085022
0.00017545468162956179
0.0007335417788871906
0.0020502743543334956
0.00016132266226686912
37341808454874525e-21
0.00023498323043815686
7295476076435843e-20
0.0003357212083945394
0.00033722743399485427
6165708793763052e-20
3525766684642632e-22
33901546116505404e-21
1695720297447669e-20
0.00017220104967420372
0.00023568984536282073
50446741538198316e-21
0.00018055121219827004
0.0002090285528971825
9531659581398554e-20
8923783009418456e-20
7338470566361576e-20
12510550408720087e-21
9618636509691324e-20
20994495307018496e-21
0.000294634024559215
0.00023587566878490837
0.00020819911220014927
0.000287086115040218
0.00039346523867693175
18018104075571426e-21
0.0002216815494289926
0.0005299947659408362
0.00012042856486361443
0.00017910047132526507
6690742469389949e-20
0.00017987929222302733
4141607387793316e-20
0.0003201098166206889
0.00010084752522330049
22690351480321083e-21
0.00011274131831301945
7406926165563666e-20
0.0005011482659250013
4095951786194533e-20
0.00025502030687602953
0.00031392244593013874
0.0004450919814213105
0.00012388664036873818
0.00011770759755710786
0.00022575477310647317
1451176310232205e-20
0.00023488880508886219
7381088730201355e-20
32674636759027355e-21
0.00021955729512600683
0.0005915613254195741
0.00010313662351663052
6332468130372377e-20
6889987590551262e-21
9887482481597549e-20
0.00013173119473661776
0.00010458598322635788
0.00025681101225560426
0.00020248161428217167
0.0005259613609765643
46700136988245634e-21
0.0004791147027726931
-327449835989353e-22
8252244059488551e-22
0.0004491057100405986
0.00034540692254575873
0.00020233783752498228
0.0003190553759337154
0.0006073464236084629
4087964089761743e-20
0.0005485401213382177
0.00011197891652045331
0.0001337165820918835
335864060429405e-20
0.0016617628919179922
0.0005487639438160757
1215105865925069e-20
0.0012010674782672967
0.00020955718586083093
0.00032564000836828467
0.00034812207781336255
0.0005294736687637308
0.0003113499135397628
15021784218934676e-21
0.0002184066034878215
0.0003838169405828715
0.00026693764846810096
7807019490225802e-20
0.0005011209936911399
3485029182210387e-20
21081384891150215e-21
13957365449987231e-21
0.0007249146142906509
9834598676926044e-20
0.00019644343880591636
0.0001544885239708273
0.0005757413934681465
0.00014473479825078328
0.0003176893070236837
2099425714966806e-20
0.0004651007901159723
6025817032271833e-20
6470716018393101e-20
0.0005262844857637297
0.00015722828721262272
3977761623804422e-20
58409243363622246e-21
0.0003314769008435059
1543436664069001e-20
0.00028164584047969465
4761007071329714e-20
0.0003718857403099433
0.000332835084061855
8229087246068004e-21
0.00015411013354622182
9831938103718899e-20
0.00019942230335548238
0.000791288633957589
0.0010256824509815925
0.0006651025462646983
0.0003013472977328322
0.0008155500081781508
0.000466308466002078
0.0010415393979307287
37737517581933064e-21
0.00018005931534153792
6521743970624831e-20
0.00022763176495892818
0.0006636511702407049
0.0003205513616479731
0.0006223481060740063
1099061340036105e-20
0.00010319571618981967
0.00022964204644444316
0.00033607460787765284
22046941190571032e-21
0.00021118888905090512
0.0013758629268177363
5840627796726569e-20
0.0006496243691357119
0.0004749437750721044
0.0004414574069100509
0.0007150677378132563
6762290722155299e-20
0.0001582554762977855
3649722757444129e-20
0.00018524049469940114
731024875986039e-19
862111887002359e-19
0.0007279100101680633
0.00016828583404671535
0.0008871646399939482
0.0007009509314564756
0.00029058565711245803
0.000283351312620892
0.00013087480499150944
0.00021658449886721056
510321782318074e-19
0.0005200944249613726
0.0005185156755221886
5919729241279213e-20
0.000273629628400017
0.00015660933888247885
4525990350714573e-21
0.00010229729196750655
789499638064858e-20
3101370494022465e-20
0.00028402884119741855
0.00019639800820208162
46689652836288995e-21
12221812277389671e-22
0.00027690597132561383
0.0004592083560899361
0.00013333831901550977
0.0001397918685593499
3468440540684191e-20
8629503736111079e-20
0.000588512461371155
0.00024362914773814922
75518209801692445e-22
0.00017637416005594395
0.0004219315602113364
7986887189783823e-20
0.00011139176443243224
4111557820132083e-21
0.00016900607348540017
0.00014549338595407497
0.0004680819570952496
0.0006706130218528528
16287010135370497e-21
7897779822867861e-21
19623813365505944e-21
5617200199540057e-21
0.0007450390876671321
9612074073574227e-20
0.0009446790256927187
0.00417134914972911
23520639056134245e-21
1761160999154742e-20
5866524180088992e-20
0.00022269692449631935
0.0001526410189146115
7202971810065802e-20
0.00018804834489518236
0.0006011737511145794
0.00020719090291249884
0.00038516453762720774
0.00017145949089911216
0.00045364972555536593
0.00024295120293017973
0.0002469802532620546
12977575816385915e-21
2265497295997538e-20
7416891067761888e-20
4075565888726044e-20
0.00043392283139174657
0.0001015647448061282
0.0005255418002355113
0.0003325450294423933
0.0006103595379852667
0.0002113628400670249
5001787195563712e-21
0.00027650099836893776
19114291159443367e-21
29960287600953928e-21
0.0003557156883250366
9233675514666245e-20
0.00029171327805383037
10972119041208985e-21
29033360211501135e-21
8145045431926023e-20
0.00043406101403142627
0.0002319626350688502
0.00038242610104546225
26439539819747306e-22
57315521418489294e-21
34522942609597316e-21
0.0004366841179763107
0.00022543979340867044
9257425343433009e-20
0.0002024733227894494
0.00013343437229474338
2588684048460708e-20
5306862129498183e-20
0.00024308542182145017
0.0012107664095811982
9057886740769123e-20
0.00022653588645259816
5887144049709615e-20
88310349811197e-19
0.0017316116300765895
50832306480090476e-21
1683533158168057e-20
0.00015660636683290904
0.0001369965933228282
0.00044343725529143765
0.00027509450871493615
6576616961553286e-20
0.0002749522815128974
0.00010248812897150551
6637056640216482e-20
3751666725845303e-20
0.00018222354836372042
0.0024824522292912175
0.0014399758456063161
0.00010123873449359447
17477228126982124e-21
0.0003012511875126166
9393143482426369e-20
0.00024343677981320674
0.0001308091264340233
0.0017334927969345497
0.00010029726578418228
8767793647082574e-20
3450425498507434e-20
0.0001695162140654885
0.0002484413736375887
0.0004688821757774062
0.0006579479570258744
402876900333041e-19
0.0013431668354365533
51347437895454795e-21
2721601492075875e-20
9017396841439045e-20
0.00016651056394397691
0.0003354182480123198
0.00014993958764416933
0.0015535177536132089
0.00013797888647987177
0.00010730544398578138
0.0007912932458219575
0.0002233727654167397
0.00016254084179602045
0.0003045407184005704
0.00010936333737645051
0.00021880749275164982
0.001188906141716399
7330789218506135e-20
2652439898003723e-20
0.00014981781048659324
0.0018014372391227465
0.0003989616537856545
5165727891174966e-20
0.00038117624833584624
9082414990371555e-20
0.00034783333629854124
0.00010439224685965509
2602886163632753e-20
3668219878134206e-20
22217310787995194e-21
0.00026673805390911397
3912545402847892e-20
5071977960610141e-20
3281278352179894e-20
16726545151736984e-21
2324341378462762e-20
0.00012324043609224347
0.0001979931262138269
0.00041018228410488923
0.00017976408189245742
33868047593064575e-21
8273751323878573e-21
0.00047774580141110394
0.00026941941639748547
2048941380971332e-20
0.0007911093973219524
0.0003379632802659822
0.00030350429529486556
0.000210921861519667
0.0009242550836949334
0.0016258870100998334
0.00043475462140654095
0.00103190581484317
0.0002035369195223609
6956680008380843e-20
68617639537569435e-22
0.00024946306606140966
5125253946644632e-20
9775321452788898e-20
0.00036815217741174595
0.0008170275906701858
5915087052063987e-20
0.0002950503836855864
0.0011953001811401442
9743814710953298e-20
8700582859239073e-21
0.00031806690831987265
0.00013924619957997515
0.0005205544596191166
0.0005730384533736456
0.0006272156600552593
0.0002961829074950697
0.00025500470887792194
0.00036915639011893524
6610012231120542e-20
0.0006082279483543459
0.0008689583729250495
0.00010579365788940544
0.00012018179549150547
0.00024113584328131998
0.0003114874563494373
0.00018884316104199534
0.0013518744436992157
6337282738569518e-20
0.002624661504567744
43653181880583935e-21
0.00023412268939020862
0.0007742836740248273
4806858612877366e-21
17263731691918006e-21
7559786173685774e-20
8246866920901699e-20
0.00014489344890651412
0.00018157902066473738
18999963614798197e-22
4780657423046069e-20
0.0004318407004365093
14682637250891183e-21
0.00014178416721977923
0.0003972562004675051
635898964508326e-19
0.00040810550637363874
0.0002485643629474304
0.0009340715449352236
0.00011811288833579603
0.00044514070977870566
0.0007173096080081385
0.0002755116393509024
3760951261934589e-20
20283204050874324e-21
3821044182325048e-20
2550698140832555e-20
0.0015594623092133539
8651980633867639e-20
5004140644846164e-20
0.0002540482981759896
0.0014302528735081377
0.00034946415882927104
0.0007374175671870209
0.0006366242918070857
19669988557011825e-22
0.00013146967504037472
12085472340021409e-21
5864110733973688e-20
0.000501276175793261
8288183657066979e-20
0.00019509282500621984
24325413916980127e-22
412285680020878e-19
5296600275101175e-20
0.00043764459592247
65253651848308505e-22
397479466768166e-19
8735337388808745e-22
0.0005670644139393568
6598410415095523e-20
0.0006051301894056656
0.0003034682648946328
0.00026717508568792033
0.00016619869818859664
0.00016359556285117267
4242695169614895e-20
0.00018228702380207047
3930621998368363e-20
0.0007652532161131264
5435086737306101e-20
2886003298355962e-20
0.0006083374915211216
1563599823925299e-20
0.00022686806485972027
0.001779157748312015
0.0018321468296187615
40350791069602244e-21
8553828159099176e-20
0.0016551800045706995
0.0001277004540055097
0.00034269957488934486
7877823735857157e-20
0.00043165379478887647
0.00012504643916898657
0.0001406939020694099
22031061959937943e-21
0.001765053718194323
9379655253561231e-20
0.0004995332489136832
0.0005602813526972115
9399019288705434e-20
6922293077235786e-21
0.0008135292946984829
0.0016343897569280048
0.0007475849555442962
0.00032426618787440524
0.0003871234439606452
13790347929456493e-21
0.00019012812953981165
0.0003712893680671765
0.0017576427219269575
4452588439667252e-20
0.000437875968881905
0.0002948937291780802
5845791798012596e-20
0.002921786778432395
0.0004190256772923888
0.0004432154459539786
6608642505006562e-20
0.0001251912282068714
8224922269652706e-20
20525254527906314e-22
0.0003450366846140102
0.0005283282551091974
0.00024492806511285
0.00037679644698424984
0.0010834556179456219
4201812985600401e-20
0.00012640996481672702
8053946712203479e-20
0.00041127734536151753
0.0005595808009112608
0.0004459267645017197
5125336127616446e-20
0.00011587053718323735
0.00044147401358883977
0.0015178222512442917
0.0006588150458378926
45463112137345316e-21
0.00011898337378743962
5721759335021686e-20
21423061484837012e-21
0.0004307840489601208
0.00018402984056600674
7823549592908854e-20
7248905238626799e-20
33076331633154457e-22
0.00010972156475268552
5128881858319533e-20
0.0007587095617089338
0.0002060700688365672
0.0005795238149983059
0.0007698448832942667
0.0004036512221208095
0.0006595592303552414
9800193879913809e-20
0.00033850412304665847
29456227904045368e-21
0.00028377569445051944
0.0003692544755238981
709954714474627e-19
0.0012237805983366429
0.0004916129170169847
14870652167569326e-21
7425482616994409e-20
23463921706437006e-21
4326547497332369e-20
0.0004844955201080675
622705612963164e-19
0.0007863872150705196
0.0008966895531458759
0.00018417250071954753
0.00034206231099975803
3139039748707275e-20
0.0004941425862162663
0.00014896295861098512
4788135993947869e-20
14085816288351224e-21
7804972804449651e-20
0.0001771120370226349
5596587893531519e-21
0.0009455187871204098
0.00012995571612680048
1515700412307405e-20
0.00033994808653133355
41649040798139356e-21
0.0001159044875146309
0.00010567454461667694
0.00022536984778722828
0.0003422018212346489
0.00046941926709805597
0.0008950088521434633
0.0009237086671062839
0.0005835604704433653
0.00011636107049554203
0.0005501062398678003
4526087762076543e-20
0.0007468689160583395
0.0005127424392213708
0.0006504333676215406
2617592996162788e-20
14265120924805935e-21
299630611663021e-19
11569730849842175e-21
1547738465292907e-20
0.00019699663268652465
0.00010343121649504422
8625874574044346e-20
8129398613645446e-20
4901494895213331e-20
9751037493810871e-20
4729508248462483e-20
0.00015901965891372622
0.0005454530405026038
0.0005993697586271827
8614360717405228e-21
0.0002743975775850811
0.00029124370645843765
4094439174681688e-20
0.00023110130885756381
0.0016688605046589404
0.0008493112016706927
0.00031674564446708517
0.0010164181989213788
0.0006896536128285665
0.0002516209258635477
0.0004572528924396708
0.0004999456835169577
4670320119398252e-21
7463506380391371e-20
0.001547169416037356
16469954473410245e-21
0.00061882585367096
0.0004703263131856385
0.0001183510304848674
0.00032020499863562215
0.00011405447282465102
0.0001739491581878272
0.0003676788010999565
0.0017001969834360186
0.00035459626053741135
0.0004982111414152035
0.00012601919536893324
0.00250784212093197
28633446189287996e-21
0.00014281256764286004
6876223334318138e-20
7581378077267357e-20
0.00044738571247514183
7056599540269117e-22
0.00021473325767131228
0.00018042648912818313
0.0001415003741578787
34032594342352205e-21
3890269149324294e-21
0.000107230342842916
0.0021661365343676946
21507253533059238e-21
0.000643206524372234
706864676753542e-19
0.0005619772053484283
0.000560565392592295
0.0009951594360593917
0.0006739510899447598
0.0011505119691382869
0.0005243543174418282
5245056828619678e-20
6453943447667705e-20
0.00025392888571408926
0.001042005563203476
0.0006124681113600227
827372591263248e-19
5568066571203987e-20
0.00024345132096874247
28059428042546063e-21
0.000609260000227374
7484468710624849e-21
0.0004923829339917463
52238529412722656e-22
8685123298200707e-20
0.00044149005668722686
34213025130980256e-21
9733635165298698e-20
557194027886669e-19
15687641377869598e-21
0.00028848971652083887
0.0004223428168248258
0.0003026699135102317
0.0017489000491945322
0.00033477734801090376
0.00029639826066182374
0.0007121970004226707
0.0022116673219807798
779076909280069e-19
4903954336297771e-20
0.0001291124805359113
2432244931420163e-20
9308487408725384e-20
0.0001340360505192846
0.00016701447412144983
8186047533935641e-20
0.0001255504587353243
0.00015086865570039648
0.00018507816156621015
0.0005967812085568641
0.00011239406924475714
0.00013434755133397258
2374137376594161e-20
8987789635948136e-20
0.00047800573568751925
5386543750841123e-20
322906861274333e-19
39138956178509536e-21
15171802168398186e-21
0.00012933165968136783
0.00040228034075596303
2206437132899231e-20
0.0002615719462747625
0.0002440981150332483
28944799717729873e-21
9045361647172199e-20
29579396058045473e-21
0.0001882172917735391
0.00015494168127157314
14534974089983792e-22
0.00037427290306617125
0.00028928641125715516
0.0004969931166831264
0.00021347207284361602
0.0002756564988330077
3831445163067146e-20
39875597601372915e-21
4090280356722583e-21
0.00012294286471809944
51258047790684065e-21
0.0008949561170245253
0.00030879775419673217
3853027065197915e-20
0.00012700650189825506
0.0004714696455686942
0.0002886582981353433
0.00012938487822776896
35676130222789876e-21
906413922313072e-19
0.00026793833086998436
0.00013361729130924687
0.0008637722745834218
0.00013135998990190207
0.00021876572250353074
0.00024046048981153133
0.0004007300331208508
0.00017889370082228333
0.0001188686519779307
0.00017446962062796014
0.00039611774607445696
0.0005307689890905653
0.00019902073969438948
0.00019848602174095783
16254673116727135e-21
0.0006003278365828207
0.00040932837075139994
0.00045243858709699986
0.0003698118680837113
0.00023485306616245492
0.00010314851880483089
0.000156541037961693
0.0004246430955437926
14143549066793976e-21
5995640952822683e-21
788144509578328e-19
0.00037571259555966213
32740796161321734e-21
33643222167679025e-21
0.00016799930854259217
0.005442878522164195
0.0005745853571378654
0.0017226947722328518
22909668813279383e-21
0.000853533102148762
0.0007935141249852575
0.00027945348493247594
0.00047194912762257564
0.0006063283348255684
0.00014513629542357295
47655471667443164e-21
0.0004083798721148731
0.000666343236906582
0.0002106976713942381
0.0004095694492023737
0.00015552742947493058
0.0007013559243971176
4419860302877025e-20
0.0002632030631131901
0.00024831004830684476
0.0006269777657009242
0.0001218096988454973
0.00029532450370940624
0.0010728122007033032
4029229500889727e-20
5770292158301576e-20
0.0001579781686875234
0.000227944549152711
4453581493697327e-21
2878781100465264e-21
1058767561783007e-20
8204455340894915e-22
0.00037456784121379515
6960173286438658e-20
1625118195971561e-21
0.00025525389541139156
0.00016107958952976244
8590436376338158e-20
0.000332136373712196
252799249949029e-19
7277368825897126e-20
769954699749515e-19
7699898142833228e-20
16553931246290244e-21
4434133542838555e-20
4963907879776899e-20
7129803948256295e-20
6448195100207153e-20
3288117260112462e-20
0.00019718835278138098
8720968211026423e-21
0.00016220425721654642
0.00012049846564114843
1034377120835494e-20
55377263356146286e-21
7573026263531753e-20
23217078768104718e-21
0.00026089876008375854
0.0001048243513511579
7544512112132355e-20
4305737723106855e-20
0.000534105885329658
0.0007184424294952781
0.00014799987035708944
0.0004642948094466236
2884633500342286e-20
0.0006051352573138302
0.0007413338136090195
0.0003867055816564138
0.000456441556062899
0.000316766622595497
0.00025220071847101766
0.00019495315660446365
0.00016714603824575722
12122006813196929e-21
0.0001201013653012984
0.0005956182664590444
0.00020516833591272164
1839437383374787e-20
44329284212273164e-21
9068251515810622e-20
9639955801252875e-20
0.0003557662996655583
8726875189313248e-20
3657708243976655e-20
0.000338288225621794
0.00014579613759483942
0.00017621492357545248
0.0005865202325174254
6832356169622468e-20
0.00012744835594824625
0.00014201842693396926
22584243817539803e-21
0.0003546709052446482
0.0001062193591211382
0.00011266913319700802
0.00018310048477729782
918327330913134e-19
0.0004793358374183343
0.00020934661576654448
0.0005522579119585607
2972572680642155e-20
-28087383899503544e-23
14860788750707955e-21
0.0010454431407080447
0.0014598495428457333
0.00016490066727070464
0.00012889605941844898
0.00018695281101630684
56501251863634176e-21
3690771351951902e-20
0.00014121577974960325
9091977723648283e-20
0.0001379949967705864
0.0002515529644005881
1582276662145696e-20
23370964978067354e-21
0.00019370019150933144
18520097467840154e-21
0.00020021705516987421
0.00022534565739661287
0.00024036576202834858
814425875512208e-20
8220850959851025e-20
10544880899624591e-21
0.0003285493264299237
19894551043315307e-21
745131207806184e-19
6941828837618936e-21
0.0003952646637955578
6760336867006955e-20
32620502454752845e-22
23484091870839672e-21
0.00020399052986572522
0.00019686255099922814
0.001097599132019734
0.0004849597599257881
0.00037594876121823696
0.0004497683281739595
8745674190422147e-20
0.0010728398063588984
0.0005665939609536137
0.0013066570790324394
6116324151267516e-20
9063958632889816e-20
0.000991902864399617
0.00021120961615356056
0.0005133221765633508
0.00014507446620390605
0.00012851494654523302
0.0007066693144197939
0.00014518731851910174
0.0002584293548488139
0.00014168346157896722
18303620332365205e-21
0.003344790837312617
0.0007766507438365534
0.00012797510310877817
9645912820487222e-20
0.0010245426664519
0.00038334837077438986
8858684484677858e-20
0.0013444331698446524
4573635519714786e-20
0.00099499142654088
2274112409821654e-20
0.00021999639735115212
0.00020907003865369808
0.0002627656764977679
0.00010485933232358809
40949298062351646e-21
0.00012266241592158978
0.00014853875730106244
0.00016084227358297376
0.0003858363550279043
0.00058007451730677
0.00024742543919916343
7539521680389198e-20
23414977056686707e-21
0.00018292033028382028
0.00018993618705793276
4646860890386511e-20
0.0012781992355408625
596442850798479e-19
9347519968559611e-20
25084607380347697e-22
1786999712796218e-20
25726795152050676e-21
0.00042947291207955644
3799470244712947e-20
0.00011401770130689869
9743196520997958e-20
0.00016334718795147648
0.00022142636283896888
5320724421485282e-21
1872417106831462e-20
917405062868052e-20
6334772750767292e-20
0.00035074572197906693
5034334708851289e-20
0.0002060935431260275
5401350448524418e-21
25333209724680564e-21
0.00011958218072736301
0.0002793443090553379
0.00043282608364675877
0.00036981054424258805
13263929380305312e-22
0.0011661634826903213
9767235621556679e-21
0.0001623446777600695
6304164330678066e-20
0.0001308849572824293
7571392532868477e-20
2323203935694687e-20
0.000445272599301976
0.001134551317886647
0.00256619666497045
0.0005380315013709005
7577709028621712e-20
0.0001784514645305085
0.0006803128512492676
4032043044262737e-20
0.0010079797542295026
0.00014716671128303557
1632121200352799e-20
7488859672135045e-20
4551078587745693e-20
0.0024466828672905262
0.0004298018788039553
28765839398666944e-21
0.0016909377796889148
0.00048505542276014045
0.0003445585113859
0.0004683365566932286
0.00022437649739365166
0.00013335491654367426
0.00025235914776805687
0.00040499437375183096
11084768514064065e-21
0.0003657021018821131
28590393739512087e-22
0.0001504986689217447
51379907946062766e-21
7098331514021143e-20
0.0017529833927508627
0.00011347905718091653
2375378212623955e-20
0.0002807735801184153
0.0007143086418994904
0.0001779843514057069
0.0001573253203381038
4927740091965702e-21
9029233937257654e-21
53100106090694616e-21
3590786034000957e-20
0.00033654851545489973
7001904834224178e-20
0.0007302454480154929
0.00012792092878817287
5323607058828995e-21
7489618288874897e-20
19997305481592197e-22
3138894921338691e-20
9242878464551901e-20
1448971028458045e-21
12144091762793313e-21
0.00012783334969540872
8242942140952062e-20
8047108060852233e-20
9935552252933206e-20
0.0002640008126759163
0.0011719019978968413
0.00023860192288263692
7701257184758965e-20
0.0003927150425697557
0.00014868651896511687
0.0001447983223961304
6628440824647843e-20
5085646939744104e-21
0.0001808010608390044
0.00029106116278060465
9486105238251072e-22
0.0004075028352594734
0.0001870639210124518
0.00036455303008522835
0.0001025601218620511
0.0006785292425087697
3324558231430778e-20
0.000497008286165845
0.00011606553877268953
24741386594800225e-21
0.00029518203591557743
523958550407439e-19
0.00018687144317597792
22633916823596373e-21
0.0001760033186556524
7164521059132043e-20
0.00019775478056097238
0.00030665427015184275
0.000708141269619776
17801204247362344e-23
340934914998724e-19
0.0005560718875424952
44026726963997905e-21
3022140442027954e-20
0.0003254804535559374
19305070130692234e-21
7923851373943355e-21
673245151171916e-19
2070918436106763e-21
0.00027773251261610835
0.0001640630752344144
9963744808336396e-21
26032179925602555e-21
3049499047493333e-20
4297368986185362e-20
4752733896700079e-21
5900842057738662e-20
30477165133819626e-21
0.00018385068957322995
0.00023734134156784515
0.000265235623988627
0.0001390842392002645
0.00024371056233447693
0.0006698866819446164
0.0008986678512022096
7390405008805895e-20
12841703693944086e-21
0.0002536053209681679
0.00010351116220843587
0.0011871473897446705
16951302541593314e-21
0.0001087249467363964
0.0003979820215204646
0.001038039858242405
0.0001831948078053113
941086701521067e-20
2680660374121019e-20
51079454631521404e-21
0.0007526001375340269
0.0007715452324950856
6279326366528181e-20
0.0007393472536923933
0.0004570006580522703
0.0008654411366332913
0.0005063120964237149
0.0014071192126964595
0.0001027096832598571
0.000584713190367185
0.0003312444551388911
0.0001937299734009301
0.00022660314493539395
8200522992702829e-20
0.0005741364334337523
601759699724006e-19
0.0007517489478593294
5825471119525164e-20
21456123053722952e-21
6300322170002611e-20
2408278116755225e-20
0.00026848675750984415
5990058674808612e-22
0.00033691782876626465
0.00017784686535888636
0.0003779147261256359
7612409084064073e-20
27754681032861346e-21
29131147291372457e-22
121490893889865e-19
27789977433670078e-21
23704192758238276e-22
0.00022771395740459933
0.00012776616993889094
7544167828035332e-20
5274892961789027e-20
36994322747239916e-21
0.00011320366098891652
6057843290968535e-20
0.0005914708414060686
0.002695729815496439
0.0009863312997602676
7903565753152453e-20
0.00045558887151606086
14640097238317325e-22
0.0004282964007947898
0.0007381145712258338
20882273025643985e-21
18102223367722922e-22
0.00022756262400606587
0.0007270904700391724
0.0005262217589728206
8492453673459546e-20
0.0001105889701858675
40479860868369215e-21
528832204966393e-19
0.0002900525237712408
0.00041966249273676427
0.00013932235782286966
0.0016868490567006882
0.0007033733919580205
0.00037220513210394716
0.00013277859820950774
2897652550171659e-20
0.0010682337996064594
0.00031096821949109675
0.0011038846899565967
0.00026207711805176215
0.0016032711279365338
58868125885019544e-21
0.0002819000174102591
0.0008588552080781328
0.002106132763585516
742644749927558e-19
0.0006352026288161215
0.00020828631492527048
0.00013914354373125733
4084054338510507e-21
1570076771889254e-20
0.0007496866713263869
0.00030344950295369227
43027787813910076e-21
10224137582092385e-21
0.00030423602414895046
0.00032540209825885773
0.00042082577341567465
0.00048784271157495824
0.0013522405569424197
21690311127778723e-21
0.00011570972581989902
0.0013457752308413198
0.0001471297002945551
8963572993406639e-20
31640531979540994e-21
0.0017115979854840323
0.0002055086622731426
5413437813298021e-20
0.000313067144313044
0.0003157268828188942
0.0005355174738563738
6785650122725853e-20
0.0004014820054103192
0.00015261282340481172
0.0001501446255268408
9619348889271276e-20
27048130745032296e-21
52657138522024825e-21
11347090190742915e-21
5462278472307267e-20
0.0002658051914288883
0.00016098540218621244
0.0009022594323671519
0.00012791878508040978
0.0005882953938703133
0.00020170630245302113
0.00016842121196440326
0.0005468400626657737
3091668232733119e-20
3378357225335058e-21
3886667341901105e-20
5532140062614711e-20
0.0001871796402079336
0.00018240482744801627
0.00014856497109628106
-5137636464296468e-23
44596780046861066e-21
0.000844680210349329
7677894452828243e-20
0.00043013648889422807
0.00101483093655178
0.000580872774881229
0.000876433909595014
0.000284435640158114
0.0007458205417103609
0.0001124660871174663
0.0006276431184986722
8992493073479337e-20
0.0019793233665690553
0.001912755645095982
0.0012299365651044728
0.0005162788497738334
1541069894867438e-20
0.0022003779155959713
0.00017573053838188635
0.0010831805919274435
0.00033573954234763354
0.00012978624741449995
0.0002520511435559388
19335705323852448e-21
0.0010523523548926106
5574136352567188e-20
0.00014128185272873944
3191577253577928e-20
21258604858765818e-21
0.0001937929624587886
0.00011701258798524464
0.0005815297383101301
8609228172274453e-20
8888969311754065e-20
0.0010430242329720102
0.00014845255241015268
0.00017818765683325582
0.0013378572205926433
0.00028910237935136007
0.0001948027911554964
0.0002775705999797036
0.0002879166848727489
0.002266834166562088
0.0002419235557902795
0.0009059079478212801
0.0003487830226680897
3337501535454495e-21
0.000553341690211821
0.00035882725750843475
0.0011450798503254201
0.00026072393972740893
2528978998317934e-20
0.00011893202088231994
7911736270842157e-20
0.00022602139793467953
6554694291666551e-20
0.0001146450443536827
8765559349290676e-20
0.0005811932068091283
5104700486644751e-21
0.0005719044165976766
0.00016188587501880035
0.0001759164611310846
10275224894567744e-21
0.0002000181784911431
55940531479838604e-21
8968843369853879e-20
8068865273633593e-21
5670406934518118e-20
41039832157425383e-21
798855034516698e-19
0.0012829696390302125
0.0005942897262040861
9187703355882362e-20
0.0006593134244293041
0.000728749221428456
0.0001708184693754195
8220143305384819e-21
0.0004201871004366447
8446028876390015e-21
9973786061322352e-20
0.0003169591677290345
0.00029951883541355336
0.0001832193765263602
0.0001452162563983225
0.0004975853639956886
0.00010584477675932342
39104989259537504e-21
0.0014175949620025949
0.0001582460639388033
6235706070001611e-20
0.0008366924737894953
2237961100466206e-20
3603886938032384e-20
0.0005194409068810951
1215324681978192e-20
0.0004948531941275461
0.0001567637551638063
5558943374031669e-20
0.00011087117184917559
0.00013036466138002646
7049515834226668e-21
4541742040630126e-20
7399494779129142e-20
11009057265803853e-21
0.00019967063704389308
1268041237310974e-20
82165420798858e-19
0.00039105660915933135
0.0003104549012773174
0.0003412120063173256
0.00047029798906017247
9697925577782364e-20
885163857618511e-19
8045360579665814e-20
9726564730666553e-20
0.0009640423796357026
0.0008422709051019402
0.0022173822786504395
27656886022760268e-21
0.0016508364472555379
0.0003046389271002737
-13517164227554062e-23
0.0002549688544262196
767366104239992e-19
0.00046214270795413327
25583540534536577e-21
0.0001796669097552051
0.00036679646404526436
1763589240891327e-20
4537780152433472e-20
0.0012045688102895753
4177105733043702e-20
0.00016421755740255473
0.00023948286887724178
49165668419171705e-21
0.0001739164963903781
0.0002791296094041096
0.0015354118530798413
0.00036486166474468894
0.000533671665668803
0.00022468970649359247
0.00023219340984312347
0.0004377245922325583
0.0016948828990706205
0.000994476734301881
0.00045191038121609464
8675195882549677e-20
0.00014379668445714465
0.00010869114625709585
2148737405617862e-20
4285149879705238e-20
8693623210572213e-20
0.00011416371292983483
6605466784099614e-20
4855294028512052e-20
0.00014184131022976112
0.0009236558241034413
0.0007594383791559526
0.001490169918296016
0.0010462191793462325
0.0005936151468880711
36691226953485663e-22
0.0024904126225670058
0.0004012885566624353
0.00027366832473664336
0.0005454675287034058
0.0002782520583605898
0.00018265869244579443
28876091932604036e-22
0.00016219577101614187
0.0006604391998799231
4843103105008616e-20
0.0006520255257532326
0.0006256979797155907
5231321087499959e-21
0.0018798120084097542
0.0006605252063994014
0.003597578439870979
32032284332063605e-21
16540493884589727e-21
0.0004786309001808024
2155938744264312e-20
0.00039197468228539735
0.00037217566243700237
5529351792490299e-20
5946448766974841e-21
0.0009086595505886971
0.0006438070795326457
0.00028578376697770716
0.0001383279016545645
0.00028974539300201884
0.000346228158147786
3464966493213507e-20
0.0031060276740841495
0.0003706791074752084
0.0004124547160164667
0.004240204106792176
0.002089543461488668
0.0005248551145850566
0.00015490611110821948
1766218771088892e-20
0.0009425085432078691
28308158092680895e-21
0.00014923369993976546
0.001134054312231618
0.000675645578506179
0.00021656965624856182
0.0003193148106601478
4884105271153859e-20
6395040531464103e-20
44531926845401844e-21
14828613092869942e-21
0.00040605228145866975
26156011670364794e-21
75378177545742975e-22
0.0005257116441165395
806202814556214e-19
0.00032347122777414696
0.00031547275749124255
0.0018987880280751913
0.0014591968849004047
6453589121815085e-20
0.0027436762617306064
0.0006019975257745986
0.0002248808705566684
0.00032739853586518785
0.0003366983626349247
0.0012757399390875893
0.0003826001596300107
0.0007718839470717456
0.00028629210193160725
9560968954533466e-20
0.0027789999005041186
0.001449569858881726
0.00038501338553982974
0.00027659716514722435
0.0006587097156250865
0.00026080347807230027
0.00013405392205174775
0.000718242940837237
0.0001384942891280881
0.00016272264533416004
8030882737044191e-20
705678380962539e-19
58492698091060315e-21
0.0004892496065699736
9785844378577719e-21
4079865405173613e-20
0.000774002391326542
6937991315433892e-20
6968609815164439e-20
0.0006246894448494883
201165614044599e-19
29816902449431716e-21
3664616231448892e-20
6513186730074107e-20
0.0003619486626022572
0.0001897475705102839
0.00015394395245905566
0.0008109815218045455
0.00011431210039714657
7651374738968945e-20
8781538788159615e-21
0.00017936748134238958
0.00022618262536061747
0.00019462596515438418
3122711633063673e-20
0.0015590971348806095
0.0010201206759194116
7364227880561493e-20
0.0016228200080684052
0.0006992672310778496
0.0003468592339068551
29084322804122985e-21
1173952455619048e-20
0.000574102747205488
0.00024402118467324474
441936388591623e-19
31682685973919045e-21
0.0002370485207061082
0.00032963293100394717
0.00013577567142664674
0.0007160286484666097
627597801737618e-19
0.00013775927198876928
2543740313494236e-20
6322096587685248e-20
0.00016328892485272033
7225869519834327e-20
36026581823385224e-21
0.0005773289178798157
0.0002625952275423174
786747585566163e-19
0.00015664708431443973
54657932408478486e-21
23582473668569966e-21
0.001763321572144027
5702761893563225e-20
28604295219718957e-21
0.00027347392901695195
0.0002823380310987622
0.0002746399689349409
0.00014383954065460395
0.0004564547675106334
8578999646103479e-21
498543500439543e-19
0.00034017324464181807
0.00028086357714539887
0.00014447811060719603
0.0005765530283837587
0.00039899591522248566
0.0015662251820341105
7623271841852035e-20
11506182012739746e-21
0.00046982588178962336
0.00032901993027909394
0.00017831077758847713
0.00023386146370448722
0.0006214124679891228
0.00022508584161745783
8241227422869609e-20
5558451453839724e-20
0.00015116693183181957
0.00029148867966421587
0.0002519736315584811
0.00010679586498175226
0.00015217547182038333
0.0011177288884769636
6900446206420553e-20
17105232317336365e-21
0.00020580117442609903
0.0004471341550639204
0.0001054954974823089
0.00042774424435262426
0.0004349233602432613
0.00013012089905232668
55859063373770236e-21
0.00021963946506781639
4643029346789928e-20
0.0008298943021130259
0.00012122577323214936
0.0006301681047970938
0.0006610677868328402
0.0009508208278171213
651877930424294e-19
0.0010264631357253882
0.0001368496843424178
0.000967417744049583
0.0007342688384024722
0.00023457522885251568
0.00035146895792688253
0.00022077158327908186
0.00031517405482200223
0.00034472798339546334
0.0002713691893218824
0.0004089317278329663
3568608992199501e-20
52669423269968866e-21
0.00016895670674256096
7886362078444226e-20
0.00010420035114344018
0.0007684920361610728
0.000225070479293784
0.0007774171009379896
0.0001502956665776262
0.0008831074398555243
6445220526103912e-20
9186590342134875e-20
0.00012838059391238822
0.0002627639646203848
0.00044373532253207115
13317024710505174e-21
1881096213754698e-20
0.00010316007977657128
5478698728699129e-21
16427602593835233e-21
0.0002590837579265466
0.00012982006941450976
4619732965052493e-20
2394920314990742e-20
0.00011505164204569869
19852249308552043e-21
23717537860637742e-21
10160430618102426e-21
6904021697150892e-20
40159185578927205e-22
3034829881927718e-20
9398717113959942e-20
0.0001028411847621161
6736199857993183e-20
2248937343104328e-20
0.00016542442271756327
27245497801801746e-22
3954532716179843e-20
0.0002404774105619256
0.00018895240985431457
0.00028025084640337963
14053333772486806e-21
14310300256533197e-21
425295498823307e-19
1946184110288948e-20
0.00034761673990480054
2129626553295634e-20
0.00022504549839844754
0.0002045937872508607
0.0005185132777918792
0.0002434340286998437
9189956551161058e-20
0.0003373930874338951
1418368212949869e-20
0.00031361561127053375
0.0003275421567558316
780196833205968e-19
0.00013397654343445716
0.00013299418525166163
7135932120762534e-20
0.000122080365384611
8480130513231192e-20
5492216945210442e-20
5543446855936843e-20
3259061807999193e-20
0.0010822419711546117
7356615295823768e-20
40107033433508404e-21
49989537438673065e-21
0.00017237007719086338
622846855393834e-19
0.0001957543585596376
0.00017591159928405118
0.00018491003119349385
0.00017841920128474297
18581015812063807e-21
0.00012636874191917382
45999144560953016e-21
0.00012474599569364778
-6858345476997025e-22
0.00022197495486110013
46481424021036935e-21
7556511092824951e-20
27295816445590695e-21
8064550163319439e-20
0.00016777247440029322
0.00031488416805455316
28864240536602382e-21
9683862000090443e-21
4842109732987398e-21
254167958524154e-19
15198546055258128e-21
0.00046592130551489057
9238269056570322e-20
0.0005909071979636819
0.00036634686167593853
0.0002515183174272743
2711266557543098e-20
5777110560770413e-21
