0.010149576413850309
0.013252279132346088
0.007204732935380466
0.0018116509065030345
0.00590041718907505
0.0019010541058253492
0.19198196403812282
0.002464142164767644
0.08853879664117517
0.002053016668363378
0.0017945088514808587
0.00019974047460951386
0.037096416442497615
0.14125371009474896
0.04768324347480961
0.030238473058505484
0.010519308347293987
0.014571051886989036
0.04118606965228121
0.08435552673119487
0.016112092142363768
0.0065850314675154785
0.058339069911084486
0.010183142253042964
0.006186645875759053
0.017973553118312967
0.017433444523597023
0.009670223699559657
0.031122070070629122
0.011345386040653896
0.05667431480359402
0.010059580029557643
0.014159766854508518
