22825140238900004e-21
0.000290710689495936
0.00025425777678760454
0.0015043181607990177
0.00033169151568632356
0.0007032851275401679
874695538708378e-19
0.001519258998241814
0.00040096135529650145
0.0042253357325745715
0.0046579793827098235
0.0012526566204442244
0.0030368700026866704
8796129184440884e-20
5652806805408878e-21
0.0009962600903587512
0.000849138043728799
0.006995179691401244
0.003974707813045432
0.0005939307609999037
3240353353085551e-20
0.003677435170223009
0.00018469002504692422
0.00018033336850432487
0.00034268223663380914
0.01384967740409555
0.0006271601930430492
0.0003527925953100024
0.0008805921108605793
0.0006818154479380074
-19239023138326672e-23
0.0018254956104593655
0.0011715208717455812
0.0014224006849443633
0.0001715615415469838
0.0005478595344490394
0.006585045431273349
9467884101630035e-20
0.012451409537217418
0.001538400963189963
0.0007347265115039169
0.00018666256638737757
0.00018978919441550046
0.005875962924019771
0.009718473466322
0.0007080125159864472
0.002166131394151033
0.0002450297658405275
0.0013118460121808214
0.0019537481559957644
0.0024253967407318593
7978228162510003e-20
0.0023144905231391004
0.008727084576156266
0.0007369282081192735
0.0023898099141873566
0.0025495405649766344
0.0016382363500756746
0.00017843729210530963
0.001939006102017069
0.0025320795657202944
0.005763041256519363
0.0031374593133407774
0.0018009022612587996
0.00020767608452500883
0.010188828562435817
0.0022394533137242894
51058833501436746e-21
0.001220794190517034
0.00012211133331369332
0.0005073952054880737
0.0005662746531277147
0.005387598694986802
0.0009514967114610143
0.0002978025691197535
0.00041549949622008466
0.00011525154375744586
0.001994401227302364
0.0013373012518742235
0.002005650255456156
0.0020834118321341804
0.007334895927729819
0.011732106998814216
0.0013061686663990379
0.006631370586915394
0.00019200834478778277
0.002540344260030063
0.00028554296254112174
0.0033919972118384525
0.0004602782470131146
0.001258217275031492
0.00036457871332812086
21188618848759744e-21
0.0027912764662748964
0.0026281309361081387
0.0008045393591161533
0.0014673865412965616
0.008083015673399372
0.002146966279389749
0.002027896093239494
0.007985468610209843
0.00015137450070392
0.004634733581698374
0.004809627685858513
0.0010071506074880244
0.007572914869529822
0.0004334637082814097
0.0012816199434465393
0.004512089747227216
0.00023191637969465487
0.003228953905660069
0.0034319173387767922
0.0018341625648837564
0.002313256307962043
0.0020148264051433264
0.004222902128642564
5986770441191079e-20
0.003856212405772954
0.0010733862467067884
0.012727020501494548
0.001226539284739859
0.0003756843057906693
0.00079201283907277
0.003917889472652418
0.0026442833642450645
0.00047331908889028433
0.0017081627317522352
0.004390790840896504
0.006395903830501844
0.005120258997353377
0.011687004502763044
0.0032210499196741646
0.001217875527669693
0.0003087046032156626
0.002352996533196789
0.0001604609769482695
0.00046180174769539786
0.002843381918453045
0.0046676214543973265
0.00011114679843275324
0.0018228504185007538
0.0024671232813419926
0.0018747962574201162
0.0011074348607472138
0.0008373979897456562
0.002700152598990515
0.004290961553138761
0.0007247041253504875
0.00040907528379356125
0.0022619833350507592
0.0012802480278942408
3969897575814621e-20
5538096522760392e-20
0.00021958107369066414
0.0031743193492759316
0.0043426168280494585
0.0008898804493483664
369338287885963e-19
0.0011949516106980521
0.00942323364164211
0.0005534817143416003
0.000521597115769409
0.0016939505872204201
0.0013009241337123747
0.0019507238675782795
0.0035831308812723055
0.004595150915593943
0.0013981758888082885
0.005251268450139187
0.0007263576532131418
34289082073739985e-21
0.0007427439264915337
0.004128752220805229
0.00044062147610713894
0.00023711265452268701
0.00012082460352921876
0.0005653981688850758
0.0007114338973091255
0.0011704094509173402
0.0028328961312746605
0.001231602782624736
0.016129916064976952
0.004968073672177824
0.0014467622364461653
0.0008492004355798281
25419481608342872e-21
0.002831078645879977
0.0006870913545524591
0.0017047381796894705
15210319307304769e-21
0.0008467812559362324
0.007678609973039164
0.0026785378456916325
1055175128969489e-20
0.00011806523863517518
0.0009286167158672142
0.002125460273035747
8218373988524492e-20
0.00012816535115793318
5667803904099982e-20
0.0004361311516281595
0.0009036026269277778
0.0016998060057560006
0.0067640729673059995
0.001904582652445475
0.0018129391275583699
0.002134294292446658
0.0020494741802560353
0.001424868064080723
0.0003840934752566828
0.003587536337157253
0.00682424832129536
0.0042421660039540605
0.001192430249107355
0.010629454897176375
0.0032498326798617943
0.006236658004714613
0.0026874093610223127
0.0002237887821935049
0.0022611681938042682
0.0016348284856203162
0.01094617173963992
0.0018049199851839675
0.00042401904582545273
476033898759161e-19
0.00309459368907199
0.0001594673751398778
0.005367003878107023
0.00011772163492447905
0.0014336552654413493
0.008089535566703497
0.006097131657419827
0.008368628071639605
0.003976990700697298
0.003080210424094301
0.006671858373348421
0.002175203131799542
0.00047012482340845366
0.00055635739700575
0.0047192748898054445
0.0010380353766907848
0.0008978385136458743
0.0002979491105660406
0.0028050499422146353
0.00039900651371435456
26071417280333427e-21
0.0031855820506821834
0.011214086937041061
0.003402993252684677
0.0004898924068321591
0.002296007867892798
0.0023737791515276757
0.00024110552894856288
0.001225663186574434
0.0019242716746254577
0.0002058581072428972
0.007619572800873307
0.0007463812518820396
0.0023135091563444223
0.014164803260948152
0.0029047957747880644
0.0029973689875588687
0.00032905646191618145
0.014967160282837106
0.0014552008631872099
0.00018678435157629995
0.0006227442250099064
0.001910214624169467
0.0007857840571444024
0.002043158351113357
0.0066575977364159485
0.0025647595279770954
0.020068446204069196
0.00048189143375522637
0.0020200976385656277
0.0010392886827600813
0.00022519129979189253
0.0013496111513179735
0.0007917999018478634
0.019178440779375427
0.00479917019036966
0.0003095241036497624
0.0024222280021497017
0.0097859769739366
0.007970181463663368
0.009122553948426315
0.0012146105976013493
0.002160824911875525
800003286652886e-20
0.0003271420145211092
0.0002146719695121052
1684251352554913e-20
0.0007053673549222431
0.000944786067993338
0.0005060457733082819
0.0005297915664285056
2684771912534874e-20
0.016303803683182953
0.0010811060214576133
0.0015415805228209925
0.001250405000439759
0.0009064216756393315
0.0002898322534179038
3975880595086786e-20
0.0020086435675488942
0.0031579411700571386
0.003148941697486661
0.0027334160313966663
0.002431051973016821
0.0017387568962033038
6351854739212349e-20
0.00028699368403778554
0.00803096186850331
0.002050826925890548
9974893733129608e-20
0.006089602861665452
0.0011393132491915971
0.0006155258640314546
0.00016534873651193608
0.0029241233812902054
0.00012213109770998728
0.0016834226835973562
0.00014159303051770712
0.006039489503085124
0.0004476325772720132
0.007810314742259885
0.001937319945332355
0.0043172354439457794
0.00015288266357945204
0.002309474340010858
0.01295255703304883
0.0005445618999833561
0.0015605824253307418
0.003917660833657742
0.0023597381482715583
0.0018601714615436667
0.0037077323519140682
0.0023769136627925535
0.00950551859998973
5767261937084118e-20
0.0004416736504769968
0.00026206685850069245
0.0007178178534332963
0.0009876285442760816
0.0003013754798796507
0.00035065744099265454
0.012298654559665851
0.0013755485950314441
0.0006434112547971112
0.005642124415338431
0.004557746476400289
0.0006139019826152979
0.00044839388063164416
0.002134897608413875
0.0002861347770299632
8452752777402991e-20
0.0006337354355964003
0.0004165265587863725
0.0015768648809470962
0.00015683842302427226
0.00041126370930154776
0.0004269300000742222
0.00040266174214069353
0.0022835985438076885
0.001104831487855634
0.0007272539799851018
0.0002128784210056272
0.007494075949962791
0.003870053210736664
0.0008079946700044766
3025750512322786e-21
0.0023675490122741015
0.0003649175539958826
0.0001774818877698603
0.008777036566084999
0.00012608304901147902
0.002821793806479449
55824931576837514e-21
0.008601301859618639
0.00212946137338309
0.001863933186314627
0.0002786595272305621
0.00027413915925747414
0.00203297228580333
0.0016335724146275456
0.0001480687872786999
0.0006822666221108081
0.0007609907118656835
0.00013933027655362794
0.011480899589926208
0.0003455472979281073
0.000949667726646538
0.00036381973129851397
0.0017634681722209528
0.002516239105572703
0.002278836082257306
0.00041856073716433056
0.0017273649137983375
0.00036184944375748207
