0.00012455239997138156
16529944576656995e-22
0.0005891904111091936
0.0007897335855575069
0.00060897202917736
0.00037103795827655035
0.032318145976077114
0.007476779095487273
0.008294808452166774
0.2239490756892578
0.011067987366969886
0.0009546993562591541
0.030668710581263223
0.0037782082485782716
0.1442680824545803
0.03710993610086064
0.2196252411856947
0.02756878099391401
0.05000323634918952
0.0013219690770519036
0.02442274498292002
0.01573972053751737
0.0336702605943072
0.00847901716376601
0.003513120352617763
0.0007113378035815646
0.09554666764972945
0.0038370639037692846
0.012599007689958593
0.0004085622534483385
0.00018133871191745217
35805056679731497e-23
