0.013191037194410228
0.013312006709864809
0.003158070527985076
0.015344730959428104
0.014991682996979273
0.06030750546670567
0.04101022732009846
0.04001403117167089
0.006579461754983684
0.0016137492679219817
0.010514919825364372
0.2589936755434014
0.0006727580615040017
0.08112493387193906
0.19430060285541464
0.07730821491092778
0.1428717770004188
0.0042337239115200105
0.0012709387468832624
0.0006460467242783674
0.005054144156433085
0.0026154054931601988
0.01083515031793397
-9872877008733519e-22
3595144491350952e-20
241053560345178e-21
