20358463293564805e-22
13709619641017387e-21
0.003721696287887546
0.0024670925117934797
0.0005738061577897117
0.0007088021672343218
0.0014416710382570716
0.012970685689385785
0.006611203803644402
0.016967166830363638
0.0054497176851558676
0.0025381286148946727
0.005790847198687931
0.027989283781896128
0.0008933034950491996
0.004700194492515288
0.0013529984415140354
0.0012298235470890211
0.010327031641556838
0.051652640390278094
0.014576807277911127
0.008728402018366756
0.026186315841450918
0.01249784718816782
0.022811720746665057
0.04054097064846105
0.0006054656199611106
0.00024278102633681084
0.0017733011364529307
0.0020737174557458188
0.00789746458014335
0.023721967975906196
0.02633694613865462
0.003724294000761031
0.010747374516840696
0.006510871107807992
0.034026143336113264
0.017554998445450238
0.008944365629867291
0.015948362412410506
0.03673278588412543
0.005623077041600376
0.01330735571841974
0.007936913888574275
0.005373348147737412
0.000783013417813325
0.044873884439331865
0.006544569308442382
0.0012538592533810969
0.02095534292335291
0.00025714363439063105
0.021453390764550117
0.017206919476863404
0.01539362870643751
0.008261955390093932
0.0004499430456192927
0.005544275737649083
0.014318618162203202
0.002951768317323322
0.006815996929324211
0.0017790590875422377
0.010886010678123415
0.035705678718345506
0.004795708026559437
0.014266181315719386
0.02049165868797964
0.010349956169103312
0.0409455238046995
0.03892346956687913
872425941170719e-19
0.011316966029748757
10662756873973845e-21
0.0008573847907838024
0.011984640065515856
0.012749869811827625
0.0023829184343556985
0.0005206589028395319
0.007280239478690105
0.0025642806766749673
0.0015370040180936219
0.012534333157410675
0.019743513089174297
0.015215836194639199
0.01130957783465558
0.0020655397983057686
0.001289293225327403
0.011631520788536232
0.01683387449562676
0.0005014263858504226
0.0005502248843296259
