-46157571741319015e-23
0.0014234287051858652
0.0044329186795553565
0.004325742828706482
0.0015703877989654534
0.00694676105437257
0.006405662688343581
0.01670205033868754
0.000730129961218955
0.010399091705014506
0.016391629806098425
0.010320840230789996
0.012980354703857316
0.03108441604571567
0.007593696306689874
0.008314093248835148
0.0005582998633161808
0.0009008397215451856
0.024887994921693333
0.12067654722141027
0.006989308198349729
0.011008151723157908
0.0012277655312795495
0.023315999203264038
0.012558968987825492
0.0035246132683127585
0.0006766188555319499
0.003729205278483465
0.01913310552873653
0.004495626909974355
0.02574045810437586
0.007493802131765171
0.00021980414944036165
0.00565257196613983
0.012213319763194225
0.014142913911051002
0.005305897633258784
0.008129901911291077
0.005800471249745536
0.013815245128341782
0.012458468477709048
0.02848302073647173
0.0015094375696472013
0.017236076573645533
0.0014185928985531518
0.020224149035753182
0.0005211906251028923
0.006067133885780842
0.010590622086599446
0.007583172289798023
0.037708635928645824
0.030157018611848233
0.01186461654274352
0.011930812969793106
0.0017240342128516965
0.0008947408014085334
0.0014030346523601013
0.03624055641061989
0.017510844320467855
0.006598005876470845
0.024207288886110363
0.0009503652815463754
0.017938493993237596
0.0021481093167007395
0.001256976381645994
0.00013697517844315303
0.011062171586960807
0.004148351117929869
0.02479281284772094
0.000961103477175452
0.002045682401341469
0.0007873559355657555
0.03052569936606912
0.0027494354145877753
0.0037496808174499424
0.018321901484879388
0.01077923863697935
0.000373661658686275
0.016758657880818546
0.00483812302353857
0.0026542663864958277
0.014072705786207437
0.019825260291586724
0.009848419135053544
0.014778276269764672
0.005911736905667137
0.0019722166416099307
0.016818444501105135
0.0005851843490511651
0.001059066851996684
