43330000779042094e-24
0.00010913223947550499
0.00012911386137231886
0.0009712995983777234
43896332772755655e-21
0.0005048358895466271
0.013953266075704204
0.01997699075906676
0.002130222332600711
0.10610211237784783
0.02253180436859097
0.012550473383112845
0.04394283494344866
0.00032748445841944483
0.018648734062203468
0.0290868618901045
0.06496010335573275
0.00942257585104426
0.01253886454138933
0.08291753402486818
0.0203372559333005
0.00016749714933510083
0.004110417024449279
0.06238793437352316
0.11376293219320699
0.0009225036327780649
0.09579336111290096
0.04252393542275859
0.026824798166366105
0.00011011677372107126
0.031861703908494396
0.004264708426550646
0.04372968815952439
0.1063265691311029
0.0034790900125906137
0.0006422375505998382
5880984948664505e-20
0.0005250934185645437
0.0003691840548906735
4446225565174561e-20
0.0006051115248867179
0.00030440624963724616
