-5572549891971306e-22
3602807958824327e-20
4795872706999522e-21
9477942205405974e-21
6913010173761243e-20
0.0012480400810062084
0.017250604372774227
0.0008668880977234732
0.0015536383939269128
0.10672189366498198
0.054211252564407876
0.05406469523980729
0.11447783027038441
0.04509398613411356
0.04557378812041369
0.08158165357789118
0.057097914025944475
0.009951908816608885
0.07193967762419885
0.27913915933215305
0.03961154627072636
0.008599792726386958
0.0006541741158756287
0.00036960210360438046
0.0030042540272756345
0.0014720768820411856
0.001201930347916983
0.004117213789784982
7712406464759778e-20
1393907234239935e-21
-9132930792048262e-22
