34779547131336304e-22
7095332947544273e-23
0.0004937618356117362
0.004379231554989547
0.001779140785703392
0.004218697273344544
0.01700134055601756
0.013167303611612695
0.003094932075309743
0.002990809388308099
0.001582426261036381
7778834789408087e-20
0.016144933540903142
0.008217482830191667
0.014004243899164997
0.021634412469701398
0.003262832140082278
0.005671874790918898
0.014381860826589911
0.03967680656223674
0.03081362759839938
0.012379114789788589
0.001264527136802875
0.007721018289251647
0.009879514441854401
0.0011567768921869758
0.010899174800593095
0.019856175020712723
0.010389309807743621
0.0028201514890117295
0.01181717100538496
0.0301854045757691
0.003947252636087755
0.01478975550609141
0.009982647393777693
0.01229492911431887
0.014179366816049819
0.016848434577407485
0.014836196420474897
0.01953932551735815
0.013047322532835796
0.0015619987015345837
0.00240859274087434
0.04309737125661288
0.000672727576547224
0.015455310889657256
0.0073800953508817765
0.011478072428011105
0.03580430590024961
0.021937081661730327
0.0888909319050595
0.0012909371353079068
0.008012474619877991
0.002349478280205668
0.0195113919336999
0.00024833264063297953
0.00310173910261674
0.014607680733702357
0.012915314181181812
0.0011213056183160862
0.008556766345111058
0.010115499165759401
0.005646802420396406
0.03434588433263505
0.002421551737286653
0.01720949776317857
0.006274508690699408
0.009494678319498072
0.0018067887850742447
0.030961513488212817
0.01938614507627651
0.013560681397580248
0.00032954568437009867
0.004711214190788705
0.0007079360954153624
0.015690173881355254
9777196267219665e-20
0.023422863960946765
0.005336865362029856
0.0002740620078885498
0.0003910411040528579
0.0007113685759502586
0.04440859443579536
0.00557177513361104
0.002069118665746818
0.002788080268200614
17534828322788553e-22
7141340860243586e-21
12126436071681511e-21
0.0014124832134433068
