-8091527687206565e-22
51326460481116186e-21
0.0014203814278124466
0.00012180227145492078
0.0021101137903586707
0.0001898337018599566
0.009440716715285036
0.038154661804114316
0.035511544520282656
0.008433141006548161
0.005197450594886504
0.020702659938838287
0.11160023617581456
0.0005067185970979176
0.14191140128624896
0.018605532971572334
0.10955875865089384
0.04357927627456596
0.02145050642934787
0.01746421075682499
0.0024875991585554345
0.0031650901377479612
0.004667982997487958
0.02700225384566097
0.0010481037566420644
0.1050658531679415
0.1711784034986009
0.0259140209726774
0.017024864139967885
0.014635204429041407
0.01562527868036824
0.0032014490807654155
0.012755438655904852
0.006622140296016802
0.00156940555774459
0.0006252389518734342
0.0004617650503261594
0.0009401632794124672
28012174490838584e-23
