0.0024299490442017996
0.00342539680106863
0.015588738301954196
0.0005194140875392449
0.017105405828515132
0.07538099061215776
0.09851342034599256
0.12518539773965404
0.00019147174657280967
9346386198456022e-20
0.18111448510032382
0.00023271523215081963
0.04294173870032487
0.12143495468413693
0.13543143517128767
0.05273749643534004
0.03248992003122899
0.08565168668637108
0.00664475493943283
0.0004050933218136864
0.00022608763712476634
0.0004811757447664009
0.0011132384232429824
0.0006615695228145376
