11451130836876573e-21
0.0008069983886229141
0.00035867468606135726
0.012990042414248245
0.022994871021098668
0.005438787230916124
0.00043247543209121403
0.0004280450614244968
0.18147549488564924
0.011683641595400173
0.007764405885189671
0.004062733272082335
0.006515028176248956
0.02298957720869733
0.11423956985731708
0.09523430989908901
0.0805723719427018
0.0014149016062473816
0.00043403019579253514
0.0245101983162979
0.01241415422334421
0.08722166008665684
0.0010626796659587618
0.008242993321406034
0.0632338500033175
0.0703013445720145
0.003558467267722437
0.010130395779687208
0.0005564658172262857
0.004286370010983566
0.09920674049159171
0.0007643059429201366
0.004946224784962702
3425653968016087e-20
0.0028234086034709944
0.0012752747864581237
0.0023511748730619788
0.004576291495946056
0.028443339336847038
0.0002129941907304334
