0.0016942547180797268
0.0006116498384511258
0.0022693022469497987
0.0037906345479694526
0.006871826869540759
0.0006251131071854998
0.004990186490707325
0.0009846069526657742
0.008149151495494921
0.02033491760333462
0.014232642969074241
0.0017011332874118862
0.01261199729009648
0.012042788677611833
0.010040562136858139
0.008648656712074928
0.002384115819492784
0.0009792631587539097
0.024674007077947074
0.025048802998038154
0.009053307536394486
0.015230977046128915
0.0004632919298102469
0.006276718380288834
25971986081861343e-21
0.0010236567646173316
0.03925931793387409
0.008392903648306617
0.0029159030894196766
0.007821819601510635
0.08268380682995488
0.00029086052804951665
0.0018021533344655108
0.012365725639037537
0.004626460040629197
0.0017505256583271668
0.01779931601727051
0.022123691876352734
0.010825149635893412
0.029106618195204652
0.00904208714322236
0.004093159081439874
0.01788307070472222
0.04082855074916671
0.023438909187850073
0.0151482187861732
0.014331940388351247
0.019262304353083178
0.015898841721448072
0.000517477377594765
0.019368652956146426
0.007646010275233628
0.02714181857395209
0.01871488032274166
0.024766528268317968
0.011512708702735979
0.00760261407577769
0.03191770283407047
0.01348616363329145
0.001802258921586798
0.04582285401484836
0.003539737303102528
0.0013498445207200177
0.01627720289909895
0.0012897849869837553
0.021067458075532095
0.0109512013782344
0.006830464595168701
0.005502021018679252
0.0008390078260638848
0.013581734243691369
0.003974190321728114
0.01198942670463101
0.0001736648330857693
0.0016265613270303265
16659006664139066e-21
0.0015899756698454183
7712493056687765e-20
0.005489069743005714
0.004724271025978962
0.013020574022734517
0.016759301909679995
0.013629376789999873
0.02368291863347275
0.005768738458092578
0.003777383344949631
0.004699795745501668
0.00047058601591654434
0.0005491527213868168
22302073439826013e-22
