0.0002399070302695971
0.0004089389934424778
0.00042029970617187966
0.0001874135458525886
0.0030884295139429726
0.0014772888022064707
0.005950305887489641
0.0013077015223638233
0.044003568146911476
0.004299535139938939
0.004774777894503855
0.01925284069115623
0.11787739993759247
0.006294525363215596
0.27021866379531656
0.016892177162190724
0.3453170617006176
0.0672908213387534
0.028551512478649163
0.008307611224530062
0.0006459131417848775
0.0012559301992670347
0.029883055888092758
0.007187711703054124
0.005332543351343616
0.004789190081578015
0.0028154175837005473
0.0011904834092701354
0.0006662789396991971
7268169638236168e-20
14130711840983873e-24
