-9910444517489248e-22
0.0005056037491737515
0.00021824121359791042
0.0014249213484073039
0.005451405143855021
0.000474074782168331
0.0009877235786795147
0.0028300805987584955
0.08429433319834287
0.041505601515448645
0.009491252583133932
0.01901606815028938
0.132682091057395
0.09748281749311648
0.3706854666471381
0.009187422554260083
0.0006485730650727749
0.03183928225424774
0.008433367271485763
0.03511181844888853
0.003986303854168267
0.00582575291137705
0.004650509217295271
0.038271735387053786
0.04194678220727643
0.016826752594554694
0.030849437584644195
0.0049003574430839456
0.00028534753429832393
0.0001883613444580706
-4936872180609394e-22
