0.00028967822186076324
0.0006828087320002301
0.0007477350073020569
0.0008063463908025175
0.003214765315135664
8727613682529536e-22
0.019374543445288904
0.0003334294236669108
0.03161715625378926
0.027226054052128395
0.0419000405659864
0.003461705544103873
0.0028156633871711093
0.37262986829939576
0.02816246745908683
0.10339237568182556
0.015153418941585794
0.07586344101086592
0.0059016056046489514
0.01273245829132344
0.03579206700233643
6941098612467988e-20
0.0010092976226159002
0.001956757413199778
0.01052907128533583
0.012098488794832227
0.00807329555517806
0.10369657123007013
0.011005491550738341
0.058654290094850174
0.006574913274596079
0.003386703441722707
0.0008294671119309918
-5805794823316981e-22
18320826614293545e-21
