-17355794383173376e-23
45307168918693904e-22
6421776819625703e-21
0.0014253651445530517
0.0013684969407468225
0.0010478070761607448
0.0011949652880848464
0.018338051678458277
0.0025566250761183988
0.011306408866026409
0.003781686296581513
0.006500721730122504
0.011194239880114238
0.03589732227555245
0.00096102942847049
0.017072821776164065
0.008478938865194173
0.0027202793639994585
0.03258574417083823
0.02360886647479481
0.014625357587748413
0.01336681932985466
0.00034615807017154056
0.003733537239599631
0.0008175851304405774
0.0029308327423883825
0.004390557678375067
0.0058289730291410085
0.022908859662081987
0.032236719877938344
0.09730655577183836
0.027839794104601325
0.01862663339407684
0.002679471773677094
0.0005722967451360386
0.013958652748006855
0.02072427135199374
0.011326808283494104
24830345736070043e-22
0.016352639614496497
0.007293020433221421
0.006364750698732821
0.030167649174261253
0.011264280809683391
0.0008540064693604981
-5751643537812637e-22
0.03559665350683665
0.002314196572579325
0.018492754727952466
0.0030037416697845766
0.02487557327614667
6111608312511718e-22
0.001975062095582967
0.031871956122370586
0.007872325138461483
0.003719152013116476
0.007623348134042837
0.001934330883554041
0.06354591566658561
0.005053273439948664
0.013201880381624643
0.005194612412225
0.004041185127484738
0.005607270895240934
0.004741977864415655
0.013326316659790418
0.03480344793717324
0.004679384202855722
0.04505900223816776
0.0021924758292451263
0.00060165401906388
0.0022270847434212654
8096110356973562e-22
0.013553697224366555
0.0064269344262153725
0.01714085339138653
0.0012491669059689616
0.001966769832900234
0.008492881524883858
0.016169834151228246
0.0025671517651459515
802983440245426e-21
10349277197521611e-22
0.02500281261026217
0.010846974295425641
0.003340192424183081
6193818137764789e-21
0.003107798592067642
26354102720904074e-22
-19471429454052717e-24
