-9977685361135227e-22
0.0003054480865436956
21751262686952444e-21
2077931437236636e-21
0.00017723880128810125
0.002735015655348761
0.0018740960482148395
0.00889957275968958
0.03303341098617956
0.013766251295284434
0.0045766150345243
0.13347221321879948
0.055006932478760824
0.0017749679953298317
0.09918703483222008
0.00047212057976710273
0.2867332314253965
0.1517747387471964
0.013692840923909235
0.12522177111762814
0.00016694792212129615
0.0013049238894911888
-5467915819507683e-22
0.052760452857892486
0.002521110669307445
0.0006177402138798991
0.006403839013715864
0.0020075483757504287
0.0006844487131831446
31222564628007144e-21
0.0007759811599433145
