596358802324915e-19
-23557995326550942e-23
709863816530892e-19
9326762751337743e-20
0.0002672467626163407
0.0010093464042616217
0.0014950476369742598
0.001667141741591996
0.032658560916371704
0.0009159276603644998
0.007149679674190242
0.0185625506944019
0.036964388017452755
0.052295377972743376
0.002389532522331289
0.15961396629958122
0.020340395568755668
0.01237518456962465
0.02968961825029506
0.005367116644022426
0.01434358402952715
0.08892451220484206
0.2800006518773483
0.0027388412804873895
0.013750533186825856
0.003752811078629643
0.03526840398704424
0.08454036182365793
0.0049225776846038944
0.012763952861986025
0.02720290991161763
0.03458640741984694
0.007831978864991368
4268948847285212e-20
0.0018358006863037546
0.002204730630922927
0.0023045173378671738
