-5185521787250041e-22
119852318969139e-19
1897453845165294e-20
0.0010939015273847413
0.0030834277310343647
-9785980551798699e-22
0.0003180816978989539
0.0005191937919582189
0.0005025110497150507
0.0010276598676593474
0.029121441719846413
4278112989994494e-21
0.00017589135349728707
9437397657934182e-20
36552748284532377e-22
3681447159890779e-20
0.20171134063618493
0.056859452409890966
0.23370215443290568
0.02342730474968143
0.2378828735411399
0.04545303530934777
0.08146597812352677
0.0020257228361634893
0.054482653336214805
0.00020022751725784501
0.007874268643414482
0.005130892751438166
0.003973393158786768
0.008926449691881203
0.0008735596670600315
