0.00017052594291473177
3324862349930868e-20
0.0009166961446990014
0.0004716710825585911
0.004538991119754085
0.0004390342636671908
0.0031065479857107746
0.2002273820639472
0.033845962271052916
0.008793838826121681
0.007822180591165876
0.130330527687051
0.05730051100735681
0.14100193017469606
0.00015635413287348098
0.07384251799769251
0.020801576584293314
0.0002590783892410921
0.0869665530416916
0.012102209949346179
0.0002573744193978895
0.005774057222648834
0.0012624111372117202
0.14375252677585834
0.0013109959169245473
0.027224422424429767
0.013197634508017565
0.0067270816542735
0.007659083138983059
0.004461640414246704
0.0014303324602906232
0.00031122141530041145
0.0032197284324210697
0.00014406280970067256
0.00010903900096250861
3105038999947003e-20
