-3747158354202706e-22
0.0011784429992147132
0.0012644618047180408
0.0033141502787157047
0.05956136242184082
0.01134688013991033
0.024076711850966867
0.006705087157512469
0.15066085378969563
0.00019105411603877277
0.14380631968666469
0.011571311470697551
0.0930311911831349
68367300513693e-18
0.0943814241143164
0.10385866355718065
0.15713939318586656
0.12144762748599201
0.003552029850181989
16258847803914763e-23
0.00028140583890723256
0.005981193733112891
0.006371501050222834
0.0002107791119525306
