0.028404877365391663
0.00610284947849102
0.017618997437441844
0.0005814906430970201
0.0008860462506559675
0.009825202652192448
0.025233628326644882
0.006036075718722242
0.006250380996032338
0.00011987943915157213
0.010052721704839777
0.00451839655185556
0.0006752702462536952
0.010507116069405667
0.007421303732582575
0.00038124985792537626
0.026857445827337224
0.030547674825788095
0.17844687361351547
0.003771057775064936
0.007486107657029571
0.35043810772231027
8988559068720847e-20
0.014230007191753904
0.026728489994691837
0.0008318571742694208
0.020325901712271915
0.05309339584517562
0.018203399577180118
0.06132117507538941
0.004308627225476282
0.0418775192258583
15961914725292475e-21
0.025307554977718284
0.001334966539090248
17324581954344908e-21
0.00015117948202883057
