0.00013230580518639533
0.0001812254216588736
0.00013197907649384325
0.0021871063885199253
0.007551135179939864
28919924507340577e-22
0.0035126866644916398
0.03198570983687847
0.024598018761218712
0.020230979030509025
0.042147511947833165
0.022396303265619925
0.24773964549357588
0.04986418549650405
0.00878395846924108
0.029435063543408885
0.01900704542832659
0.001049413800317877
0.0485930369961124
0.09117721923642667
0.005558388320699409
0.03093648731203587
0.0710489549337946
0.0561317707896346
0.044552409409731625
0.052412550564615676
0.0042359326885706115
0.0005582041898151002
0.014337865773886163
0.004166670707282603
0.006116109775726605
33321029236202206e-21
0.015420045194965034
0.03070568016608218
15513462342489354e-22
7193928142122768e-23
9354223662051979e-21
0.01006362486574252
0.00033312764758077374
0.002666907694111237
35495925973314046e-22
