-9888562600379286e-22
0.000142728394796617
824868468355247e-19
23685014226555797e-21
0.0005982841480871181
0.01013631294572308
0.039943218598175075
0.08297658433106916
0.10764913267883135
0.10129729474021798
0.09066216859347276
0.11246736621985826
0.0005455552502961659
25814644944121374e-22
719959104285366e-19
0.12357648116686173
0.07348533403911402
0.04135745666443736
31702779507612513e-21
0.0001959409787299304
0.10625837377275514
0.10389372456678267
0.0003233767203217075
0.0013095355721777344
0.0008238297671807643
-963050596427846e-21
0.0003170371161804069
7444497516075679e-20
0.0008718462038023506
12365025288213263e-21
0.0008711074220435467
