15726304637079107e-21
1673776648734548e-20
0.0037039174317448254
9914209690145636e-20
0.003521441701024767
0.0005943762939676248
0.08173635752050117
0.0006538539524564158
0.001916277130322683
0.0052945608879047526
0.035245095889083734
0.03154110009093151
0.017922588931855565
0.0003939719021287205
0.00022720949589373897
0.010763809828720758
0.012888575067354085
0.013230227808477903
0.16740949207056838
0.18048458854356994
0.015221834389911574
0.040380772035341864
0.00041096361687178757
0.03888984736111063
0.002038918088593641
0.08011234995529354
0.06714261343194892
0.005120825423316383
0.08000611510137913
0.04012497455480264
0.032309101070393975
0.0002206730214338473
0.01880033003981707
0.00035992774403278293
0.010862437761901208
0.00021886379036504367
4376306637209632e-20
8372445222091025e-21
6826638735928717e-20
