0.0010476278299315633
0.0014362563108761288
0.00026814527228304525
0.002947965298592813
0.03541737271460575
0.03312779810542574
0.008308231395412547
0.2170018194677468
0.004749161613285068
0.008350082547790244
0.0019524039202184046
0.052418920062035836
0.00037486884634875165
0.37288912510524463
0.05998376090370173
0.010245543228876339
0.001607351620044282
0.050097656766937386
0.01650310421920669
0.001735299750674657
0.003223195696507109
0.0054053328836090936
0.0011426075730896546
0.003335755010980588
0.008851170193257915
0.04745868129410282
0.03938272580791496
0.010733613327431413
4423233868103846e-21
