0.003573800745888735
0.07809987714955341
0.006616691370218483
0.005955707619162421
0.006996417902493879
0.05456342524579652
0.0012181263340276553
0.03094532289942331
0.0011728701832660067
0.043090359070701176
0.02050281903531864
0.22421514911272897
0.0058388207760074
0.009451228737511344
0.05218343714220406
0.047797108814755455
0.0997030440982106
0.10322430136681841
0.026687556080400455
0.0022586248614988543
0.048909885591197015
0.037662724280374704
0.00196296697435467
0.011587626744549282
0.07540632487198519
0.00021383089098028126
0.00016195210057314653
