5465886447495469e-20
0.003008357051158693
0.018136998278720343
0.006947622824475477
0.01313165849397227
0.0032964113214108063
0.0006975319418600878
0.06184542460090305
0.008576161404237503
0.01081939071350922
0.07546537680843023
0.01893662090286237
0.005450285585427095
0.012299465259554753
0.03257123392445794
0.011272224087657554
0.02816723863415506
0.0001113335333296526
0.004091202986078666
0.027550284222398132
0.006009892544968154
0.0002406506309810371
0.04038864105830209
0.021298776507907586
0.028437026423270114
0.05571077528950656
0.010166547309187356
0.0007466055462445199
0.006841277602994177
0.1058426316931652
0.06198430955326833
0.03051881865310178
0.01395648143528439
0.1132315355564909
1957486649753873e-20
0.06996692703023422
0.006776279011993947
0.036843573629739
0.007198128570421675
0.025180244631409013
0.014655317802298675
0.0006508446536740151
0.0007227542069423494
0.00018290435304357716
