0.0006482420122984534
0.0008197051258666504
0.0010915869078011765
0.0005428239391943997
0.007125869293526112
0.02006837833769568
0.025506028570801
0.024926874840774677
0.0015869976142876723
0.013176540428889967
0.028709307181253103
0.05212392500062636
0.12118998467694655
8363576750876563e-20
0.009757843678020515
0.002496152051451695
0.11559007913369047
0.08246510996980204
0.15581603147730197
0.00048093374761809304
0.00037862242521532737
0.0019743468655304968
0.0009082403793669642
0.07055108664577753
0.019224985991207047
0.036541922096647146
0.007122084492425956
0.030515013771842826
0.003149455019004393
0.04713549345771031
0.06373257101268305
0.008474258384749387
0.0031134979637102937
0.0035499174536636076
0.0013465125273171995
0.0036271206761104213
0.029839637043376156
0.004451909919368264
0.00011670940162274686
4056471731559341e-20
