20946000463608328e-21
1731265682408741e-20
0.0015513629175278158
34824346828473145e-21
0.00023027883331020688
9696993501278158e-22
0.00045828893533873057
0.001710955136642125
0.00038721321907522326
0.0030193071947208897
0.003963740778769424
7150876420465696e-20
0.055415028500130054
6502121181902652e-20
0.0014081475564662685
0.002226841859546032
0.05144051080613396
0.0013586176183118786
0.012470448530920424
0.009402226729371929
0.004271668140773499
0.004198608111597564
0.028740109114373687
0.0028982632067671506
0.05915790075735218
0.021169883885630424
0.013250255366719591
0.03386413309507481
0.0035793668984563116
0.045200910697575244
0.00111571096099391
0.038507732262319835
0.006396320628132777
0.013303653496861544
0.005318206589861424
0.0037626135447359705
0.04770995636888121
0.0002964317290118606
0.0011107722857062318
0.0002740236050398559
0.011445808714790373
0.002960044715850982
0.002465442732420705
0.017526410946630953
0.0015652014528784867
0.013035171961369094
0.003702170998496245
0.005011880791980059
0.009309261821827678
0.02060386666202963
0.02668701736758874
0.04004081952090849
0.00019070489958238003
0.0011405002920242052
0.013826265502770435
0.00895694453289067
0.03253875044239578
0.0032710608756763224
0.03355084711227264
0.10256158161939866
0.029732118836120425
0.01679840504145778
3350430083330939e-20
508695921263114e-19
8140363638582843e-20
0.006095008778200833
0.0013280941136104706
0.00431935515600381
0.010826213495253485
0.002856060690216946
0.0026816655088218798
0.00017122934044773514
0.0017270266297828604
0.029730084230062816
0.001829898774573219
8534874141949292e-21
9630995959013648e-21
0.0010127869581016476
0.019652480692547138
0.005259894199064755
0.0009558461098617955
0.00938190164467996
0.016959143527034024
0.0018640590952255754
0.0006220162444477841
0.0002867123562548239
0.005775223666417547
40788649716208084e-21
3626687640455154e-20
0.00010395098084314078
