0.0002709595902868081
0.0013925542245887077
0.0005405959133332885
0.0008173626628864861
0.00035818802626970533
0.0004865934255868314
8402891111972465e-20
0.0012222776929064205
0.0012147042550034062
0.0008946550217165491
0.0011261336232700836
0.0012759717906047233
448356520674884e-19
0.00012843316872578178
0.004079095230659643
0.00016720784336410978
7551887386487405e-20
0.0006310649047149893
0.0008061310438231419
0.0006928103254013756
2849378202706881e-20
0.0021321903303026545
0.009345749289625883
0.0029376967943471953
0.0006357716986060099
0.0031705831060201556
4633639764555923e-20
0.00045363257397500184
0.0003527461410212668
0.0010312008218032764
0.0001238415726571532
0.0018254827841822064
0.001693980417281483
0.0003245980982910475
0.0016745959148865962
0.001981636745882003
0.002228308632667296
0.0007910042013122448
0.003560587647365326
0.003329718506598559
0.002261081025748421
0.0030380942347480637
0.000765884632455547
0.0008775676003043092
0.002929315255207797
0.0006064528999382285
0.0009993663919757156
0.002146865334047431
0.0022483755423512125
0.003458878220431025
0.0013632881438525033
0.001975477657512454
0.0018196624055826823
0.004876823849042314
0.0018176032093160177
0.0004566384528852025
0.003505925165142046
0.0010862791478453639
0.0005375366536685072
0.002634682447082262
0.0003035586798538262
0.004201306599471301
0.0008678947416364562
0.0009496410553717211
0.0032099718272038803
0.0060697152218367025
0.004357155923366859
0.00016280987349221213
0.0010186903057892872
0.0015328666366188916
0.0019400386113685296
0.006838125627896187
0.0013147026301865983
0.0012546593282898462
0.001041561520460578
0.01089338422509683
0.00243990775307891
0.0019070936552683807
0.004268254942028418
0.0017828186929605564
0.003460399078787114
0.0036046752042320825
0.0005904080153949868
0.0006810305380207071
0.0012203429020660476
0.0032241992904627646
0.0005667954051504571
0.0005419455619259491
0.000756251898352844
0.0020890826811090714
0.0003676993297525405
32600356149316743e-21
0.0004236973223752946
0.0015408076967854934
0.005823174441452647
0.004510790306075166
0.0011665696768225842
0.00011202500069787313
0.0003414386457137067
0.00044465343435309243
0.0007787893131564013
0.0011422006460833007
0.001824260102521817
0.000517864037222213
0.0013613455004026945
0.0017717725122852305
0.000856575680487685
965473193027177e-19
0.0004282710311209346
0.0002928392781781091
0.0008715115530245017
0.0076489820893730215
0.0010216194679650548
0.00036619918485567276
0.00825129052120993
0.0005692249624314983
0.001368518573608182
0.0009722000654591165
0.0010424692087740413
0.0020589981938031366
0.00044824525249361245
0.001751400319560294
0.0012151561297974562
0.0008885928886682087
0.0011058384738603857
0.0028310028245877184
0.0007389502984178979
0.003325403233325002
0.0011475511865527408
0.0021006771852712645
0.0016787358255443785
0.0008987636794626859
3953047067099547e-20
0.0008666399555025524
0.0011996039871865992
0.0008848072720174366
0.0036854156872181687
0.0010183568309346785
0.003306921299776739
0.00016889547008483333
0.0019621616209909943
0.0014475483200495072
0.00045209258803909335
0.002265749812072262
0.004789626422048201
0.004377065431495525
0.001825515951955014
0.004355139331913964
0.00037924929652784233
0.0017412369474086812
0.0026205559708394415
0.0021522609284146195
0.0139520265184297
0.0021132824481326757
0.0015585017576759269
0.006385176120279247
0.001329680884464975
0.0002874093803917467
0.0036585783995198126
0.004323583200347808
0.001800826101733074
0.0014637130490322457
0.0021812623931512774
0.0018348426670601093
0.0029374527164852805
0.003944841939799778
0.006515041613602862
0.0019416458581623902
0.0021994702183476267
0.00017803162384184406
0.0007866390197089011
0.0009142956783835793
0.0004153457967930734
0.002365313051412933
0.002178375693344921
0.003229485674892804
0.003459197363437058
0.0018440495457051874
0.0006730670165523366
0.00019004644837808152
0.0019637123857886287
0.006025098091430358
0.000765262470110835
0.018127540705081963
0.0013594609328468552
0.0005282495018309572
0.0007961416002860522
0.004372460571983533
0.0020818251388527165
0.0013545743616147224
0.0005237697821321316
42205926435019906e-21
0.000894934200763412
0.0009486724558686724
0.00203629140094082
0.00027669336626554817
0.005790934105166344
0.002703758999180714
0.004128378430982092
0.0022174826490479428
0.005555924919095135
0.006153796070377534
0.00988784710835819
0.00868829726947878
0.002322833181921127
0.0010028951405688198
0.001038419767761242
0.0007527121107488943
0.0016367614532744581
0.000591207463354028
0.004080470058954627
0.0015356330672139818
0.0006967127612783766
0.0023009556490400694
0.00010475590385566624
0.0010762887885076196
0.005309221144018469
0.007869306686676864
0.0012198560804120057
0.001126009588485557
0.0008721341374279661
0.0022153442637146527
0.0008679392017424818
0.004897847577961437
0.00163219964314864
0.003817764313478814
0.004295197368135383
0.007352768011810173
0.009289623685935298
0.0010455945926732357
0.003404913556523931
0.00990389727257646
0.00026860474389020023
0.002784714438328657
0.0015935872839460622
0.009925753101692608
0.002481073684798832
0.00035984561654913046
0.0017056232785359086
0.0009259717165616792
0.0032123755786752093
0.0022853872149555597
0.0016167420402677852
0.0027080317466810513
0.00036088573816067123
0.00044470006945443013
0.0011350778770806338
0.0023918170464792437
0.0010170040175390895
0.0017897348837743051
0.003990492782143529
0.0011635722869001652
0.000717634082953589
0.000938216711090654
0.005164782945905326
0.0023959930885208785
0.004692323907800856
0.00027417446039402886
0.004575284151305944
0.0014109056138203097
0.00014360435785774683
0.0006958918741630032
0.005102602129110229
0.0029282270017680855
0.001595102994918938
0.001899949351369387
0.0034687927826391363
0.001370332695969124
0.003099290496002445
0.0013281499797757736
0.0003083177532753018
0.0012210672182930424
0.00012335416170348627
0.001974786394064041
0.0008032431185151102
0.00045896003685249085
0.005066318529529404
0.0032730588606201534
0.0011024792833691857
0.00776394268745635
0.001499814228645729
0.005385814629479516
0.0014165093959938794
0.0035348526374405008
0.0014317139399106272
0.0005879254264691553
6821599118925847e-20
0.0007654224664168524
0.001378277462116642
0.0009667128386262648
0.0005577477991153268
0.0044338257106443235
0.005441617012938317
0.006762104784122055
0.0013190415764448397
0.002188308608803805
0.0008786155098697979
0.0018383335853668365
0.0062269467530860784
0.005605412217041095
0.003059481171247926
0.0017481528076856694
0.0018489729945517003
0.0010927171999992335
0.001370857073702076
0.009026047871591987
0.005567021834157679
0.003721895818065304
0.002049548297500858
0.0028699936829631708
0.0014226299439706888
0.0026487468781758437
0.0010166639963560685
0.0008495947956077795
0.00625704318957374
0.011888612754704304
0.001844327658170737
0.0010852848594009687
0.0021935526318503135
0.00011342331610020497
0.0008849755179306063
0.0018564329713597499
0.0019185828550119246
0.0003770392816337142
0.006548993135141672
0.0007290510363555676
0.0007506983339234165
0.0005159862501592935
0.0016375085498450818
0.000296541287697199
0.00021998501355329368
0.0025453838215871733
0.0011607012031516367
0.004053432143893619
0.0003014920102292691
0.0019037483650057457
0.0021066750565219548
0.0005246092537343799
0.0063255083809575265
0.003585405250275666
0.003126386354023748
0.005907107205335172
0.0012366333145257691
0.001717717686891604
0.00191223203072125
0.0038506057535840762
0.0012574524132884701
0.0026303925099778885
0.00034548567119505383
0.001032072696368104
0.0003961936950430329
4144053552900956e-20
0.003400925558767522
0.00018050175430078856
0.0030457838466689184
0.0017246325648255568
0.0007239662168835788
0.000746521319572045
0.0006236236974551815
0.001612501019563429
0.0001222257747926743
0.0019258391328558036
0.00012348472031221557
0.0006907076215565838
0.00061101513051692
0.00099862645318947
0.001364409806349139
0.0033407795192747464
0.001340505870995609
0.0004303878908378075
0.0028495277344680377
0.003690958900532511
0.0011099794383347046
0.003273408873621176
0.0018731595500082053
0.007918374821254971
0.0002519795828905551
0.003654747467228032
0.00015269677137159335
0.0026085628000864056
0.00790275721503106
0.001949751925475832
0.006262870385582598
0.00021296467717547328
0.00014061179873221376
0.0007992900112592259
0.002748810685286743
0.00387812463461841
0.006193848861429523
0.002075501429772829
0.001931952363149103
0.0008007490036718454
0.004245421724121373
0.0043380728004551745
0.0004088449042078862
0.0009970242043796141
0.0007556746568746188
0.000989693870398806
0.00010003346012802269
0.0020201783761782635
0.0012186806286129698
0.000225033007574088
0.0013768013560119267
0.003522799498100455
0.0003169179993550724
0.0016624012655053258
0.0007879522139237601
0.0025823635824196007
0.0007946597408137419
0.0003160441224524029
0.0069438482386298735
0.002646539501864937
0.0011846906096697315
0.005404446049055668
0.0002522223854114909
0.005783270070011294
0.004185994159547141
0.0004200630904779159
0.0013819713937669403
0.00161809930906072
0.0006552044313743236
0.0008999570507831966
0.0029170993869270115
8101613047190979e-20
0.0016502588086684943
0.00828449366625543
0.0033441463010740646
0.0018575553579335054
0.0014945672428256637
0.00022663626273005714
0.0004732814064945366
0.00047886656968152444
0.0021112700302899972
0.0013830064368031128
0.001464181436827817
0.0005631144367431154
0.0021782687696893207
0.000772254999516989
0.00048616954667015267
0.0001474264268591284
0.001745746127719889
0.0019118216430922257
0.00042837018815312255
0.005038557927783668
0.0006329180448270144
0.0007468900745089307
0.0004948768630406257
0.004863741501710909
0.0007226223278856152
0.0030673731994167145
0.001123547691932059
0.00233621765961677
0.0009895514666541183
0.00019975254285003875
0.001141860629496242
0.0008787919158180412
0.0002681693035592713
0.0003727757292823747
42102518237077185e-21
0.0005724730413388339
0.0005974231435012482
0.0002824479030426711
0.00017958729850172474
7971532920992942e-20
4130166156049625e-20
