29562383949813714e-21
30070109381254268e-22
506791148417832e-20
7997743017399232e-20
10245911599232667e-21
3370072282644384e-20
18989481263622966e-22
6575101461211058e-21
6921607529404588e-21
0.00014219694728458671
0.00013175995969632784
7007339847099786e-20
0.00021689655422716541
7705245540818297e-20
23245204305994403e-21
9542911645627906e-21
6814318930330777e-22
4728094690400205e-21
9054238186495582e-20
761211266905137e-19
6041994795096121e-20
21684922444754964e-21
0.0001742202804807431
0.0003558975135829084
6760609952559869e-20
4491108700002984e-20
5613528857611201e-20
35303623428694394e-21
5187282169590219e-20
0.00014346592679937385
12585607924894971e-22
9864660444221891e-20
630746926043629e-19
6807802582967464e-20
0.0005645909254853979
11218716430504945e-21
5771536225287857e-20
9469283214623928e-20
0.0001678901816793996
17348520796793322e-21
51750020612770094e-21
31186988843757142e-22
11417045108118219e-21
3084559756566599e-21
8748900836274592e-20
25117528721049715e-22
49472151497139076e-21
365705011566692e-19
9013512803652345e-21
1870683638427229e-20
16210300136686394e-21
22813497665157283e-22
0.00017874270233663434
0.00027848118486408527
0.00011496716303953599
0.0001749357233873696
0.0003054784829535997
32731255843271125e-21
0.0001609011365992248
3949372140491571e-20
0.00014366407848806438
0.00044303572503625043
0.0003550215547957177
0.0010427016975772074
0.00022329866360034208
0.0005567900757894584
0.0005823494393537594
6341456939594734e-20
4762539180300432e-21
11424241280702378e-22
5162725602024485e-20
0.0002193908507474522
0.0001789226952532419
10739040909356194e-21
5126021294992226e-20
4424644868863304e-20
0.00023106654089677698
0.00010544661898185777
0.0007940040843476261
0.00010758644689314248
9834360440418061e-21
0.0001032308699888465
49345920897699095e-22
0.00015610910022325613
0.0009544666014416922
0.0009246054378903284
573307652566787e-20
4395428112949984e-20
0.00020639197330869064
0.0003305507816488314
1289174413921562e-20
0.0008146382112606774
0.00010025946963749727
0.0002845855701854925
1388570271547416e-20
7611283398766377e-20
8063247690718122e-21
0.0004814667613291886
3929928153197096e-21
0.0008234856668201822
789985292404589e-19
0.00020558246893770754
8105418779429875e-20
6946420493353557e-20
0.0001819324248639536
2991734421421522e-21
0.00011093902388465913
0.0009074620407721652
4405614502612696e-21
0.0002906577117375753
5222337389658641e-20
6749247940508599e-20
0.0004262242605874943
6686580456512968e-20
0.00041796768221325306
14167414016969774e-21
0.0008332401561259824
0.0003992402012239742
5032967163161759e-21
9510532037628861e-20
0.0005230290530439639
0.0003081817265079088
4410184035732047e-21
0.00038963315637874227
0.0008050596035732335
5081553681256427e-21
0.0005324195207403639
0.0003267110576911064
0.00035198027218754475
0.00021935227118296833
0.0005049508001732331
0.00025650175635703334
0.000523959432757126
0.0011232148558755455
0.0010286568218616729
1638301766010544e-20
5725504440988564e-20
0.0005549400662429474
6255228383991593e-20
0.00010491598584041639
0.00040079276103003453
49353137223605444e-21
3387253618731035e-20
0.00013215530807269017
0.00019047300419651936
7153703574622903e-20
17079179844842672e-21
1928590287653885e-20
9682313687081811e-21
0.0004624095649744284
0.0032837592744633824
8335271229568305e-20
0.0009040009883818457
0.00031755124649568856
0.005524219881373915
0.001504533872483715
0.0005076443330777603
0.00033102978544111904
0.0023190594973834557
0.0002758782365482767
0.003796236388719608
0.0002366507822515349
0.0009913415280247886
0.0006408877702071499
6177393600522464e-20
8958934102834877e-20
3479127547279754e-20
4303179903910746e-20
0.00018427628226330996
0.0001448957328065033
0.0007197553517465751
0.0004337256537527298
9353898488544425e-20
0.0002651206529063928
5354422722711405e-20
0.0019127662413930006
3737879781145417e-20
778969485188382e-19
0.00011773098783630023
0.0003938857215396586
0.0005006536964823088
0.0009526965156996636
0.00014126017804582042
0.0002585766474852272
0.0031083634116397694
0.0002526680590915489
0.0002489390850113105
0.0001453700875687911
0.0008229862059655213
0.0005415076001664311
0.0010967024648726204
6963119840877527e-20
0.0007060032860892424
0.00010491589956309038
0.0006215670434198241
0.0007604287356279831
624943142886677e-19
7699170904351628e-20
0.000229796014348813
885023200066269e-20
0.00023910082738519786
0.0005718866414022486
0.00010024307390623266
0.0010325587676528925
11968076283525642e-21
0.00013304141095157618
9633717506458796e-20
2639120505498042e-20
375182443453492e-19
4106605411235675e-20
0.0006212320425709206
4847553616437591e-20
8443958367037247e-20
0.00035434065548855067
0.002587292700660797
14724980331827823e-21
11405742502304223e-22
12753965710950887e-21
0.00023915702797695695
0.00010928441980055042
0.0004170043249861473
0.0005794105365360782
8091961381437116e-20
0.00038713643218174845
0.00018860185385789695
0.0004667129537278427
0.00028309499825780943
39951482730401155e-21
11367038692125221e-21
3497153600570783e-20
15698683018200854e-21
22904468533017972e-21
10890629565502861e-21
9407093863745696e-20
4385091926406067e-20
0.0010158216584896119
0.00031806574848677974
0.0008650703278509698
968428640940173e-19
0.0002018989399064498
0.0009539789509644206
0.0001391248134486861
0.0017256113105981676
0.0003823664229190713
456768575737877e-19
4784353818334149e-21
0.001462872482509446
0.00010693100188754028
0.00019108613381893066
0.00015998774219426224
0.00047087487848053325
0.0004069282390658089
19162453774588197e-22
9374667023746242e-20
0.0002537143382544352
0.0005887893515695103
0.00023223899472741836
2683767406106555e-20
0.00010467489096982984
0.0005815517130437464
0.00014390778164963367
0.000917726355512832
0.0007437501736618859
0.0007715948433448294
0.0002985255913301095
0.0015922242861009903
0.0023410202463042627
0.0001260889330210977
0.00125108873884815
0.0018251645156435123
7778350939418658e-20
0.0007112392141502463
0.0017553910001408307
0.0039284597935276685
0.00047738339492816114
0.0005759725876614348
0.0021738200421883673
0.0004192316037964595
0.0002936191075176242
0.00014733547262913812
0.0011840393087450011
95841083269103e-18
0.0011680600748322201
0.00016561982177662406
0.00016762273860059735
10069650157613901e-21
0.0004179591473770305
0.0001776065894331772
0.0006911236361178261
0.0002512267116027174
38638209774937755e-21
37929511761750614e-21
29470857772943844e-21
60639076896004e-18
0.00038552499373309683
0.00046016223604196697
0.003071262912850381
0.00020196002272599375
5161217319628184e-20
0.0008558129875532748
0.00030231315358859173
0.00010321719969323299
0.00012954953578788163
0.00013371242358789558
6812758399629672e-20
0.0006392684254422815
7654901038047693e-21
2459035934275992e-20
0.00010103193728733508
0.0012252563369558051
8122660475829718e-20
0.00010352250980234859
496855034095128e-21
0.00014646288511280467
3499012484451622e-21
0.00046862906137528173
0.0002627562982331269
9099612159226434e-20
5921859660939126e-20
8849056885551993e-20
36802914675095584e-21
11012569794200052e-21
0.002487406033290458
0.0001092678424063455
0.00011719930840218633
17359337656391326e-21
8538915623544974e-21
0.0001530168417409981
7107946321567876e-21
0.0004529794314268746
0.0004289129033160938
26581148334906517e-21
0.000709948920783484
0.0014266089340744705
0.0006611693368346764
59587861124550156e-21
8589234706752606e-21
0.001202132449942747
8450938403128144e-20
3069217798552431e-20
0.00023353491755043687
0.000330253412838441
0.00046415336184149635
0.001040856437716363
0.0011063816502047308
7373362007202867e-20
3340995869447977e-20
579433285527768e-20
510265516633344e-19
0.00021340863009035676
0.0002504414335911217
0.0002994463828670824
0.0001119814176804194
0.0001034752366094942
0.0002178752322497834
0.0005286704020472208
29398844305706914e-21
0.00012048365783839284
21846921615742988e-21
0.0002465935424565585
0.0012402304987991768
0.0012655303773161121
0.00022390911275626353
625407734247943e-19
0.0010540619274970573
0.00010502593648969142
0.00019607888856054454
3796385190567376e-20
0.0003901522722542914
0.0001654836593197957
0.0006364201206162678
0.0002656642797040119
0.00038294287763842525
0.0003023940866206551
0.00015174563241465136
0.00011607915666481746
0.0005651966469521186
0.00014459713994233547
10587800942848657e-21
8633541052389243e-20
0.0005259576112223574
0.001262917727886061
6093763546523487e-20
0.0035980033881509855
0.0008881483662814495
0.0016736653652715738
7177372755478952e-20
7605682246648202e-21
0.0003217692164897411
0.00042876434173488414
0.0011793767604716045
0.000372791439141634
0.00010031321743781706
0.0004374130054548844
26009148416361897e-21
0.00040733277881078463
0.0004656626869517211
8379136505579393e-21
0.00012873909387192952
0.0004914365593267582
0.00012100101844594603
0.0001561272493485492
0.00019744513936585222
938365484248546e-20
5670583626043241e-21
5265630381132993e-20
0.0006433007410725525
9454996177369214e-22
0.0007346915136198683
36005412265619114e-22
4627212334033836e-20
0.00013270343939790396
0.00016776340563949652
0.0003039015346395072
0.0019273498532918995
13302425044650051e-21
0.00024864330631185495
0.00019118993791628243
0.0004372601031322278
3677275381614301e-22
0.00016371412284535398
0.0002762486332592149
8092355436618334e-20
0.00014942214245859897
0.0003688606148264865
0.00033248819284646626
0.0010304664733904426
10934738841503172e-21
0.00023897451497539656
9137276038614515e-20
0.0006194088544768444
0.000173593626895887
0.00040548223981693403
1052622129734071e-20
0.0008355197473292861
0.0003806058986323354
0.0014668157848682338
0.0003887576489949834
0.003677626600374993
0.0006386491175598928
0.00012614879682110533
0.0006688742443806225
0.0014048909624322157
0.00017025606110460017
0.00032947521352690023
0.00023718107659234186
0.00022459286009956353
34587185358523824e-21
0.0003402702548473857
0.0006209306335791003
0.0007010844468210419
0.0015736334134403784
0.0003187063974452598
0.00013821503835359495
0.0003602321268168275
3580564958786083e-21
0.0006373996513707286
0.0009432255076327499
4024291638170063e-20
0.0001075655601571479
0.0003422500487006405
0.0003092670432982059
30694528228412204e-21
0.0006025282100511612
0.0008155664384595113
8312572864399357e-20
0.0001615583326428059
28440583059268437e-21
8462118459095442e-20
0.000881280638716755
0.0005410097998282201
6118837840785237e-21
0.0002155375730384774
4288653633339834e-21
0.0008095528098113907
0.0015121203547272515
0.00038636605004149153
0.0009528273660660253
0.00021477465220431805
31323373662702523e-21
729278953949438e-19
0.0013812651892322844
0.00013160448816872274
0.002487322985171888
0.0003952085240072069
0.0020161580581099497
839573193659373e-19
0.0005717362813353313
0.0012860239023389775
0.002508943406456444
0.0005372773720411699
0.0039716754429510726
0.0006124295256260352
0.00025053501657734
0.00024947158343368474
0.0006038170060705777
0.0002918735969363153
0.0020888700010570343
0.00026192643448734145
0.00037689464390447186
0.001044637093536142
0.002225353043758143
0.0005123220179490525
0.0002373715439465661
4534033225395703e-20
0.001877079632409072
0.0002729655699786978
0.0025342823438278456
0.0003451343971592034
43300819811885275e-22
33768278736691374e-21
0.00023434052257704358
7205190534430699e-20
0.0010634714664631837
0.0004811130069018885
0.0003703441244321964
0.00019047722558040577
0.00010304112903639171
0.0005654368020203606
5369049682564589e-20
0.00023698546070821682
0.0005415396547277648
49356363886066874e-21
60229279807324096e-21
3196458271597318e-20
0.000952440802957771
0.001900739277624419
1769600842548222e-20
13520360348127247e-21
0.0023417389053942677
0.00011411062078413855
0.0010484696810801374
3810278256419602e-20
0.0005136850257022883
7670894665187572e-20
0.0008327027158985995
0.0007019625184805068
12588085640325e-18
0.0002719475894196107
0.00015806938424114532
0.00034275779540487257
4951546037741879e-20
0.0006202704237167444
0.00035005404744126097
0.00011346680209984813
0.0003814577590611482
4887143452233473e-20
0.0001419665117882678
0.00041268717278266476
0.00039535802866154737
0.00012582616542022342
5546544040748941e-20
0.00010612734854810552
0.0019836169116749834
0.00011031230965309079
0.0002536646278954776
0.0003390270245023848
0.0032402360217574557
0.00025696086639388527
0.0033970752700569536
0.002996997601886583
0.000760613610687108
0.0001310044944808836
0.0001991328785150986
0.0001826260300909571
0.00039394328966806623
4846643533740141e-21
0.00014335484934487226
9157489445913707e-22
0.0016063931801252674
0.0004215874948973134
0.0002085010829749777
0.0012353487348149418
4272484390392676e-20
0.00038568599401562006
1864547344111078e-20
0.0007606651446807953
0.005698192570821328
0.00033170904987749104
0.0015740521382682654
0.007907544205191663
0.002190337464305985
0.00018454280585639783
0.0005564267752361629
0.0006330934362485074
0.0001492294132252133
0.001716105103822454
0.00045950277110614197
0.0008627780413042936
0.0001185629365946501
0.003405131602921914
0.0004975187469240718
0.0004395680552337615
0.00041399521862199584
0.001304636337523647
8664090669063086e-20
20844178378023255e-21
0.00014531570904468302
23112189260923243e-21
32053882501587947e-21
0.0007239259355327206
1458919947400142e-20
27276907587548648e-21
0.0040736585270241075
0.0003975710971866279
6643092195422114e-20
2069158066449687e-20
5735871105919569e-21
0.0009034735308307989
0.0001850710552330155
0.007528075834401508
0.0006605435839428368
0.0006691840793023776
5294986671741989e-20
0.0003012745153700755
0.0006183025662712746
0.00029001011869681393
3445263149384904e-20
0.0001106162277425662
0.005620153992161009
37221893549369652e-22
0.004596587392097413
0.0013439333552154866
0.00045683699435802996
0.000457809721936199
7247470902574282e-20
0.00013130138943752954
217672040926528e-19
0.0008263977735443067
0.00034918625660795936
237612588234e-16
2706410444090127e-21
0.0005112297200661197
673000188996624e-20
767047952779258e-19
44396516380640016e-21
0.00022383281516699915
0.001073357696723519
0.0002553377340789017
0.00015001762754205007
0.00012399391465071604
0.0030519544591262504
0.0001640920450967492
0.0004693581790841398
8104320268518771e-20
11167532627211672e-21
-35514992583031495e-23
4136515080497435e-21
0.00012306728903061152
812911808089565e-20
0.0001010836712103704
0.0018912859601693374
0.0009722241526117787
0.00012771081297782914
0.002563575813199415
0.00038644448730419564
0.0013811506440749384
8965141314997435e-21
21777632468824914e-22
0.00039244670783858426
2249381785398146e-20
2102412679019648e-20
0.00043117607638614255
0.0006682655911045773
0.00196137395478746
0.00030459047403291154
0.0006350489823778166
421235418577428e-19
0.00016635706157449662
10077461590865276e-21
0.0007349162732154563
0.0005041045257174536
8642369904449819e-20
0.00031342885180312666
0.00023672077892643453
0.00012282735871912019
0.00020281730669465887
0.0003714515773105917
0.0005240778560709188
0.0003466248766765497
0.0009777107499631948
0.001274823577302622
8716524747161774e-20
6518082899645736e-20
0.0004889448288885534
0.0009861511093730462
0.0022977376468387854
0.0005087776172380998
0.0001357984812028219
0.0007158418279009577
0.00248958028679862
0.005794863323953312
0.001731379298713644
47870521609872165e-22
0.00011344141407584105
0.0001979272502618322
0.0022079769699827356
0.00034177883358548676
0.0006225383806935011
0.0010619479062703517
0.001446511162894093
10372486483061637e-21
0.0024415457108221917
7907252290003597e-21
0.00023288846333370365
0.00021898943662863917
0.0001373902078507705
0.0005642878956399051
0.0019595333943989383
0.001122379859780764
11463730477080684e-21
7893723042040406e-20
0.00011795533010499541
4810424590995347e-20
0.0004495031762229589
0.00024343065091012186
0.0014816950048604316
7193423137475828e-20
0.0003856928173225664
0.0001051637416214767
2697251784671854e-20
863031096479766e-19
0.0008378255617211862
9913445814627218e-20
0.0004299913588243418
0.00029597344754351385
0.0016558779327926142
0.0013919656395986752
0.0001284713593709807
4730606963437274e-20
3960891845614822e-20
0.00044670648814420507
2057691586032846e-20
0.0022991950974204094
0.00028221337150904826
0.000908176205887015
0.001107862415619333
0.00013029467766304258
0.00035642340211043975
0.0007144099639771618
9027887761905914e-20
0.0005880918612653661
0.00037997405550822073
0.0027358471883610668
0.00016683758529493795
38883475715083564e-21
0.0015687385927949252
0.00020965675269169683
0.0035284442384532233
0.0014113577682463665
9003706208741899e-20
0.0003000105136665881
0.0018058550124714146
0.0005398502604304077
4561601422270396e-20
0.00022158575404643646
0.001150914926673671
0.0006718274185726064
0.0001311159976324722
0.0005368691431522843
0.00022771061928018096
3610838760264662e-20
0.002513245172033401
0.00014715321182272867
18832752937255467e-22
0.00017515087735603066
0.0003077954504216585
0.00023222945669304962
0.0010507803602829878
52589771895375675e-21
0.00029558332859912315
0.00015592397388169735
0.00015598814042535765
3182383609023565e-20
0.0006903132798114561
0.0005490709124015775
0.0010519210936676597
0.00040676937063103473
0.00026498141779058605
1517324841876227e-20
0.0004459291093728243
0.000290547127608907
0.0024987161303437165
0.008998578268689845
0.0023282630553774376
0.00027461804578042407
0.0001786188551978892
0.0002506754788694247
0.0008247489463499299
0.0023815523629050674
0.0002014631956596
0.006044230952583987
1012417168315888e-20
0.002401487022069083
0.003119454782571885
0.002634457157948112
0.0020371168195479736
24622146264562422e-22
0.000606332906910168
7853767536501819e-20
0.0009951692013199752
0.001237925597713715
0.00021036657565508306
0.0011877871464219284
0.0003014323798014682
6848488077224816e-20
0.0005373923930299434
0.0015714129004281874
9539479936638735e-20
0.004423571052561932
0.001894195801624069
0.0013746079288720595
0.0009486063292704757
0.00017201872537307193
0.0023609854221097655
0.0003874936391292502
17410864333873257e-21
0.0005368240129335825
0.0006700010655761815
70292565055494845e-22
0.0003103876953665794
0.00019867610205793516
0.00017792490578137383
0.004532849379964984
0.0002174875320489283
0.000756517036483011
0.00143669139675704
14971164898363098e-21
0.0004902146076092752
0.002707640161883889
0.0012635885508736804
0.0025602721642330965
0.0001888668295132997
0.00044193838426048856
0.00015922252863966803
12116304211429871e-21
17212104045033833e-21
0.0010659394078871875
0.00045142216812886667
0.0004257348501688244
0.006090170215167927
0.0003056850911699523
0.0004010391861990693
0.0008802420490801204
0.0065467809826172145
0.0019427958393027581
7679346579985013e-20
0.00017241540108406145
0.000494043413927108
0.0001746178170507056
0.0008753053904037924
0.0019479066472074841
0.0018197715530794605
0.00038549235324154157
8228089597810493e-20
0.0006288170797259562
0.00020803202148799384
6172222563305025e-21
0.00019829077948230295
0.0008748249983701886
0.0016059665221149718
7327518439767744e-20
11790714313242951e-23
23257711327873714e-21
0.0015949078639318282
0.0002938860099148938
0.0003814700441624548
0.0003538153365361292
0.0019263884988241424
4700397950321734e-20
0.00016539979263173403
4259529641145014e-20
0.00010766041085838686
0.0003049281936130593
0.0007545520862172656
0.0007635740244212104
0.00020598681135680183
7820439559903107e-20
5395503184559596e-22
0.00023757229678391252
6892690352482394e-20
367444079184882e-19
0.000739190831333086
5394086361209042e-20
11579660355052507e-21
0.00020207283538956902
4793707132520192e-20
4541971850832551e-20
3607509758186795e-20
0.000262357506449488
0.00022350388455495782
0.00017878146751609862
0.00026583136613987727
26736257356151116e-21
0.0026240659539845845
0.0005115910336663064
0.0004344576303055909
0.0005638433738526843
0.0006404576917013569
0.00023019514500929576
8781642548499166e-20
6841265136033929e-20
8027747016571172e-20
0.0008274810868386835
0.00028626145235187677
0.00012809905658942413
37839066592019254e-21
0.000248991698327568
22430405778895172e-21
0.0007659321984244134
0.00039044541259293124
0.0006305393651866951
2711490333235363e-20
0.00029432525500390017
0.00010817427935434274
6881336987423175e-20
7235078159678149e-20
0.0005344595272547648
0.001958174501770628
0.00016650001522248742
0.00044409180826088533
0.0008537759954710128
0.00011672285672280623
0.0004096369940914194
0.00012513017397244711
0.0005183868928933595
5260120844095686e-20
7019097762790835e-21
0.00022305462895004977
7731681333889888e-20
7924931330781454e-21
0.0006092406578273696
0.0001313975753491525
0.00015088853935698264
14103048890020017e-21
9401358554022096e-20
7103740732286855e-20
0.0005384295553685861
0.0002776328903442387
0.00019822478034443205
2321761512221073e-20
0.0016215131225997906
0.0008089934525774083
0.00041569590718832137
0.0001582007740527328
0.00018800740660748763
0.0006290162914926046
8330711748763886e-20
0.00040055772518728897
0.0004563551350207037
17535703489648587e-22
0.00025807608799133106
48854934677192675e-22
0.0008345158189677273
0.00017284668010922747
6356442880004218e-20
12473986617054979e-21
0.00032364826387538454
6644228258562489e-21
0.00017730821062291022
0.0012219830646568312
0.0008572056853590462
8805879451002083e-20
0.0021023755501858596
0.00015279978052480187
0.0003185681495247396
0.001761499183035563
0.00027188789992982424
0.0037362815720172566
0.000645007579772561
0.00463461500961269
8540485167168577e-21
0.001718597540221235
56401251134658295e-22
0.0001126634881153479
0.0005423937051070343
3853760221875455e-20
0.0002606476766840474
0.0012778116203298543
9181763211966148e-20
0.000600823036769007
0.0010447636180023357
0.00013488556103920317
0.0025322242975421246
0.0003637083548941402
19983677803711288e-21
0.002553277809669732
19425312643444002e-21
0.003315595199535798
0.009970219517821238
0.00022761917757469432
26723031705396194e-21
0.0006047906886163493
0.0005193875277442505
0.009654285781014672
9917740608568717e-20
3772983096714033e-20
0.0006816539213128554
0.0008245525709461792
0.0014022895823128008
0.0004196078243222423
0.0012147744738334474
551327903836534e-20
8614525868679804e-20
7823413865615243e-20
0.0001870434206885441
0.00016654621904940687
0.0006473951940967476
0.000838216545754137
0.0003076390669437745
0.00040829959434731376
0.0001113233336907251
0.00028654069450604523
0.0005304460002381988
0.008692629128005731
0.00015474280551628137
9222657315535183e-20
0.0007903438469563741
0.0003036459288864458
0.0014945996073168143
0.0008258115813293163
0.00023154541049714625
4504168798741759e-20
0.0002633996320330633
6266404880865068e-20
3328209655558173e-20
0.0012984245498994726
0.0010519737974208976
0.0003228946331765597
0.0007241035457082646
0.00018668559942271914
0.001582719692984421
0.000101257183751698
0.00023332268918020753
8477238498789122e-21
0.0007988833109455227
0.0016101484485820685
0.00010328319417591068
3957559333956842e-20
0.004294071192555968
0.001835935346492119
7718460635711973e-20
9325412301500252e-20
0.0005143181146339805
0.001368040084334707
0.0009478955091780205
2904241134213506e-20
0.0010121263043365212
0.00020794937398574303
0.0009482721813655383
0.00018402439294980456
0.0005138931424908736
0.0006053361999641599
7084986730053082e-20
0.00023947743604907528
0.0003036451213826193
9280031053173691e-20
0.00027232596355499455
0.00011697338111141922
22874756411951007e-21
3615612078002415e-20
14407120836306372e-21
47397932189686776e-22
1855542339083145e-20
46850248662789734e-21
30085429787011387e-21
3585662706639009e-20
4784714068510517e-20
9132467233081869e-21
12133456400328397e-21
6748927964017504e-21
0.00018027935753316184
0.0005873718984302626
6865678035691638e-20
60032755050276836e-21
0.0009662152698129303
3373047156574144e-20
0.00017828470866292545
0.00014657413119378512
8913403613287343e-21
0.0015131826217343878
8457824120685262e-20
19627759248685434e-21
0.00014629311608451817
0.00018872936021190818
0.00021862155336856883
7356040179795358e-21
23467979897767164e-21
0.00026003418644653196
0.0002195351189675699
5117827081384295e-22
38998176036368454e-21
0.0005017795041610041
0.0011729636872342293
0.001100608356908445
0.0004104992765183073
0.00026326627562695855
0.0005418476624890697
0.000928943258082442
9082135659068728e-21
0.00041528077753578236
7131509331762246e-20
8724884255839399e-20
0.00040016212114779413
0.0001563981483062411
0.0011359036037804802
0.0009780097953692557
0.00018765710750505074
7866398759523731e-20
0.00016262757321824193
0.0004950473262481915
0.0001352981747444369
0.0012809068836541235
3960613631940266e-20
9338205619026782e-20
0.0020530791730929295
0.0018634790259961088
0.001385969916902014
0.0004638187454998551
0.00031801503183103395
0.0009996393750174553
0.0005995080387521935
0.0006811074899189044
26170091533949672e-21
0.0003553184520705676
0.0008015428169161135
8175268234058796e-20
0.0022367614800099483
0.0052257579078187014
0.0005886074453628356
5265713970211558e-20
18464008044742808e-21
0.0032532093033408225
3996366401050737e-20
0.0002330024172491632
0.0013864879395033666
0.00033592746813455724
0.00010730942969997346
0.0001644587095171536
0.0009010923226385827
0.0005175935964397706
0.00010737088314444985
0.0012467168725640192
0.00037917762697085925
0.00010230289581968454
0.0003718785941213401
931007033024641e-20
3272891240412408e-20
0.00015079029284779862
0.00018498988482960768
0.00010858786018974864
0.00020006542748679908
0.00020831604387479255
0.0005495124768717758
0.0009603281033302129
14735897643512266e-21
0.00045766336333688605
0.00041593061885715444
10385810757160307e-21
0.00010120862099717015
22566940092489915e-21
0.0005851056040873894
0.00023829438432707527
0.0004408979394172474
3670940707228137e-20
0.002029744833342058
0.00019928720637040512
0.0006671907770867112
0.00033781820033539534
17658144808474716e-22
28027595284337917e-21
74184763511860615e-22
17205741115835553e-21
7583649514110669e-20
13481004027816202e-21
0.0003158139300199433
0.00017323381518560162
0.00013203728628557795
0.00033500721470086615
0.001632303340464429
0.00010617249160361631
0.00029773050409463687
0.0014391731772280722
0.00029562560657739155
0.0007285537036807984
0.00045213675494802695
0.00017412863458587927
0.0001776746220386346
0.00013827860903611622
0.0001799056066795399
0.0011671065247845498
28246817709755275e-21
6421367386455319e-20
0.001813426802181512
5202458997799574e-20
8171141594278853e-20
0.0006678199268148177
0.00016231356857393563
0.001010312671170057
0.00040156630957382253
0.0006477801722319052
0.0003788561832668039
0.0006121842125265245
5918221277831218e-21
583231401356327e-20
0.000534064711160997
0.0018252228501102808
0.0019022956180711078
0.0025926199211155276
75946000142256194e-22
0.0007210536963858385
0.0035306067807103856
0.00242854000008927
7032323946057593e-21
0.0025070812064936247
24651279595879596e-21
6139696216506863e-20
0.00045803732559796694
0.002140228004385123
28619908907865778e-21
0.000916847535546262
7624046630336828e-20
0.00010179525502751442
0.00022443975626654063
0.0006485108615637467
0.0011884049318314986
0.00016390455951103305
0.0034681261257231426
0.002958206945745668
0.0009843089545972154
0.0013427987205207508
0.00011192254178873126
0.0012508943745755821
0.003094435572740383
0.0005937966663270516
0.0005617275693306285
0.00015985532888065264
0.00046165146072818666
0.0012848348883491474
0.00021594927941537113
2060201515198586e-20
0.0010567434289203554
0.0010838062163014233
0.001757981859889257
0.0007115949954143134
0.0013576211385281243
0.0019734156860327485
18700288377781927e-21
0.000600235226389129
0.0004035546368202084
0.0001956078746579672
5796473477543699e-20
7823295384561995e-20
0.0016396554986457964
8100400148298726e-20
0.00023258415925236217
0.0017486369642384957
0.0006483982031680869
0.00037088872616054537
0.0003163648134852548
9740404843995738e-21
0.002508434313242677
1674609502842691e-20
5432705353183821e-20
0.00039680955552181553
0.00023584016096670244
0.0010856570191457322
0.0008064397043126002
0.0009165831706236632
6990577301027409e-20
0.003920003328674533
0.00020858769772560105
0.0001203856896293519
28690907604219287e-21
0.00031076801739961826
0.00015043266096136326
0.00036663169579223884
6464978159852631e-22
17702773878531293e-21
0.002296038936136075
0.0005003236178074221
0.004921014182529
0.0003449749535738086
0.00038963491680442115
0.002007354267499284
0.0001350166993426522
0.0002773980939384781
0.0055678504244476516
0.001211238400825929
0.0023263439711092076
0.002208844972515607
0.0009201000538868236
0.0002110215737188175
0.001227232012912862
0.007740319199307749
0.002589976093488137
0.002182168129686308
0.0002174238641660272
0.008117966255015086
0.0009057655199501132
0.00015224232195524604
0.0003756301874751249
0.0004254275429366002
0.0007097876918577224
4623032502984832e-20
0.00016113948516967562
25011487045028956e-21
12131142185550181e-22
0.0006489417001229935
0.0007430726808686925
12603743187341008e-21
0.0016704470487557894
0.00017442450113618527
0.00022770340235341797
0.00012179569332101892
0.014403775563834579
0.0011030266071435314
39242006702111334e-21
0.0010518720912596371
0.0016104437898767057
0.00050274342893259
0.0018932720798661073
0.0031187551137510164
0.0010210217059889886
0.00033969878896195587
0.0003878103305518009
0.005558104271725173
0.0008407474494191677
0.00022152600678151173
0.00026224879600699906
0.0014637166538644204
0.0030171623462408683
0.00018438487477748282
18634087037513174e-21
0.0004937949576739949
0.004408111936901222
28271635563557554e-21
0.0005439654955628101
6144985227023013e-20
0.00019604056266697643
0.00031019414288026965
0.00011077714012360376
0.00010644316286471637
0.0003148390439376746
0.0004675697749973745
9125067558047807e-20
75079443577657055e-22
11160586860148317e-21
0.00028417532476628814
0.00042312964295232827
0.0009117701087367219
0.0020672971039349484
0.0008819418986813283
0.0015120057389381336
0.0026336773650787147
0.0010772033639166508
0.0007492752828936903
0.00048047099120403897
5104931606872652e-20
0.00021625108751816675
6389675743282593e-20
0.0001375771997409019
6674447130987131e-20
0.00035281339206416705
0.00022148325942399652
0.0002985748996874618
0.00011195422184261145
0.0024336836182510904
0.0023755360649808047
0.0007991997238990988
0.00017915919146362991
0.0008780231343847767
0.001056689999342089
0.0009589458211106556
0.0012841489757010316
0.0007715134206621916
0.001470689698435801
0.00020407010953117356
48326714326602593e-21
0.0037071049699329566
0.0003114402681115747
0.00231658846379638
5567966126203541e-20
0.0005412087858135576
0.0035374663053794175
0.0016138629473531067
0.0008245992250131067
0.007038908044424028
0.0022892672075822715
0.00012329240009116492
7424693337423572e-20
5825006113457727e-20
0.00015039733602813176
0.00030726026336991134
4562921603915617e-20
0.0002748962280796245
0.0001877991334178348
0.0006586781596154866
0.0019464361506751047
0.0013828639688854046
0.000247229923313637
0.00010403945494235847
0.0014592343497572852
0.00502716009696901
0.00010851536489816666
0.0020396150651230812
0.0023795902787646676
0.0009128443178548032
0.000283530077491046
0.00020859634979942463
823085852288435e-19
12190381262153305e-21
0.0001438965834796715
0.002415801567637912
0.00040278406584030266
3409369970288871e-20
0.001176702127311978
6197811193980693e-20
0.0009993937610012645
0.0003396701904884613
0.00038225145240833796
0.0012359508330735643
0.0001678342824451689
7074753098226313e-20
0.001719503451058843
0.00034361498917496373
803592671771732e-19
0.002162680748651537
0.00041595855406180486
0.00030346609959502283
0.0007064264267017052
7336668061566092e-20
0.000107727172439243
0.00020577984940954523
7003178315833352e-20
0.00011740745534260002
0.00018300549999313695
0.004674337977381661
1729333904744885e-20
52793305502922596e-21
0.00030455665532011104
0.0001469567128436099
4663265174722155e-20
0.00015573701332636036
32974910188872324e-21
13209824513078016e-21
0.0025218484797972216
0.00061416967882331
3241758007951822e-20
0.0007592067195479885
4527499797726545e-21
0.0013316492340812133
8952404889349829e-20
0.0008220795753117643
0.005771260575351967
17975069021044824e-21
0.0004732923757399692
0.0017101084887696067
0.00016913655561196322
28864585136154692e-21
8124077851058281e-21
0.0002064288083835302
1917988071087013e-21
6544771909321771e-20
0.00030500051384654413
6962149633265498e-22
3412620690715833e-20
0.0002878145514487946
21121231375290827e-21
0.0008903059755374946
0.00021870653870195123
47637935853166946e-21
0.006257982441022319
0.000635722953460557
50012103284035135e-21
4402126970212518e-21
0.00012420873712094938
992739765620622e-19
0.000373113133482735
674244298317134e-19
6255528499081457e-21
0.0018467782856527778
0.0014065686366473763
0.0017967599172746737
0.0008176119332156551
0.00023837063282489162
23404852165455444e-21
22992730159126733e-21
9272832312539119e-20
6941051403898037e-20
7905156290850567e-21
0.0010132253618268566
8365350882859281e-21
0.00017614076602763003
8093025553498491e-20
14909813842627678e-21
0.00010898703775301245
7957335087545757e-20
8349278181062197e-20
0.0011155531978783956
0.0002925226142570345
0.0010979385026311042
2557098750216741e-21
0.0002938663193467394
0.0008730467081982379
0.0006693863817713927
0.00031641333240136065
9600524004190102e-21
0.0003402162317066782
11942583470039343e-21
2865315192378526e-20
0.0001757936359614266
736428176753303e-19
0.0006071983279816852
0.0004234060789900105
0.0012833688207214984
0.00018930258540294454
0.00030563940171437316
3919445810147026e-21
0.00017380824986920035
0.00012037315205734756
43019440847321426e-21
0.0017942224721266382
0.00017164810193115275
0.0004643587596314247
0.0003769733101681522
0.0001510667336813802
0.00020002465357961573
0.00028048189303103515
4518478763417939e-21
0.00022968748824527444
0.0007007572923274594
23753057928653378e-21
21770927286506383e-21
0.000779095921214052
0.0012254846007444366
0.0001166165851338166
0.00014689547314940298
41791518741657146e-21
0.0006417644690732842
0.0008645030961281631
0.00033271382305124467
973151987065516e-20
0.0010542045757820793
2176266550156882e-20
0.00014694944614141258
0.0007712235148229772
9050309132611092e-21
0.00014501004105340438
0.00019028591414163562
0.001704472931587194
0.0017505109272288413
53796184865378605e-22
679722848812337e-19
0.0001508241540497013
0.000106216923421022
14224811081805273e-21
0.0011686570712684096
0.00020636782951861422
2220477135491019e-20
8843665799806104e-20
0.0022437524634129633
9829079161563664e-20
7004811534161627e-20
0.002679147755662953
3796394934745325e-20
3201738428329707e-20
0.0004982813515101938
11993170969218626e-21
30451617993186752e-21
0.00016070400965267375
0.0007713595091319762
0.0004949022741669123
4175768602215698e-20
7880623436634117e-20
6488945413316507e-21
0.00012790037156889866
0.00041598659247919263
5404168699960322e-20
1965886087959701e-20
8900751427603809e-20
0.0001598111337940257
7074214472703533e-21
2999421133054887e-20
0.00010067015968821576
4063354315803701e-20
1902969928532032e-20
7046074085349765e-21
7314840189966523e-22
