5397547082639637e-21
27826584467630053e-21
40033578166910425e-22
9473010670496923e-21
184224504507485e-19
15198547559983483e-22
5162772885700674e-21
10536266927937594e-21
0.00010787116323620558
13149900379571416e-21
0.0001252357352149737
2759438161927808e-20
10039355289604222e-21
0.00019371016620865666
4118019450914716e-20
0.00015001474581470754
9983028471522809e-20
14854073705752502e-21
0.00032516866333862614
33262711801813706e-21
0.00019504995502739412
25116936410005956e-22
2454306084194003e-21
0.00022086087827112157
0.00019952135114724147
0.00022136524549747338
0.00017360040448422836
3099737713014731e-20
7022973840135178e-20
0.00012358518664696013
0.0005263630599897726
7577706144114478e-20
1854213472141883e-20
1007053962514544e-20
5914403007633994e-20
13935712568184536e-21
0.00022679920091536426
0.0008886524691951543
5309028518694419e-20
6652745629959175e-21
0.00027305713769690433
31446922014202085e-21
203966941429052e-19
0.0004034740271246874
8790805334288111e-20
6397125094502274e-20
20183602468618047e-21
0.000512697763795131
0.00036038930857472536
0.00012463252197585502
25546391794957353e-21
28608653364596204e-22
11198569672127779e-21
674742847769765e-19
0.000166807949661501
0.00010855043805479789
0.00040181617005753624
0.00010294943406431499
4682059094136503e-20
0.0009181073804623145
0.00010997761748799611
26774067142845196e-21
0.00014018379296191154
8042316930304474e-20
0.00020547143069512536
0.0003934658450397971
9760853334749394e-20
13003310580421592e-21
40750880100263644e-21
20008874483272476e-21
0.000309910540044812
4278954469811368e-20
7203894846191875e-20
9604043755574284e-20
6283534209527313e-20
26132100022488034e-21
3548346159453075e-20
0.0002557489839895002
0.0001086770843726852
7741356855685989e-20
0.0001471480815690844
7867383932220893e-21
32190780997023606e-21
7636833025861018e-20
546634210855626e-19
0.00018645868298669194
2167514224285625e-21
0.0001638958270912918
0.00013175525245886252
36642894265498735e-21
4013901813715776e-20
0.0001232422436042633
6672451425534626e-21
0.00010867118206592758
4527625803237437e-20
0.0002316642875666013
0.00025458444068797724
660285224783453e-19
0.0001255058727745785
7383055743322488e-20
0.00018367029041403503
0.0005911135104001773
0.0007892351361820128
38407855921123196e-21
0.00013347326103242568
3880774612272057e-20
0.00021215738841971445
0.0001816931124461817
26583235522991697e-21
0.00010805930085576641
0.00031329754659755284
5543153017868388e-20
9476556811224723e-20
0.00044397782603820655
2089655896569659e-21
0.00020199044209773964
320465310477965e-19
0.00033421041414541576
7297432740652679e-20
21864682599275073e-21
24799441638732604e-21
3819159302236007e-20
0.0001585800615750749
0.000560850533330347
4857865007490543e-21
8322569388953547e-20
0.0004196116722985879
7893539348225259e-20
0.0003483389192785312
0.0001432334705705229
0.0006044496715097474
0.0013299084956245155
50263747742349724e-21
0.0001602552560695411
0.00010331051800619553
3777845360167713e-20
0.0002464245354965593
8268350882281675e-20
0.00013466653240572907
1488500870214429e-20
0.0002392753734725626
0.00013784382780739234
24015290201104388e-21
0.0001258642441176186
0.0003295895766235796
5213442776345872e-20
0.00022511358204880172
0.00020669756472944812
0.0001685138583764053
0.00019035247370822135
0.00011513982800432047
0.00035469554312050666
0.0002641457674167893
4606785981056889e-20
8447724341328627e-21
0.00019954622810950924
2484501456092497e-21
0.0003889600808667747
5044846140272325e-20
8549823667551386e-20
0.00010940633103441165
0.0005017293333316071
0.00017882335700730506
22144870149375165e-21
0.00014099922639186605
0.00019906245254075353
5237595613887781e-20
0.0003840851127142271
0.0006197363899349595
3509100734190105e-20
0.0004355751057745405
4966186848306296e-20
0.00013654910337783212
0.0013409646826626253
0.00013196594683289573
0.000328105379651133
15007909928808866e-21
347945050139117e-19
0.0004890061629506668
0.00021062738963851542
5231537108009496e-21
0.0002229369926953835
0.0005669465847016549
15184465760360007e-22
12765616938600438e-21
8430806383814127e-20
57902513670255605e-21
0.0001747819341013714
0.0005231124622072525
0.0002179139917463537
2587733061397445e-20
0.00012091876743689902
3560156933109337e-20
0.00012512696191998486
69706658525086e-18
7248557816082922e-20
8403107632495677e-20
0.00044954817266798107
0.0001937422610079046
0.0007071326546217535
1227571695231067e-20
0.00014305559130495618
0.00043566482435210616
38505771103696376e-21
3830144033612621e-20
2975501543895511e-20
22693300546204793e-21
0.0017285178509205959
0.0011324723562902497
3487657830143208e-21
0.00014988451109268212
27096445319366207e-21
4526059164749641e-20
0.00014334462960775574
0.00014918483703464465
0.00029591424100315215
27418346268698255e-21
0.00010975294194177179
0.00010652498733380812
0.00019964220340992173
6097620427546478e-20
0.0003175369832610254
13494174457645433e-21
0.00037773589330840216
762978314028518e-19
57913837451125806e-21
0.0003125704370372441
0.0005393518168618484
4889706271581069e-20
5986134385601318e-20
0.0011547402381053777
0.0006777910044972868
665620801550557e-19
4231741420108608e-21
0.0011272772456409495
0.0003229387863452909
0.0004067646675023016
10134502779210184e-21
8342344381499467e-21
0.000851911423575582
0.00022316195575054383
0.0005286326826004167
0.00024108418377302308
0.0006381944733106569
4135403289867017e-20
3295968106088877e-20
0.00012110203717952163
7587832281250123e-21
217023373606619e-19
6156331118473909e-20
4944610533915892e-20
19061065139491987e-22
0.00011155311890775625
9323910426071795e-21
687380064553266e-19
6446386803728495e-20
8510883819715042e-21
0.00015110845881125204
16943176360148934e-21
6644867726466504e-21
888815138056771e-19
9386097454728997e-20
0.00012400776036168736
3593696850354651e-20
0.0001218789648109939
5755446190241786e-20
7910614229201923e-20
0.0001066984778033663
25313635536357386e-21
691388260082132e-19
5115479705428196e-21
0.0002882727818977933
3044956748827276e-20
846808381845134e-19
14362561223225317e-21
35062079713736133e-22
0.000286774774699287
5537593664965369e-20
0.00012493660194784804
0.000957229211084705
7071564859225392e-20
0.00032043132378086435
0.00017115151951438719
5183583014648877e-20
5090361085102447e-20
6513723303903621e-21
18834521689921917e-21
0.00045506396221492906
16050291658684434e-21
0.000735456788402834
0.0006440524294670254
6349432522522191e-20
8802899939560088e-21
0.00010711921673608939
0.00011401020760481294
0.00019999363429378596
8823720469631322e-20
0.000494185784825463
0.00012002648807507213
6383515730213681e-20
0.00012694498182693893
2269680067673127e-20
0.0004334875492996278
52539862780741144e-21
6478658198315203e-21
5120813904925112e-20
0.00010377282405620928
24830229830900243e-21
0.0005594788993952801
0.00045810301963551773
0.00016387660348238006
0.0002772337077322538
0.00048267416702981277
1643385078904496e-20
0.00030986522864825597
18466558817209018e-21
2429071945612773e-20
0.00012574927355693075
0.00014587987099752995
0.00023876573385758085
0.0002375421633939578
16697057213470645e-21
9554643061511103e-20
0.0005334787450106635
0.0001305958393084999
8731134720005076e-20
48135805884441996e-21
0.0003399365390625387
202905010068799e-19
0.00022894124885624524
3080072765763882e-20
0.00010655701486733087
5199791188830804e-20
2495403918947047e-20
0.000220039310082109
0.00012082566554458798
0.00012216208859115043
0.00044694069244845567
0.0001490669083879851
0.0013435910414520084
0.00017754771204217415
0.0003727030526148831
46189155858302665e-23
5293255763285146e-22
0.00017553289617003385
0.0003626123430883275
5425221981861819e-20
0.001373753744631957
0.0008941366950769568
0.00031642188413032326
23962625729834167e-21
0.0005140400952019904
0.00018056443917294224
3562397856770678e-20
0.00017914924980291514
0.0004511654035535034
0.0002258882324796271
0.00015958784376790409
0.0002319532351131598
19077240523878104e-21
9033209746426703e-20
0.00018106039140028507
0.0007525371349132657
3563826765471632e-20
7762884648174968e-20
0.00022600967326689403
0.0001744303984371171
0.0005683640802811283
3961207868397721e-20
0.000125357163516526
0.00035670885626070347
0.0007760117026069649
0.0004370759404872999
9575483491529519e-20
0.000570012642166891
0.0007704389080214352
53171001739677876e-21
0.00025917773501200555
6935225595790275e-21
0.00035535644498258147
0.0002028131887189327
0.00024068559649759394
0.0001329780495671085
0.0003753936544610934
3955654495226644e-20
3065295365838391e-20
0.00020289239134435412
749741112408346e-19
0.00012065453463856736
0.0005621145230190895
0.00029915104826576367
27462803971010465e-21
0.00036063816324184657
0.0005047918686351174
0.0001904492915477788
1273189172775511e-20
0.00036264601698843057
0.0003439915048987745
0.00022133538678659764
0.0008656902560944885
0.0005336798689403818
0.00011792098232077256
0.00014787958900354452
5194491283210643e-20
14934363598398393e-22
0.0020260220152915386
0.0002129536261756557
0.0002126632697074556
0.00012949636930611162
6555530728744056e-20
0.00036028515071866206
0.0006250178393397356
0.0003974752494845972
7933077965283544e-20
41495533585863185e-21
0.00016953680890178518
0.0002645232279833202
5174616060212424e-20
0.00019842002126228844
0.00015970803515298596
0.0009402747424041058
0.00025753808036492015
5406908029101513e-20
0.00014033030056681258
9061162249866279e-22
0.0002537358530863391
1621798518636224e-20
0.0007026357657390084
0.0001449463208087445
0.0003891790085696837
781924577864845e-19
0.0001890441104253271
463866128155729e-19
0.00018492923433063648
4172248981526531e-20
8740699124861375e-20
27908759404337165e-21
37795412744582225e-21
0.00020069215113322546
0.0001594914414263055
0.0004596574253164239
0.00041810614094881855
0.0005225532054029865
0.000336327307446959
0.0002066861013102705
0.00010299642391554895
9938419845392648e-20
0.0002972537472275808
9604272703036957e-20
0.00011250466125901916
0.001519862078265837
0.00013888946926076076
0.0007038015894634301
8133724712910926e-20
3211195656639279e-20
0.00013509575794129301
0.00018529987132465632
0.0005558246547059348
0.0003717727884051391
0.0003301438175600791
3975149178801751e-20
0.0006459591837179514
0.0003725170514012639
0.00015964521900004982
8388697283532975e-20
0.0003384103784362899
0.00042031406108607703
0.00015158271006513878
6513042917416904e-20
15948367756433176e-21
0.0002209974040119374
0.0012166965053505819
0.0002046989982137824
0.00036329772415166414
0.0006475011427828408
6228074404329554e-20
68557388928116044e-22
-2108499453501343e-22
0.00023403281045893812
0.00042480072200996996
0.000510104668381292
7534270659899429e-20
0.0007469925377442958
0.00015397403792871922
0.00023182111301618392
0.00013844295625821615
0.00036434830002164627
0.00010208852732788693
9799434388833146e-20
9361459817623703e-20
17205935055952913e-21
0.00016174893486921513
0.0001264910887658665
0.0006132754679410059
4583045166200192e-20
28106641896060876e-21
0.00015018962657345716
0.0004916314434404996
0.001922625926029473
842203550101391e-19
0.0002703514900172215
0.0001545495106457973
0.0015884804953372874
0.0004222550472950771
0.00035400849670536987
17907727731838007e-21
0.00030925148569585454
0.0002545123493756206
5404367356979942e-20
0.00012011982583133106
7832873631469781e-20
0.0007307822020315388
0.00041915310551230903
0.00024210652362983943
0.0014906995715499556
0.00023029225484995315
0.00021860229708177463
0.00041796408494535137
0.00017920048262908515
0.0003504883486292861
0.0012608412336925928
0.00018190717548821698
0.00014983880108062028
0.0001818292636414766
0.00019619689016934396
7001134926002508e-20
0.0006105422013245669
0.00016624232248479452
8355935155063634e-20
0.0006477666376869346
34644507668069064e-21
7198695132312528e-20
0.0014491977225637726
0.00022383097084079171
0.00032068781879594484
23891285136711177e-21
0.00015998638296867073
0.0005733073541988214
0.0019870309227983107
15764633943183125e-21
8683100158764509e-20
16048620618398743e-21
24599432472961403e-21
0.00026374103383884054
0.0005667008302119085
0.00014217882585251628
42611047328058345e-22
0.00011611372270138113
5624239658259205e-21
24065609574959087e-21
1778704595904607e-20
0.0007570183034000379
3803913850916915e-20
58423667285206e-19
6489804349641837e-20
0.0001551901534885883
0.0002645603998159828
6257213671924723e-20
1382309301279676e-20
0.0001483623630554154
0.00021419409559359238
57164996426173814e-21
0.00018198135997766804
0.0004932122780723373
0.00026032571488462816
0.000268591949371815
5156692143903592e-20
3040585174638529e-21
0.0006971580207508986
0.0008375052570552424
39172550520747347e-21
0.00029631565748559316
3363524795733916e-20
0.00011197270135972891
0.00017384019523209517
0.00014733431578854405
12742515427279382e-21
0.00013926396362196134
0.00025254594227044056
337806050399425e-20
25487224631814244e-22
28865860582424882e-22
13275990535607932e-21
8276517157159468e-20
0.00015871366679202776
0.0001941887983426664
11011325726970983e-22
0.0005870915857759006
0.00019246657787154936
0.00014277076425180243
52829608753519136e-21
0.00010409195531596307
0.00011011362885829754
0.0002756240552781826
934214247457779e-19
17392047219568122e-21
0.00015609959810438564
1580870992660172e-20
25479870033688677e-21
41142054589701395e-22
6192033390523779e-21
0.00022448994902430415
14197065315432314e-21
0.00013594765858460735
0.0003581017026816177
0.00023893369750664729
20918213321526095e-21
28038793148155306e-21
0.00017216831613786182
0.0003614664842547715
0.000818805837842264
7689316443886356e-20
0.00010421924324376381
7074698665027915e-20
5503884829780957e-20
55786134403334413e-21
0.00022337461270642944
0.0005958252413319659
0.00023916754953395728
0.0002963718712630053
0.00027260459174219406
0.0002582078101978754
0.000434805714311102
0.00011178143404515337
0.000212332770823735
0.00013052441359512354
0.0006741003974685383
4079620915067223e-21
5566036053318255e-20
43469651551747525e-21
0.00010539592995222835
0.0002365211377668618
0.00015670799004391742
46393802825803146e-21
0.0002671771091598577
59990093807967145e-21
0.00013812202014471908
0.00023722407901697058
0.0002565921055564682
24116676038018193e-21
638038652694256e-19
0.000126854856082439
42820295899788247e-21
0.0003550683412265551
7890340973996662e-20
8545283621158738e-20
12417963938141015e-21
0.00020629340639116358
0.0007731718824680324
0.0008813092396158333
0.0004474690826899429
0.0002829293786995452
5065261994801665e-21
10425304432441261e-21
0.00026287833512065104
0.0005054897162230837
0.00015208719804448229
0.0006324765824034124
0.0001940075960813281
0.0007551762291028936
0.0005510467958089743
0.00013855877140577232
0.0002856418777668472
0.00015610739607772365
0.00031058385656894714
6165389975820635e-20
10086393188374528e-21
4150662305038983e-20
5140419638356337e-21
6250946435535767e-20
0.0002982161418552215
0.0003815668761202175
0.0006168568567398617
5035815774250405e-20
0.00035409958866401345
0.0003361899835932311
0.00024030743675154806
49430142480237386e-21
15558093923882702e-21
5843728254555245e-20
0.0006591643598726119
0.00040360808381693675
0.0004975890323803804
4477686958868072e-20
0.0002200823159474328
0.00022979109647330387
0.00011535519196077938
6640414579868618e-20
0.0008071537926428364
0.0005031305719038229
0.002249236927211426
9931976851571854e-20
0.00042148048155675206
0.0003487359815473799
8973883755257318e-20
4676581586162984e-20
0.00023551870878229543
0.0007295924071843905
0.00012884148808981556
0.0002804397853119274
0.00036110664586349483
27296894123342186e-23
0.00027405108113830537
940142704093287e-19
6106571145717461e-20
30062076385975495e-21
0.0004989151405207581
6228674527942046e-20
0.0002396549026689437
3425823158831235e-20
3053458669456346e-20
5677430528748414e-20
2690547584849871e-20
0.00011546116314013519
0.0001201377394400791
0.00032163572577355537
1967785264512157e-20
0.00036653890836630277
0.0007819483679150731
0.0004114185177877642
0.00044696625802521396
0.0004969495820572737
0.00020526947889184833
0.0010436407132162302
0.00027059952541823334
0.00011727374184256049
0.0013694798660986362
0.002173699567374846
0.0004717152128022378
0.00018258217953011184
13143726159825715e-22
0.00012678314654409717
0.00015301551727138146
0.00010286980245102923
0.0005578107449058896
12575390581791606e-21
0.00046974185970702185
0.00010376896024675567
0.00017802599539648448
7693798993717705e-21
7439203767955295e-20
0.0001842337993797304
8191920358052703e-20
0.00012698851101859842
0.00028360713781027194
2382401530542911e-21
3950590665930181e-20
0.0001916730488964632
0.00012762723293075864
0.0002512904449805208
500919718903441e-19
0.0002651911356359139
9804685410524155e-20
9425072496079956e-20
3727060648925224e-20
0.0005502812200001236
0.000266754075646696
0.00011795055739524172
0.0006375831501090099
9113550921483368e-20
0.0001596012294880784
6748463718579145e-20
55667172747230604e-21
5656871881444096e-20
0.00013766468592351177
0.0025252115680543972
0.0008562092360134352
0.0006932534034686192
0.0003221376266792464
0.00016207727743303347
0.0001658968226961881
0.00026663094660523925
35781553529830494e-21
0.00017298787388784657
0.0008438112049566158
0.0001448799824607986
611297485340066e-19
1699320393730947e-20
0.0003157107819323234
0.0001522447941568216
0.00016155970473394723
0.00015091506918354206
0.00010084123137041582
0.0006599915723726574
0.00041316051815021336
8625594644394976e-20
0.00021879408906424133
0.00025766040748271526
0.00013503830316825187
6495667944260186e-20
0.0001733364426752705
0.00016570850664437433
761771380256614e-20
11363648232330804e-21
0.00018757205136537845
0.00016535193497774816
0.00042006104913745637
0.0003053509033289048
0.001201197554775063
0.0005845729821274421
0.0011571307482509425
1320853953195798e-20
28835499171911028e-21
8204276680413811e-20
0.00015672540035585028
0.0009268248450537402
0.0010211720401103188
0.00048431434198876127
0.0007785382109950666
6994698434299127e-20
0.0008995812349249111
0.0035066293279945714
0.0014945148172097605
0.00012325999165139687
0.00016521067004569558
0.0003688573283236159
0.000690689268378975
0.0003709467669271171
0.00036039729121439416
0.00022462749993780172
0.00031140400403725424
773253939765079e-19
0.001205272094946537
0.00030829491115235677
25894536274121288e-21
0.00036429843030672356
4827393347285133e-20
22491102865510427e-21
4314426999672197e-20
0.00020009241798882405
14026783027981443e-21
8935911791872014e-20
0.00011927828435816759
0.0002524186200039698
8189638279729822e-20
0.0002588549601290061
17327900268119478e-21
4740026307875809e-20
0.0001633080645846526
3662732193965143e-20
16880092751873826e-21
9807442092397329e-21
20368571903936306e-21
4969766313337889e-20
23952538563536114e-21
0.0001850620203960772
3622776809590096e-20
0.00023723465755215906
0.00022011803239469494
6461356814177333e-20
0.00042511856671442874
0.0005424069802834945
0.00028444653222779693
0.0003742685642719143
0.0003779454228119801
0.0006771484860085599
0.0006059130948795437
1376592789855985e-20
13816387615503647e-21
812409920163882e-19
0.00018473466147616717
12693210219110723e-21
0.00021335258130952318
0.0004031262368232858
0.00014157114392072243
8612940662123488e-20
0.0002206566799166127
0.00027836022171609845
0.0010042610048519244
27811479062874997e-21
0.00029963236348429614
442791554727495e-19
4581189612550296e-21
0.00020387368610105783
32535788671583796e-21
5442363717920152e-20
553972414504762e-19
0.00034876689515078284
17838019794300457e-21
4873000680691998e-20
11617733056335703e-21
17764750254987356e-21
0.00012302634115419426
4604348862874935e-20
8252519680948741e-20
5335379842085364e-20
0.00020490381650499866
0.0001605605866895407
27903692793877337e-21
0.0006964647543408359
4126720598465667e-20
495375168654467e-19
5704650358891463e-20
9963323374202927e-20
0.00018842137939159302
0.0003945321639407776
2247892800352068e-20
0.0003041644354375785
5370363754722127e-21
-5466230473614351e-22
6949354132346178e-20
23515719158887197e-21
0.0003312089656075705
0.0005333151368512385
17629642978244378e-21
0.00013325570653260438
0.000550781711391164
0.0001435018775687613
7044365999277233e-21
0.0001183183810854922
0.00017978209313444077
3056338887153233e-20
1843275167977559e-20
0.00022985203084028162
0.00011583498518326466
35417455375252165e-21
0.0001062309912507858
0.0005188427297415245
0.0001960468026795646
11460977733599977e-22
8010252687144595e-20
0.00022129141396993283
0.00046443640728117556
0.00021587103802817506
0.00016716292200487427
5682165095383371e-20
0.0002684379719702988
0.00012301640886687332
0.00029103347396368563
0.0001523897318993681
0.00026689537623198796
0.00024649342458736437
0.00010085121400330463
0.000541482970003661
6491777033769491e-20
0.0002711356062148049
0.00021513679867679665
0.0002311727959680022
12063576040757491e-21
2946528020575978e-20
0.0005823424744406517
0.00019933276238569273
6373752328370679e-21
0.00033299933036904993
6799372815519252e-21
15810863776912785e-21
38034826635030163e-21
16542117071936914e-21
0.00010476101520446725
14088614848002145e-21
15344217472193941e-22
4655983740090371e-21
0.0004092970912926344
10755519740170492e-21
0.00012903216600744068
0.00014666138919409928
0.00011255504773020532
0.0006394584170823646
0.0008084026303592659
5512982138159522e-20
0.0002664903483551962
489544832142791e-20
0.0018317003156377966
9199911949468781e-20
0.0005371197311981265
0.0003559913601602058
0.0007153178377602112
0.0003340052853909839
40325415177073145e-21
4972463659020904e-20
10910597068930466e-21
0.0002944365245864398
8453606371133981e-20
0.00014363270339593116
4336654271230856e-20
7866658002340728e-20
19041417364115286e-21
0.0003751440786598792
0.000202307898015101
703533299753168e-19
22766939858117196e-22
10600738506336445e-21
0.0005199338468085438
0.00025169191614270246
8081017520640359e-20
6912146371844383e-20
0.00012335949212618957
0.00020480998943450337
62868611861913375e-22
2214556352859993e-21
0.0002225178918699182
30166069173844352e-21
0.00010439378351744166
0.00010302568785711028
6940850979301189e-20
8355535363185685e-21
0.0003607253442161337
10802004579975001e-21
0.0002847418376997314
0.00044945929720299613
0.0003568109466121846
0.00011733515372509258
4386444333196047e-21
0.00016110972109184058
0.00020974883471516114
0.00024787837308292625
0.00020899783999895214
0.00014216981927953052
0.0009666403754372739
0.00014169554547459093
0.00043461651907914813
4602925986057435e-20
0.00027622388282592627
0.00038458879147643197
0.00035475728496213676
293523185606382e-19
0.00037117146792595336
4719984745176068e-20
0.0007656534995761329
29982908643161874e-21
0.0003371442460064979
5435529473420188e-20
7145265506455676e-20
6611470035740081e-20
8132684990728795e-20
4018467339342577e-20
0.00046962805794912053
0.0004963259593686776
3640423378362627e-20
14122752607246883e-21
0.00010216171414595457
39417915270084385e-22
34743244334862197e-22
0.0006519997329107192
7849021167083403e-20
0.00024000986127599078
0.00047819251573789727
14823430027625737e-21
9825497334849981e-20
17835510281350186e-21
5685981472914937e-20
6217948246385901e-20
8026578699906889e-20
4725441893503972e-20
6299700928733608e-20
8799504744921766e-20
0.0001810749193344953
6044211170770044e-20
0.00017748435905956588
7836648188054557e-20
19260132475310983e-21
4212053898389237e-20
51281880894124116e-21
0.0005911505271888876
0.00021434316027192803
56053047134238326e-21
0.000572463599833043
0.00013524789143052284
0.0001861950846291182
4623061470029915e-20
5109638275706779e-20
28667073113026e-18
0.0009454879650188644
0.0006422690594194204
0.00020441314180473042
0.0005602727867614485
0.001131716766920407
0.00047597388316874254
28173094102851877e-21
8194852343658096e-21
0.0006809468933774998
5835862192661525e-20
0.00019704148005229868
8326616537175119e-20
0.0002837479535633628
5593886133879774e-20
0.002736869381709827
0.00036410357998949367
18143099370941782e-21
0.0007349261443439836
2149953494249843e-20
0.00014492276140419067
0.00016650402308397705
34581171660886723e-22
3527464298206136e-20
2942760078512719e-20
0.00021029591711735254
0.0006095919572427542
23260071465478393e-21
0.0002532211474256
8274181099257019e-20
0.0001317968543974032
0.000564708253224982
0.0005758446926876047
0.00012347885967181718
0.0005622031510414358
0.0008652671758591818
7128970648237441e-20
7938151529541372e-20
4253619434772725e-20
0.0001196257304896395
7403941272961553e-20
67447600896869655e-22
823416224288594e-19
0.0016699452928784551
0.0007092057506469723
0.0006091057074483372
3646205242235995e-20
0.0005650518769786631
6041320675163353e-22
0.0007202144073342881
0.002037831189508718
0.000425495181584902
0.00041832794205615663
0.0003330128110274648
12087129222685986e-21
0.00011168961960435272
684945010786208e-19
0.0007081545602122733
0.0002535050696147078
5438892617957473e-20
0.0003429423548481282
0.00014066759176430572
13606177391245749e-21
0.0001114785336122106
0.0009351064581057666
0.0003183741555580454
0.00011158765875192402
0.00021826414201992414
50727331763129315e-21
0.00019969099222890866
56855616910294245e-22
0.00030841160743248417
0.0003014583183514668
0.0003707976316090777
751004569257961e-19
0.0005183526736277626
0.0005232385059486806
5032587453978796e-20
0.00018737379581880355
0.0002721275711463769
29020676404367284e-21
0.00024700644545602176
14215314504485995e-21
0.0024550549585771885
0.00017209276939144253
0.00028943782985292913
0.00014441745819571565
4558110747283316e-20
31424466712995124e-21
0.00045353402531350716
0.0003169818093427605
0.00030957565256604225
7742240986591317e-20
37917635466223346e-21
0.001066957734625886
0.00047434298257862593
0.0007564126029394303
0.00014990323173109935
0.00011289290243527048
0.0009787612313610415
0.0005227618411558504
7224269240107916e-20
4637173954864824e-20
0.001519981734627535
0.00022322176324394784
0.0003281693726524239
0.00036890833657511287
0.00011864809757398918
22915172907158233e-21
0.00012518752444884806
0.0001802054850701108
0.00012084675308059935
0.0005636896662479181
0.0002121070750241222
5457079209029297e-20
55918056845542714e-21
8708310565550734e-20
0.00026275202823749263
18011245767383252e-21
0.0011102116370687268
6698016529740594e-20
0.00011729935318377304
0.000391494597137013
39360083440379656e-21
0.0003170223180985518
0.00018405947800659398
0.00031994539456431273
0.00015656002136244266
0.00014021213298252437
0.00016020117882903451
8314880920166726e-20
0.00030172082436479063
0.0002673995725002074
0.00038916217578096305
0.00019554724636380923
0.0006955286679437414
0.0001947587489382753
739208933178223e-19
7318772701648644e-20
2429889715935311e-20
12291007555077106e-21
24090439894243706e-21
39132122515959975e-22
0.0005002681596829239
0.00024573764466760906
0.0008808342837918603
4508107758873519e-20
0.00017160018873057815
669688469780326e-19
0.00013051493471031583
0.0004608949211829208
0.0008534155563317975
0.00023831175944396936
59021708218802996e-21
0.00033076344975356
0.0009467390214561295
0.0008179983903126943
0.00026980004417520765
0.0002896875899558302
10483203846490236e-21
0.0015046363449247955
19635239238266083e-21
0.00018494700417273033
0.0007708251804494201
5614901558869962e-20
7229917307380548e-20
0.0002517890384237875
3928403012705694e-20
5663395250188574e-20
0.0010793108122001138
0.00032978016018591066
0.0011150843949827188
0.00010350401941938928
0.00013046927227545696
4879738173860175e-20
0.0006900209761767418
0.00039135105164769216
0.0007491707297793964
0.0001371492292130129
0.0002002401135057906
5223808802899612e-20
9991593318172447e-20
0.00012965481246757823
23347037649538254e-21
9088292093313222e-22
7355438655065247e-20
0.0004169130966598674
9779393081129999e-20
8941473417852358e-21
0.0001138601230237845
2131710139466578e-20
0.00011108944763779214
0.00013349919892973345
0.00014432337407448257
28569679103029464e-21
0.0007495191724419959
0.0005623053622484987
9808811233060775e-20
0.00023348102790419754
8558486154719424e-20
5827678810587598e-20
0.0006601964125515971
0.00041712828173335746
0.0003093317950311766
22234003742051134e-21
0.0010251208494614652
0.00014014896540735517
0.00020311045735281773
0.0002226475748646967
8387022005676935e-21
0.00011500282843363737
0.0009933207445181093
11837980635877841e-21
0.00011993589390044616
0.0002683454217729872
3781754264581018e-20
0.0005938064147513388
0.0005244575267533728
0.00011959897666125656
0.0004137564554350324
0.000608701880271723
0.0013430766435945662
0.0007019776267056832
35049418085789326e-21
55917591261728346e-21
0.00025665446482360857
8797137323760741e-20
0.00019116380244990438
0.0002483223135740419
0.00042531573750956644
0.0003167377403042223
0.0001571954381689856
0.0010349089255278423
0.0006804922795430525
8432545359230234e-20
0.0005668011258462139
0.00012853422994343853
0.0006018060148997141
0.00010542894684313956
45517163344563635e-21
0.0002547093351440535
25077673808696556e-21
0.00047663357991600727
0.0004927150621505372
9522496255641787e-20
34780171599582823e-22
2296844520020915e-20
0.0008559343530882659
0.0004904297050911949
1680618488467716e-20
8547333114666091e-20
0.0001929422483660751
20369445633105495e-21
0.0001358045247883193
8364607705123481e-20
0.00011841160668717365
0.0019300326960379256
0.00047330064890317367
0.0002314446850589937
0.00029047262314207213
0.0002538874585681653
0.00019768699525056572
0.00011007995753733016
3150524635962245e-20
0.00013666175593980102
0.001211489291438057
0.00020164006190642495
723694219209679e-19
0.00024173885882012292
0.00024530890542868067
0.00012314681373589657
0.0004867991361479108
21290782205559385e-22
0.0003405580164318824
5638855166667073e-20
0.0023888493093114495
0.0004718293791264244
6468657987329136e-20
0.00044651603036745523
581830128323346e-19
4855832159909035e-21
0.00010799824609175048
0.00030064504523727095
0.0010382460360738237
0.00016727620941879237
0.0013660813090456553
0.00012764735267501416
0.00021864899914615651
8131289563849066e-20
0.0013666954763777522
5351919217066151e-20
1255868609377097e-21
0.0003235212618002824
0.0004771258071570118
0.00015741698698712344
0.00016219911544142513
6175299889547076e-20
22023518915367503e-22
989652185659688e-20
6635549629630688e-20
0.00028356980858770825
0.00021662478313830855
1026135586741285e-21
0.0001236459861822018
0.0018200252941861202
0.0017553525495204736
0.0006403819982200221
0.0005973102595752055
0.00018796001325064118
1698799079082421e-20
0.0001641898453535957
0.00030753205337065583
4123116896882082e-20
0.00011745024016849942
0.002791402187682122
0.0002460154999406632
0.00012400149205090511
6376727574860173e-20
24398551658424697e-21
7702294492737203e-20
7485418573413349e-20
0.0008254704006019834
22010607958743313e-21
5144058769673707e-21
0.00030360383428860093
0.00012218539185407411
0.0027822804048985004
0.00010424932625244297
0.0005816199311061728
3501073035834452e-20
0.00025941314125422403
0.0004878044412545976
911324438529721e-20
0.00020396978603450335
0.00045429932136508794
0.00011969012199183429
0.00021441996377049636
0.0003155048282616495
0.00023860223518883507
0.00016983166213521236
0.003253904655102109
7745416864905525e-21
889314746380905e-20
0.00029258485120551816
0.00015171218805063607
6730632447134578e-20
5991337446036831e-20
0.00028911876176170416
0.00010489327789771486
0.0010941996910656946
0.00010442079835185598
6884306893052134e-20
859481732332124e-19
0.00020017170427013057
0.0004955503211107596
0.0005374664574070551
22157242139044155e-21
0.0004982551394832681
0.0008754288828545623
0.00021329798292214847
0.0001448161441182153
27950340050453793e-22
0.00012321395894691154
0.0001504359133481359
0.00040709515498842
0.00032491568651652934
0.00047801131176921323
0.00010760867417334431
7314584397216626e-20
0.00019344138316942686
0.0006643810632721995
0.0005649472600064139
9391729533909013e-21
37846272220746314e-21
0.00017521699441435174
0.0003549076327979479
0.0001918736626247305
0.00011187569789672393
0.0007747697212986407
0.0001548816435449086
0.00027923191941978787
7337863498632658e-20
0.0002532854945439056
0.0009002781363381269
4451749700436965e-20
0.0001902796050260189
0.00019553357143222723
4553504915160677e-20
0.0030094242390206194
20024830354485515e-21
0.00042127752062922323
0.0004875976236885819
21171952953257664e-21
10725071374221246e-21
0.00034033079064421835
0.0011943965919007991
6874395645657475e-20
5706601681981817e-20
0.00043388738424103064
0.001875145944189645
0.00040123901418061687
23698831576791685e-21
0.00029051527996029196
0.0002864582369341356
9469680642881248e-20
0.0008442553306219064
0.00026813095095176053
0.00016011234920602934
0.0008433667242471987
9087497687525785e-21
0.0005770657640886004
0.0009425116977002842
1141065276769879e-20
0.00017049000244147755
0.0007636413641469992
0.0005273452416163472
0.0009339181575279753
41481475993562394e-21
0.00015381854673483515
0.00021563376488501328
4246639410177907e-20
0.0008697871014434157
817210650256895e-19
0.000637809193153669
0.00020265974000576874
0.00020119741365375016
0.004025115636669657
0.0004220662979637054
0.0009013819785191919
63721328424509255e-22
0.00017623108660586115
0.0010492259244455503
0.00010278108345702553
0.0017072835831911006
0.0024686745179629656
0.0007774143528835748
0.00025243051886904576
0.00023162862343916436
0.00028112027269310203
0.0005280687290807515
-3633038970671978e-22
424838830208471e-19
4350628660459354e-20
0.001617455078654359
0.00010674649248576491
24115749260837878e-21
0.0001427566880192212
0.0017278502404005785
8588668805487323e-21
0.00010259185870910233
0.00013575779416519318
0.0002497552727642633
0.000795246730837799
587481985938395e-19
0.00024789784514937774
0.0003725943842873267
0.00011030584332223792
0.00020738961525848453
0.0001481256204644298
0.0009285735539847275
0.00045595132584966
0.0004521894968936673
1592247804133389e-20
9240182674353676e-20
4330483345295082e-20
465175070107369e-20
0.00012327193430489866
0.0005906192769155804
0.0006497810679956381
0.0003270590199470035
26153328394177986e-21
1944279758670669e-20
0.0002985286489257937
19320937358099268e-23
0.00021098829641559452
896207614945487e-20
4249491851643907e-21
0.0003567134853690938
0.00023137814966240147
289211977421417e-19
0.00012676104575909817
0.00025484985707060917
0.00039683789239609553
8733743004433938e-20
0.00011702738298592577
0.0004860440467406067
27522085377569582e-22
0.0001607277222097341
37444616860309e-18
0.00014216910762578937
0.0006862070645813897
0.0005014324873194684
4604024085973568e-20
0.0006036034826807451
0.0006269489958501399
33417994840275706e-21
0.0007336407014570388
0.0006278296413562367
0.0001793677252266668
0.0003350178639438012
7468903162248992e-20
0.00027249815432190235
0.001952881856981638
0.001082546132563565
0.000330899007031244
5537423544265781e-20
0.0004257653122703647
0.00032719457387479843
1171785860931901e-20
0.000292382225789161
0.00018813192927305753
0.00016505134038239313
0.0006679076401140242
0.00014776402923895155
0.00013298820940899818
0.00010882373535565107
28439687780716562e-21
7905632925840337e-21
0.0007272379096903932
0.00019186132274524726
0.0006853868410950754
0.00042026324367574433
0.00036588469600298763
0.0005251479649558397
0.0007637937682228215
0.0002453795171022567
0.00037842632340512225
0.0006800146441795019
8890285949094806e-20
0.00035432646729494766
0.00081860984079625
0.000205284333290556
0.000605806221055513
578489233759458e-19
0.00020067875101526764
0.0003020216232389253
0.00040636907802736594
3547235182593677e-20
3858168677712065e-20
0.00036246581818035774
0.00019283545288657753
26797288676860984e-21
0.0007172264160491186
2348306055570068e-20
0.000127082493383086
0.0007642127864595377
0.0002756936054246114
0.0006990380509504554
0.00045642086673501234
0.00019683448308634144
9424408465399878e-20
0.0009333569266787351
0.0001852184785133868
0.0010192083615592719
0.0002571217303881027
58670230525483826e-21
7564161619121223e-20
20109546227984014e-21
0.0008824069999954237
0.0008915024521936696
0.0008965811020296568
0.0007617774344443731
0.0011876852617334907
0.0007689444218589165
0.0018374674282357164
0.0003023972837310194
0.002133990642063034
0.0007480510948933523
0.00010977311798893264
8000766765054707e-20
3384825306572549e-20
18541231162738834e-21
0.0010299294569465864
0.0001391411992682861
7763431866352101e-20
0.00010381465064228455
7429783751231713e-20
0.0009436521998948819
0.00036194274732843755
0.0004030061647212666
0.00192865859887265
0.0010424987545717508
0.0005663054583149119
41579267583903815e-21
0.001356466127315778
0.00011978149032093755
0.00022610747825732274
0.00017905367084779423
0.0015306484061631109
0.00017981089192977909
0.0006875058867291631
9811513905538158e-20
25384347196133832e-21
3876003499661529e-20
0.0003206355033543519
4277741253929335e-20
4190843871355766e-20
0.0005802101862617791
0.0007521184894461801
0.0006008761304154557
0.00028483230659522257
0.000720433235287489
0.0010004211086671413
0.0001566131194601354
5181924022769992e-20
0.00023023843607754852
4789174808677867e-20
0.00013280708110470534
0.0007060161204158393
0.00021312312644453506
0.00012521314150436437
0.00020123088049444807
0.00011245212835124
15490329204042044e-21
0.0003343452364508096
0.00023216272976203715
0.00011534261825871555
0.0003287252778631653
3468141249424191e-20
4293362597787287e-21
0.0002609190904435235
0.0006370459791074814
0.0002515344797891616
27827953261981165e-21
4678157800112828e-20
0.00036654642582436864
3680286237187472e-20
0.00024293696367221794
0.0001547800058395785
0.00036729251658357856
0.00030247935237686947
0.0005324841355091702
0.001556739530086605
0.00017084356297845973
0.00045888474537759716
0.00012902761132194428
8175880898556698e-20
0.0012026520163010788
39993846997308805e-21
8030242756538638e-20
15227269912177974e-21
0.00011979958972300054
0.00026644119022505806
0.00013565059325229458
7955771061915566e-21
0.00023639536992750915
0.00025179735668930244
4989972383633963e-20
0.0008099972799625307
0.00033284118454616503
0.00023689390424284237
0.00010053865944687102
0.0016858126777065244
6102901373751648e-20
0.00019951315170866848
0.0006569226795936957
0.0002733583751833807
6938191008085104e-20
2995593781746232e-20
40825827241387624e-21
0.000616696501094218
8432550990819548e-20
0.002145252062759774
6674503076813999e-20
0.0007575962614213358
0.0006667584471145306
34736026303438154e-21
6064901089884377e-20
52659689573785516e-21
0.00045647863916700444
0.0003674366859268348
0.0001942000923208527
0.0003843945460195915
0.00019282045491001836
0.00015247647785007436
0.00047622029619081994
0.00033248319083811935
0.0006776898178945171
0.00010426093041109295
0.00020474734131311937
0.0007744723924082191
0.0005765797339185178
17218038184633792e-22
8272571830360535e-21
0.0003343930233111906
2473039602726658e-20
0.00036285633917881334
0.002157009022821314
0.0003106997314769691
0.0002073236161018341
0.0002665273507613577
8579861969130945e-20
0.0007413768443275174
0.00021488686618521976
0.0027890296137394106
3559107418228791e-20
0.00019947516500121715
515869532571416e-19
0.00021520852327464176
0.000141603235308584
0.00046794467768858
9706394948222548e-20
0.0003120665718893699
0.0014861481874332207
0.0008367982520901752
0.0001592256120708526
0.0009443125356350641
0.0005137537640107569
0.0002381914978826399
0.00033446812736203686
0.0009933609810125013
594375689377037e-19
0.000415106127702365
0.00014514551083467014
0.0003889232497350212
24536228702644974e-21
225357501457324e-19
0.00019655324592873064
5918792364063814e-20
21717096822287945e-21
0.00021467722120547002
0.00042283455883726804
26893124275442152e-21
0.0001120189219623615
0.0007850652768603074
7144240965120009e-20
11173117772466462e-22
236477303908849e-19
0.0001584515500544872
5320123834519455e-21
15306715672516619e-22
11354766656583471e-21
0.000271524939234425
0.0006639265957064567
2111257954815682e-20
75984755218380525e-22
50962113418530675e-21
11159627195519825e-22
734265496743429e-19
0.00014782262121555725
0.00010401078311902141
0.0003114518307824554
0.00024142245784157732
981537751959542e-20
0.00010853147383984165
0.0005485773463964232
0.000451450219659908
0.0004954378237673118
0.00016580996847048195
7611573819722317e-20
13570967050356016e-21
4289485801815539e-20
457645710918523e-20
8524103344754614e-20
0.0005015556622343148
0.0002208610189787675
0.0003258101391221662
0.00038805871865003574
0.00012497262563642073
0.0015555800416586023
29502180687376638e-21
7985897793307695e-20
0.00034769385278251604
5058096795932791e-20
0.0008901675319353879
0.0006294945610100323
5137657402913105e-21
0.00018173710522552538
0.0010484733276011455
0.00017490127028796
0.0009597705550623147
0.001220131643769811
6958575050087201e-20
29345120285028775e-21
19656231589655892e-21
0.0002573418281272877
23521652707461214e-21
21277429224943975e-21
7758302077108267e-21
0.000292292882123625
0.00012191165618395341
12330536738979727e-21
25637962039662328e-21
0.00046350841781636056
19470138043548914e-21
12856103930089863e-21
40913473726524763e-21
7751210053549642e-20
0.00011613113309255988
0.00022676124098544128
0.0001613362342143917
5714897359734762e-20
0.00018062593462705325
990306624755355e-19
4607851652456941e-20
0.00011344602567190813
0.0008469493849754757
0.0008338524641528521
0.0004545329223654717
6857655380694534e-21
777045843563978e-19
0.0001691663371361464
0.0007226081196672153
0.0011490128692701555
3208034490549151e-20
37061346136113325e-21
0.00016051731731766994
0.00012911391576831942
974983126736332e-20
0.00025803183441002543
840450489946224e-19
912956032358964e-19
0.00047417481314454004
5221584032256788e-21
0.00031480760791709693
2293898822297294e-20
10824350258725757e-21
0.0002584745298450101
0.00013620586221151846
0.00019358114548183555
24178706551597548e-21
779394356339486e-19
0.00012255717901389014
0.000331019435700701
0.0005944044923339892
0.0012068855872790069
0.0005234696146313503
0.00016545090295885125
4000932577035832e-20
0.0007371766215532284
0.00020801826001475693
0.0004947256984810445
34613759152544676e-21
394982935735936e-20
22064819473904896e-22
0.0006720666357712078
48774827931059666e-21
7750063193813096e-20
0.0003501215003989043
0.0005082935624814802
0.0008015526147356042
0.000192975381607738
0.0003361591861402074
0.0002509603981122255
0.0001258516852921506
0.0002670059026392549
0.00034551176615144633
16331634431436727e-21
0.00023844467008410068
717616293252007e-19
0.0012681096560767959
0.00016678230771355595
2029087219068427e-20
0.00018328512417993163
0.0018022505258564723
0.001215452267612648
0.0008798464748345707
0.0005026359465297447
6361907294718193e-21
0.0004035864411382177
0.0006594344638367883
0.000715538847254593
0.00039157851592054284
0.00051897588623203
0.0010465549987618643
0.0002786754221554785
1390112723285562e-20
5447425312192898e-20
6727237634302605e-20
2889401264526712e-20
0.00023291422834218747
7545694746231356e-22
0.0001936648160711722
0.0002008910876337002
26006302640435954e-21
2894956468945355e-20
5820136776908362e-20
0.00013536377711566435
8541378835513443e-20
0.0001540414433290885
2243387114974297e-21
24566377205526232e-21
7881660481213087e-21
16006965869159402e-22
0.0002485652892393549
0.00014263393669808043
0.00020333915982021235
9082851168795413e-20
0.00010011688090716904
0.0001250563878868212
9125011681667035e-20
29778134080531005e-21
0.00013638651439626878
0.000698600119748986
45723641603631554e-21
440368256067337e-19
0.0001816869858449147
0.00011565233208874043
2754192753721159e-20
9309339027821212e-20
0.00013235217010670972
61017393137916295e-22
0.00013539221423067405
49267199878321286e-21
0.00010187452992397979
0.0001345299790228614
8031391002653986e-20
0.0001468800016217487
0.00024003999193609893
0.0012164875702267305
7879262971882715e-20
0.0003110561582887553
0.0005452878369626632
0.000492942925062129
0.00017383861136662307
0.0008635889994462161
0.0002155668575305127
0.00014605007781514173
65339482206686e-18
0.0009336771981434128
966758512610358e-19
53914873375059515e-21
0.0005063948192609285
48102015623742815e-22
0.00023713473511602408
25548656779498422e-21
0.00026465102716200374
5237220524506124e-20
5617589540024134e-20
3806205557476088e-21
18648727429706336e-22
0.00012382743390890755
0.00042616216998853356
0.00022961826733751826
0.00022859295613323287
0.00016402832640883503
0.0004797605288744557
0.00016490345490952535
0.0005077684130838547
9452150167087213e-20
7165061059657552e-20
0.00011124933254249565
11654645152492942e-21
0.0004131165969760613
-6576286777036097e-22
9342944886396099e-20
15110629301087102e-21
0.00041299935053082067
13901745602042505e-21
8600822409671111e-20
411410716710088e-19
5500882767633669e-20
0.0005812983556351245
7219526494869494e-20
0.0003333856892866107
3341917078784952e-20
0.00018123941631451309
0.00016155766468592232
0.0005106588625074598
0.000698033582878613
11789148771186663e-21
9381784170887117e-20
6242625056559899e-20
0.00018552981528739305
7927751210479187e-20
6381908569113334e-20
6139079782702002e-20
0.00018713479766958527
0.0003180240555058645
0.00012521622468362843
0.00027230093844040406
0.0003550504179855777
0.0002265314273501052
0.00021985762079939155
0.0002970611983046786
7152101534458797e-20
0.0001027327196748389
0.00011363867039497959
0.0010040502110414743
27780644458139674e-21
6698081114575794e-20
0.00023847895696970614
0.0002635428156688873
0.00013657289779350572
8727351877420239e-20
0.0003149915672213279
0.00014893318060774278
8209924998880432e-20
0.0002581168170269794
0.0012335748761538234
23697756557335338e-21
0.0001457051295686922
8545907409206343e-20
8720254709841927e-20
0.0005122293453016269
0.0005090076734985506
0.00026158062155738816
0.0006392853161110069
8720596708869148e-20
0.0004549555474634884
0.00013127852254258226
9457301897022433e-20
0.0002648674531600047
0.004489044871039011
0.0002954757318138469
0.0007579376996383245
0.00017104255077495805
13205196607539797e-21
0.0008599516586980822
7516465026415822e-20
5269682629970876e-21
0.00010311389854985476
0.00013124662185746462
2021531609031869e-21
792615394846754e-20
4762374687359438e-21
37663495227177818e-22
0.0007215162514110534
0.0010691627386074203
0.0006666693358117844
12599731375153583e-21
0.0002870098410469571
0.0010347005053369634
0.000278598871880118
5380543661070898e-20
72266950530315e-19
2680163353838835e-20
16562275540646616e-21
51181025915480514e-22
0.00025172227527693033
0.0006510461537037377
41659833466264066e-21
0.00010867504373905644
33923126506503854e-21
3836285135549015e-22
7371186059491509e-21
6945769529090932e-20
0.00042866247534288534
0.0006253529003862506
0.0009738637833866859
0.00047940675585346314
0.000299483802468277
3675400812834467e-21
0.0001909017261433189
4697440968815667e-20
0.00044456033664679295
0.00200099189216879
0.001728745327314379
0.00036608114184034343
7455998855717495e-20
0.0005045340976793396
0.00012617246841748224
0.00141151961772738
0.00018936554972294575
0.0009598588609608339
0.0003893981119554148
1153624676799438e-20
0.0003288358923680834
0.0002941047756424227
5927885029416419e-20
10732168458988658e-22
0.0002713358399869931
8914625709921444e-20
0.0010499583166763914
2420600316170267e-20
9233722584932628e-20
7413633663127163e-20
0.00020381298332566237
0.0006786448828935425
14713747752339764e-22
3799295022864622e-20
0.00035181937891090527
0.0011816106514937986
0.005324989727596807
0.00028653253863466973
0.0007133735152601008
0.00013468138314329657
0.00017621948294146875
0.000866060078446525
11900206901186723e-21
1856030432799593e-20
6341713974657639e-22
0.00019033761517213576
4005102845779672e-21
6196956281807134e-21
0.0005568878038423286
6713933614101206e-20
0.000489082940719986
0.0001427734390389477
0.00052247274707806
1635259793380903e-20
0.0018589415324600336
0.0005314761831130592
0.0004609504812322874
681789911625332e-19
0.0005035818861701416
3505794279720228e-20
0.00026791109453867026
0.0004833330360092349
4525494781949626e-20
0.00022286312077157084
0.00041958375156525703
0.0002794319578547225
0.00012600506729978754
0.0002876288595847993
4319926866692582e-20
0.00016946171182513937
0.00014759802081584092
35985074012390416e-21
58854459983082375e-21
0.00028893291136444424
0.00021740385225718834
0.0004940492136569989
6736439614433928e-20
1731492006649438e-20
0.00022211062429616313
0.0003147761260350955
0.0005477603365864606
49779090412182434e-22
0.0001530890497064651
0.0002694747631327301
3297386531762266e-20
16099806092007478e-21
3736579393957756e-20
0.00010901108138923466
0.00014810327198319396
0.0001417689507590879
0.00024315553760967395
8811678416262499e-20
10619984478450695e-21
0.00035866253964956537
0.0011859743660181865
0.00038371230845946514
29498206422824496e-21
1251036937904634e-20
0.00043630486536704255
0.00021642723685909277
9621573904180768e-20
0.000912110277464324
0.00016912043141607393
0.0002892326727499927
0.00010698098017692291
750744484848431e-19
0.0005436378077697506
0.001131584620857355
0.0001242911384302467
0.0002575049257970492
0.00021917619303895544
0.0001516397072420153
0.0006885827988781433
4513237532820446e-20
0.0003914019564370657
0.0007397986641402888
0.00012564773303712362
0.0002655524712066542
0.0006664545029158554
8422162726432978e-20
3845054138358241e-20
0.0006155381243179112
5962134971456632e-20
0.0009960032997764813
0.00038488492871296124
0.00022124909277099674
0.00034455210028435426
0.00013536254211728936
0.0002637398192296326
0.0001465906940754366
8705259239855398e-20
18421090790444453e-21
0.003782459298982953
32230913347265626e-22
0.0005814282289844631
0.0002890678180988031
0.0003279495092501934
0.00028490634092343415
0.000237396480267223
0.0019767345387290674
27594949367976476e-21
0.00013962964504803997
789473204348596e-20
0.0015550271648401696
0.00040796164079766757
0.0005060388866377618
59897785995166914e-21
0.0002319594019266106
0.0005851528541681818
6041835999823162e-20
0.00029711069415569777
0.0013970965849475273
0.0002766482671223618
9173230647633047e-21
3513989523531766e-20
850528943870475e-20
0.00010959733983393308
0.0006116929937325038
48140487051822264e-21
0.0005106221433466155
0.0006143962752139088
0.0010944420656025602
0.00023561967299668278
32222887860405216e-21
0.00036189355234849134
8248217407932108e-20
0.0003137165585654827
0.00012593639040179718
0.0001511096567109251
20485255985907132e-21
0.0004273156554481502
0.00019414238139318576
0.00011859306513795853
9129333395522538e-20
7358527243796312e-20
3318218910089651e-20
0.0003423134242085344
0.00016288831113916012
0.00024025847066228603
0.0016439466638575669
6346076581185473e-20
0.00011206815773356483
0.0008092068747740335
0.0003218801856472702
0.00011229094688819838
27816737518160417e-21
625196876441042e-19
753687399994679e-21
0.00011084010987062295
19765770476906852e-21
0.00034426283268992604
7497542832040469e-20
9219381155475522e-20
6375269362352837e-20
0.00011924070124138826
0.0001442344375261898
8319722944756474e-20
0.0004294076580172939
0.00046919457770738554
1663916319627003e-20
0.0008701857559265785
0.0005256753107875671
0.0005129917053164386
35396881608238e-18
0.0004896303622778773
20132631051685177e-21
0.00010531909612450685
0.00011071729959752664
0.00046288404627326364
0.0002854790376846808
0.0007787009493934979
0.00015022922445637673
0.0010875123470340236
33813766762682674e-21
24524569064859496e-21
29222399502113617e-21
54235991609636876e-22
6363536534895137e-20
0.00028786553026262596
0.00012414196342419982
8909835754101759e-20
0.0001904986702467026
4928933229781479e-20
5515523310182468e-20
5433143171198124e-20
6621583082616659e-20
0.00011009506820455035
0.00015448929098856422
0.00026520448259683945
0.00029993879864056484
0.00011155742746301774
0.0005113304176639833
9225370585364345e-20
0.0009392937676848337
59363294262039385e-21
0.0006224759147012703
668779454365512e-19
0.00025129937451380654
5092305754010517e-22
0.0019374755200362095
0.0004552700565405248
0.001968446225842046
0.00026535795255903726
0.000435593677888282
0.0011647007479845732
12430461034037386e-21
8876601536955202e-20
0.00032857910284057944
34087819181480456e-21
21347602934284853e-21
3268559576391907e-20
796898288705704e-19
0.00017744728519395776
4697979453092228e-21
0.0004830616730635695
0.00013053718872305881
0.0002460456022883975
0.0004970490187118432
0.0014621685165624773
0.0004969404881132886
0.00029950835816552727
0.0002538143025223459
9586152350448683e-20
4004422952565215e-20
0.00013794309967320344
0.0004113526956521551
29831990681072797e-21
0.000990772350135557
0.0009507917322923564
0.00029541948189225245
3973047722415203e-20
0.0001850091219845431
0.00011277126401933707
0.00034630743131329505
0.0007579322814919433
12774737240627877e-21
0.0011783690339256274
0.0001404129896157581
0.001241030300811665
5776847807121742e-20
0.0014442630259610017
3633562801305615e-20
3702010619209132e-21
0.0002904987909030414
0.0001083373008776492
4457941426709401e-20
0.00021553242327860885
0.0009832409445217317
0.002200093680119464
3061809417981811e-20
0.00010567569304544474
0.00015583706538650687
0.0003917548555462112
0.00017951151173815409
0.00018298131930279425
0.0005169047373499851
0.0007738204323295777
0.00028822080668657637
2733555817498489e-20
0.0003675703128952002
0.00028542814587743037
9445990505117253e-20
0.0005115850802908682
0.000985458943316808
29678954733472672e-21
0.00024586034327921395
0.0001866812955986272
0.0009467763232020675
0.0026879682513762724
0.0008326111576980906
0.0011911785365131139
0.0012401033126724944
0.0007883117081499958
0.003191599480166619
0.0003439952460958134
0.0020856904893987237
0.00027505217983537583
6509275573348899e-20
30255842744004194e-21
12272036616271662e-21
6207408142270886e-20
0.0003517345886361295
0.0006247209718640458
0.00022555186785420514
4584259518993759e-20
0.0005524533245947838
0.0011155121613639618
0.00024879451753427183
7663836136080194e-20
54927294485993667e-21
0.00010957650523159417
16958580240134775e-21
0.00016841822454616125
0.00013735432900637747
5538115412887866e-20
0.0002237343115449834
8542551447239694e-20
0.000316357072887966
0.00010726074024542965
0.00020331967462711183
0.00016450830748414812
0.00020459318629031332
883876997596677e-19
0.00013570547223867803
19386494335999225e-21
20622623681574667e-21
4804005286597625e-20
0.0003413901481119727
0.0002547932395230397
14576600102952766e-21
0.00020059351487032614
0.00019636740619934754
23274932358553028e-21
0.0003018199473747839
9375420825417752e-20
8493863712626878e-20
3551601680148686e-20
16136439108286573e-21
9851677121294744e-20
0.00019645853047514671
0.00037424525628812526
6744043357968294e-20
0.0003933620245619209
4195275493891368e-20
32964058407205475e-21
5981415587628422e-20
0.00025196352192908064
8594198649350992e-20
9377854667527153e-20
0.00020340418305493516
32897747363586633e-23
6729457684156321e-20
0.0002625560115936971
0.0003034997666034786
8192776586282768e-20
0.00027339523779179543
539633879429469e-19
3359596705860485e-20
0.00016113606232809942
45555623433239474e-21
0.0011823413731825998
0.0001778314528505082
0.000154510685022203
0.001255179786118515
0.0020647166971886413
13136234515050953e-21
37014536514162255e-21
0.00014355398881416384
0.000995749642100549
7987953726326457e-20
0.00010501389299257296
0.0023320417332736323
0.0005426524978135722
0.001687810256582536
0.0017811146849859019
0.0001985911009147257
0.0001375445265408523
26886760493728287e-21
978191535532128e-19
0.0009761091582314926
0.0005592985689363768
59456201793709145e-21
0.0004915276755141659
0.0001114885683020491
47099978439231394e-21
0.000738891689820016
0.00016077245074995716
0.00021481843332563053
5905602723762191e-20
0.0002912692112131383
0.000306959565029645
0.0005433138524022145
4764899728647171e-20
21752014996163973e-21
0.00016881305357490045
0.00028568205202529335
0.00043265484497543536
4480139444101087e-20
0.00048568662363518314
0.0006287282913505462
8494936161864994e-20
0.0010444247333685924
0.0007832656874197946
0.0004441364259545907
12796516033165798e-21
0.0001589126046429255
0.0001032763648039269
0.00011371743078376921
1603462961470925e-20
9057521058304988e-20
0.0007236039287229122
14209491116218005e-22
4356354437325291e-22
0.00010593365231877836
4663334699568808e-20
0.0005991223166248284
0.0008351148061849946
35867327283669554e-21
0.000254283078632037
9826006331848974e-20
10748274215192754e-22
0.0013686079402749946
35898721798294834e-21
0.0001254608693911197
0.0002523163330922113
23492706356842088e-21
3081932972605395e-20
0.00014870945658860548
0.00018609789980665093
0.00023379077824364652
0.00015084668490832992
25817851891865715e-21
0.00014074596836865478
0.0004657250194790329
21925797808040373e-21
6466296797440855e-21
0.00034586019820478914
0.00012654854506290243
2571599562346555e-20
0.00023726091554395582
0.0011090880492938963
0.00010670367130487966
0.00013138524594192988
0.0007950561477381602
6378992007276831e-20
0.0002248433541652923
1804863908622331e-20
1339253523830697e-21
0.00016585431506502314
0.00044761016866642916
6564764627181509e-20
57774057697537255e-22
0.0001873578652120667
5045471680877928e-22
0.00019100314470565485
0.0004134264026530141
3243430846150814e-20
0.00022042518576700096
0.00042193181827728844
0.0005877049544567501
0.00010469094733287987
2634978796517037e-20
0.0002473252754654961
0.00013716916223576066
24127970899253817e-21
5908030503465525e-20
9448670583579535e-20
3347652438436944e-20
0.00011074404170910345
2529481099352864e-20
72368934911229e-18
37913900993919604e-21
0.00013972646051785227
0.00041202945449946043
35289102772082315e-21
809424932971454e-19
6648855160683556e-20
0.00014085349239980336
0.0003261870723129684
615299327999908e-20
0.00012539902181429134
12522004070280108e-21
5320377704285131e-20
8427599150415615e-20
0.00019660712521515352
0.0004807906182618447
0.00016836307146157138
910391214396105e-19
0.00017031939777970007
7809429681801648e-20
48033083100020745e-22
0.00016796444658604003
7845716640638894e-20
0.001324472021160525
0.000133386268226146
6854975620104425e-21
0.00022473189961501867
0.0003444565905815727
21530536484676906e-21
9358175475086353e-20
6401106193213464e-20
5100561416476276e-20
8006291967214986e-20
0.00013847449436119532
0.000516993775496055
29276711193537734e-22
0.00028294979414023616
5272129642533719e-20
9653586469041212e-20
0.0007916966014629483
0.00012412505599020083
0.00042353672111343336
0.00010484065232405344
0.00016356078074396423
0.0006329147413444174
0.0005775077279667914
0.0003879344846274901
7469887414422647e-20
21253570831001816e-21
18502507008011424e-22
0.0002905372823344652
0.0002142237450499872
0.0002810485952912491
-4667407102649477e-23
0.0008735290912917931
0.002220816328715026
25295831230896622e-21
0.0006156118565252877
0.00020244278649512242
0.00040100206856030226
0.00016792249918591386
0.00020223858220891095
0.0010291874996749206
0.00020445027880095903
1494287064239513e-20
0.0001769989829616851
0.00046031510519179623
0.0007358727354184645
0.0006683706822797502
0.000275121822814132
0.0002740087604872587
0.0003508540331232337
14693213847894372e-21
9989210895170275e-20
18453030139066188e-21
0.0011486523206564521
0.0001829911184110813
0.000915465447986754
28757342023805466e-21
0.0001594963870040106
0.00023022175463823785
0.00016417571602935974
33421397475490764e-21
0.00027592269919870724
0.00032002253935562824
28577631645029088e-21
6470557119948159e-21
0.00028560626890378334
0.00011590385269591803
23456488457657555e-21
2649252254028773e-20
8648181947346455e-20
29901836428198615e-21
0.0004997644745543893
3054789721048829e-20
0.0004059470099255807
7469574303981008e-20
0.00016777354991983669
0.00013608766785338697
12520334390669844e-21
0.00020786058014202416
4624574303045736e-20
0.00010092361528969122
599173404624677e-19
5211512896295788e-20
0.00014528712099601542
0.00015929694671719906
0.00019980514752226483
0.0005130007084808471
0.0008731388877376104
0.00016161681215265451
0.0007952718104409847
0.00017356250425035462
0.0006622555062880549
768130973422375e-19
8080594501789077e-20
0.00016623123350650528
0.0012346901542922889
0.0004273358228948587
0.000689417556767991
0.0002885906849695831
0.00035998780074019494
4722415179117919e-20
5651809494613234e-20
0.0016203303315427164
6387344201302819e-20
0.00029385011149753447
0.0002112694326871987
36205673424724096e-21
0.0009914828481201849
0.00022641138799130706
3140563028990348e-20
0.000446495819986853
7911633714715863e-20
0.0012929017246284258
0.0006723246098498035
0.00028716995216624883
0.0001590310605385527
8490236804952384e-20
0.0004721020619955319
6474862523925688e-20
0.00027393249560130685
0.0006559485957177998
0.00022435205357282986
0.0011704776777924986
0.0017136186729468838
715473880918313e-19
0.0003320713483704997
0.00011935875388357332
0.0003612679812487398
8224114027412683e-20
2166885745575085e-20
8511773807360538e-20
6596419736864979e-20
4999759584686857e-20
4367889488864269e-20
0.0001563711580546091
0.0002795886822862477
0.0002166501060099558
9343986002667516e-20
7336164965922093e-20
0.00027274345293575947
12375445056337467e-21
22448475702319122e-21
0.0002690753711311456
4771076513206771e-21
16410806171077344e-21
0.00010238660518397626
13484936589385867e-21
30230899070890264e-22
0.00012664447036137634
30004284431477096e-21
7561257391802506e-20
9800281263692643e-20
0.0004708562185725133
17857345203750647e-21
17190758541734586e-22
513626482890869e-19
2844359806338202e-20
0.0002859843844679592
0.00010357468248149305
6310368408819359e-20
5071718083085517e-21
0.0006464798342469587
15216363301469473e-21
0.00014133528140435205
3435076262206284e-21
4907029985222334e-20
15861804914094486e-21
7251724308314692e-21
9126372340865031e-20
35365504705511e-18
17350012091259432e-21
0.0002552442370188798
0.00011418712897889097
0.00026587394747922433
45612873994328e-18
16734192447707793e-21
4050993156530073e-20
76118226687464e-18
0.0001228943112225348
0.00019170500996837071
0.00020081290438848004
18986730770868373e-21
0.0002336028547069558
0.0013560112604056717
87415560116461e-19
0.002321411818494045
5239500991607912e-20
0.00032728454623474017
0.0006018852676835062
0.000126360195637407
8417940145193521e-21
7385086307345993e-20
26697769139873745e-21
0.0001477454028136578
0.0005359540593751396
23432546476069595e-21
0.00010746749443916456
0.00020848465949555332
0.00031803912373705727
0.00038896023158424146
13317098208460346e-21
0.00031329401111860716
20932162683754802e-22
25957203502003886e-21
0.0005557189451497004
67430352488682406e-22
7120045675041411e-20
3997437139538488e-20
71461872232012375e-22
6371437672098036e-20
55692138387899374e-21
142076994425023e-19
8946042377998104e-21
0.00010823847668519074
6196179548532213e-20
1391346020927192e-20
0.00021094867530520732
13015536691599331e-21
0.00010825758842592951
0.0006288691095187025
7389875046163296e-20
7963004146574598e-20
0.00013882868019762744
0.00034455125411641065
27128145208568187e-21
0.0007586103405442834
0.0002959833627869549
0.0006376434338102067
0.0005466492496467789
0.00020912949843464006
0.00016093899679332023
0.000253032581274539
9037255130257244e-20
4567599362262926e-20
0.00022008953670909907
0.00036611761667966464
0.0002986845638004134
564845639949498e-19
5996620475961122e-20
8051756236630977e-21
0.0003996547517670993
0.00011543001512094391
0.0007144047339574283
0.0002774148599770996
0.00011170090745930269
2267352145540606e-20
0.0004893474254288884
-28269877188103205e-23
30150479830119124e-21
0.00046137973365062375
6514162363333734e-21
43878184131042854e-21
0.0007884477414414238
0.0004081398097716645
0.00022774994933507997
0.001031040768814745
0.0007524216831660999
0.00025414319141560913
0.00022357039676034268
0.00015958652319973346
0.000583409976610985
6334551031930217e-20
0.00012119881872740526
7431410913192032e-20
883428135709697e-19
3597548012004722e-20
0.00022958821253068573
0.00023388169114607618
0.00017021607396320722
0.0017930794679319583
0.00010139738100459947
3262475072894973e-20
6510296764622826e-20
0.00034457194688663903
0.00015317316868918964
1609650157643587e-20
9830036285645166e-20
0.00016500714383920154
25996427914360738e-21
0.00025617244527252777
481628958520205e-19
12185270336237107e-21
5395577792314e-18
0.0004037475865149361
6585733777445694e-20
6908496817148555e-21
555592990868913e-20
1863599457880105e-20
35974430855165244e-21
9236098310714062e-20
4955565375798843e-20
0.00037008209778875435
0.0012311188469473582
0.0009545831156031974
0.0006662979371483031
948003005761786e-19
13570853027898772e-21
0.00044096164188977746
0.000559851981529786
0.001697468170632517
0.00010474834943699619
0.000735188165451206
29490879524960543e-21
0.000509012027296575
0.000960573549883279
26763670220864953e-21
0.0003708490060979227
0.0004485042803592107
0.0010827887342264263
0.00012118935897503287
57827807415285246e-21
0.00019587840029465351
0.0003358017193745016
0.0002287673946700893
0.00017074753461074091
2711769129229801e-20
0.0011822796429928023
0.002542690738070374
0.0004193092796260299
0.00013906368023071383
0.00017202143897381705
0.0026929555685570963
0.0008478398534876762
0.00015271276800224592
999817316695567e-19
0.00023362788323905246
9140351161464313e-20
0.0005861435074195968
1977253621961554e-20
0.0002860934032082935
0.00026717681475748456
0.00024002909594589582
0.0003843425580939426
0.00024605696730466657
0.0011968882779100681
13661211013854768e-21
0.00035554693355742363
4989015983536427e-20
0.000750701528622939
0.00054286162563728
0.0006118391221626403
0.0001229445610055709
0.00014519672283302084
2343938618625929e-21
0.00022565200189838546
0.00012125822304482536
4465555013063683e-20
0.00013235276700090525
1017822469247795e-20
0.0006981068843316901
0.00012014920871556895
0.0001434255205123596
8317066839509472e-20
0.0003161512312740189
17461625075009125e-21
290915794270324e-19
0.00043628516644704654
0.00021388395306090951
4796313389623311e-20
0.00033363277466019867
0.0002755604225209891
35562986172154744e-23
0.00024665247665476
0.0001466480500610048
0.0007547146575420331
610142861088944e-19
5723602609789579e-20
9661434221192181e-20
12845305333628301e-21
0.00019554156991630407
0.00014752160583317344
27724819523483632e-21
49185565774702056e-21
0.00025331915808879363
0.004267127377466443
0.0002883683223352832
0.0015260871213215652
0.00023315175796005251
0.0007143039331715957
21269245060998847e-21
0.00012017865407358418
0.00012425211359165292
23087414409857475e-21
0.0017347209392160532
-4048419719515936e-22
7239156213401922e-20
0.0029841480850351207
0.0008275984068776426
0.00021573985631334042
57907252403675095e-21
0.0001190412746366022
0.0001230059143847576
0.0005928024001294338
0.00010517408255418127
0.0005832451898177409
30424954989744858e-21
0.0002394835698462954
0.0004471581405536714
0.0001191580688819212
0.0001865157567531933
39142738258072844e-21
142272360481328e-19
0.0005445616976183329
0.00020523965183853304
0.00158049706858126
37577044312733803e-21
0.0002713703171280624
0.0003684631792311367
4948924564305941e-20
0.00017216609895820433
6936735583964379e-20
7697809672661108e-20
6315160806943793e-20
0.0001495553353048417
0.0002542751919127164
0.0004060464560276704
8011323354747773e-21
25836857060463525e-21
0.0012177882156960227
0.0005121680382766242
0.00015325990038386208
0.0004125347862183622
0.002182487441820806
0.0011920878285816222
0.0005103525958262885
0.000264669096649346
0.00025912969886900453
0.00017688746806511925
7748048690534357e-20
0.00019585994740855048
0.00024103884638388012
0.00036567736220554937
0.00038716761614682703
0.0002717912421206017
8343956929724297e-20
2573716337217264e-20
37822077220636825e-21
0.0004430378891058627
20210910131577683e-22
0.00025567271669632525
0.0009259854754972523
0.00014319277623802443
3332701158546301e-21
0.00015868525628225807
0.00015640175720510124
6421826561245076e-20
34758618882088424e-23
5695714406089479e-20
8289189167232258e-20
0.0005552239607690534
7629661747528403e-20
7979151264592253e-20
1878939164499109e-20
7399330400940556e-20
0.002392660117451401
0.004218919279158061
0.00019978905160687458
0.0007600443594373588
0.0002735542915095489
2598391748029245e-20
0.0016109724894284576
0.00043020110123987733
0.001000265700895816
19273162436310926e-21
0.00018109737266326195
0.00024351341094461704
0.0009670372407024304
5125100592735412e-20
60299233859890755e-21
0.00019347594632970725
0.0001588761626581472
0.0005874064690997029
0.00021097605862315273
56328147787252684e-21
0.00010084927799477768
0.00014408761413444733
0.0012291532630958684
0.0003531130785760183
3151067634523475e-20
0.00036521316219394537
0.002870221320340731
7138170542326628e-20
33831728376964526e-22
0.00012368032806543623
10044573086583454e-21
0.0016961226311224004
0.00016480673057560235
3002779720956975e-20
0.0006677809148343812
0.0006339607278256145
0.00016037951026333987
9051444774295619e-20
0.0007719725397069977
4933106523176292e-20
0.0009269511582004743
0.00027809668979106777
0.0012449258444761702
0.0019778091078222443
0.0023317162419838294
0.00041082727895703114
0.0002015114213123025
0.0010127761945400197
0.0002504384334405298
0.0006734542967438394
5180336754555608e-20
0.0001468684790376062
0.00028310229502144946
0.00019630075185519803
0.0010133656563026355
0.0014233270291956145
0.0005111287186203078
0.0007990333571961504
0.00036156617436291925
0.004977956114760033
4949082441017059e-21
0.0005571826723291718
0.0010432625340756393
0.0005269371577901323
0.00017591003334434496
0.00035054600061936407
0.0007506792574353932
0.00025881810290498663
608070099431035e-19
3147547711642641e-20
0.0002647314480070274
8922025352645771e-20
0.0005743076358709294
0.0003476853381448128
3318104761582862e-20
598982950814681e-20
0.0007517949863137142
0.0004950257895626494
0.0003311988472012066
0.00016091915132503766
0.00012655415069491618
0.00018163348729664146
0.00011961627754369074
22116854452784947e-21
0.00011617096490395451
33525185734074936e-22
3935949173052741e-20
25133991535241474e-21
7151291495088261e-20
0.00017321593305712446
0.0010476549302436311
44773564220567274e-21
0.00023274052383992234
1483018955565904e-20
0.0002010331540607435
51816980518943545e-21
0.0029945648145621798
0.00010447733960299714
1824118769593201e-20
0.00015581824019505135
0.0006106200947631656
0.00031144033818573
0.00030336735963940444
0.0004965563585997603
0.00044892280847173805
0.0012021621460434004
0.000614714107968857
0.001892225320848073
0.0001494200290073837
38515475377467364e-21
812372164766037e-19
0.00015460906217006423
0.0006168479331100624
8140295588676311e-21
0.0004964028473066988
0.0006545948342825609
0.0002012571472114404
0.000447027574153668
0.0003359440429864835
0.00029715759214960473
10678049564059285e-21
0.0003113485717091665
4651052475767712e-20
0.00031377581377553727
0.0003623897933498926
0.0006840010137401216
0.0002162081657205081
68742796882297835e-22
5730916938678625e-20
5546347436960709e-21
0.00011334011558068285
5963466866328998e-20
0.0011690379170188959
0.0001900642990480573
8309803182786984e-20
0.00011083363066921683
8412815293583426e-20
2171228617084379e-21
0.0005512776666921968
7700843434453823e-20
0.0017454994929959181
0.0005408160667399869
0.00026894008870116936
0.001169503342284857
3247525451264901e-20
0.0005766613081071931
0.00026018571009657883
23292375485482073e-21
7806794738622364e-20
0.00021781713072818889
0.0010159003906212458
0.00018219419535848167
0.00045568742374949126
0.0005872061504542389
0.0011461675133931618
8122022150518066e-20
0.0002131127701367024
0.0001902482705833174
9183565786228668e-20
23260282637991473e-21
0.00011436742782111463
0.0004929090335062173
7890717190807894e-20
0.0006403568521383597
0.000639506273336799
0.0003720962118324807
0.0004328913234223336
3110288335369023e-20
0.0005382048784013269
6946524692570765e-20
24076536528296147e-21
0.00020937514286456285
0.0001677109559376215
0.0006257682067928812
0.0001861970622361741
2902174954520439e-20
0.00013022407804460023
0.0005411731142011251
0.0002519533379285526
0.00045896735049207906
0.00046745236475793
0.0004412793634086134
6913527239941843e-20
8907550974872788e-21
0.0008579902358800874
0.0002951759002004256
0.0001529432298346373
0.0004680490013118553
0.0014721225990519014
0.00020796392160266108
0.0002377197692117998
17327588417598326e-21
319214327888383e-19
0.0006256911042446489
0.00022357406870906427
0.00021530192095135805
8416071705099162e-20
0.0002386966576943102
33557182300047783e-22
0.0001744886461987223
8201182443223416e-20
0.0005266463464794905
0.0008361531372332809
7865295521608272e-20
0.00020619610239723662
0.00045118123430483404
0.00018292858099646132
4799831385967764e-21
246975685198286e-19
9933406102941058e-21
236048100843264e-19
7785919023166563e-21
0.0001271473218230532
5402387839449294e-20
0.000474756621333891
0.0004256197923869446
0.00043164927804106574
9859303235411027e-20
1134641798243064e-20
0.00039184123429091277
3364462226925354e-20
8427090857827977e-20
1678770684458339e-20
51324942884409715e-21
42382529306453975e-22
20600718038036712e-21
5928239269942087e-21
7376570735967083e-20
0.00032567033220602307
7055393474713567e-20
2014279768940368e-20
3845300473489275e-20
0.00010829039371479533
6919751860757986e-21
4325799449194794e-22
0.0005288705403960507
0.0003662835985477184
9727473518429219e-20
0.0002999859242981989
26188933247656736e-21
6464793320831087e-20
0.0006534861824747936
0.00011370418064622962
21993678989032802e-21
5356642780586751e-20
6312666879197668e-20
5064879177707132e-22
3873574371764245e-20
0.0001436522090798669
2998751974176474e-20
4769912836681912e-20
1931701621521026e-20
6988550828883058e-20
19006674362272574e-21
19902487021667243e-22
174429454875942e-19
86511492355153e-18
7629970580444166e-20
31667492879486153e-21
38989052971405305e-22
0.0002234479895504913
12939551575380945e-21
8902813572951528e-20
3970286354027399e-20
0.00027924872822705164
3127452984153159e-20
22501737226582838e-21
2006622100211028e-20
7411836372654672e-20
3458368176520399e-20
13418852277892984e-21
12230487335033013e-21
15920579125530565e-21
920117644784335e-19
9207041400486275e-20
3472724902230102e-20
0.00010930808103770032
3482210702742477e-20
7008029591997305e-20
