0.04155176998916662
0.010828427832886069
0.0013981055090271342
0.004574892192681948
0.004556530708967917
0.010553399673507515
0.008178711411979511
0.1601702457422061
0.025634549522274657
0.004205701127311339
0.002371902073516606
0.04410102945536485
0.16706814216397442
0.008553604718843127
0.009427105724951923
0.018821027381070284
0.004372559867192078
0.045705463746950434
0.0059386105617989186
0.14536560189503767
0.006403727080367778
0.017667969171283937
0.008867712964014483
0.004091102565301735
0.15064991512574932
0.008431646067376833
0.04895517822306523
0.0002695689393309915
0.0014410481116700164
0.008893778110046078
0.008386794867503296
0.006565988477808939
0.005998188997772166
