0.0001599550929564202
0.00023466361687926672
2078707907395058e-20
858188136783109e-19
0.0002918858467339107
0.00024570885780791435
0.0005895032496846446
0.0010784428383183659
0.0002788373497560762
0.00028379265450740297
0.007108452790051772
0.0007106018972967275
0.00017794317482897404
0.00048003229822065577
0.00029515037083122916
0.0006598062661105147
0.002198697724908759
0.004224520659052902
0.0031476867363958543
9502980746842696e-20
361313179810995e-19
0.0024368221210183346
0.00030889048283008644
0.0003832085772059998
0.0013136995153907895
0.004761541391757969
0.0009170218108800527
0.0017014232484290504
0.0014119000966125966
0.003580335853678508
0.000121829338596124
0.001258052392090917
0.0037407457295226937
0.0004032830634556083
0.002282353635843672
0.0006944025533836966
0.004987608481593648
0.0018619955775114466
0.004045952051332124
0.009105579496133687
0.002280354616713618
0.006098197603881854
0.0017793494429369928
0.004054437250870324
0.002465991788787642
0.0008206281493644162
0.0036895320437178867
0.0001708590611753447
0.0007319804569422652
0.0023499497010164246
0.000324245830550994
0.004299210545328712
0.01150838775703386
0.015057248908481195
0.0052686447512003
0.000123261266392047
0.00036019963483582834
0.0053785034283522735
0.0009406136052814581
0.0006373025761077237
0.006105550270088322
0.003972081194215377
0.00800332730738359
0.0015637526272282048
0.0022495626509470195
0.004746016246346478
0.003396522249329365
7293187762920855e-20
0.0010598389824887481
0.002185755772465285
0.002732269844439757
8156206988993362e-20
0.0002218578672332416
0.0027849911202509027
0.00015072066999763264
0.00061590409171113
0.001665357764632944
0.0019841081082576104
0.0005145028000455124
0.004006508360924759
0.0019296899680552246
0.00024492160085416167
0.004600070080328913
0.0008991849147166
0.003150601868780685
0.0007034444391551882
0.006685909802305331
0.0024467953716684377
0.00032505291348101933
0.0005837684473824887
0.00025533052628900165
0.0063355604146206595
0.00021414975192482548
0.00012172004863534683
7701315768073119e-22
0.005501316716917333
0.0060591624161340785
0.004405280068245664
0.0006851628908085997
0.00477647886714989
0.00233135255905868
0.0005691771305471684
0.00019363463350413593
0.0004760307997648173
0.0014173950018194369
0.0017606945829689235
0.0026511481484276737
0.009869243429419148
0.0020737514031355423
0.011575040805395844
0.005014059424994104
0.0015755219731109992
0.001140513794694868
0.0011680762726074404
0.00046363235195186897
0.007427813346906255
0.0005416576695118705
1087564180077274e-20
0.007448199904381789
0.009519125068493211
0.0023382495194717314
0.001675699562962978
0.0020460441126053325
0.0024264008029317536
0.002606356234672542
0.002921154034633452
0.005823098549765496
0.0008646787812138589
0.0061523232283618
0.0006518723352434753
0.010064365156410637
0.0015686096041289202
0.0014383633673970136
0.0028301084865984443
0.00018771916280087595
0.0023159456077284837
0.003562079878432473
0.0012931967196028937
0.0032529762294033534
0.001311968104570301
0.0046704934210175224
0.0010552643277257079
0.004955073150520187
0.00020287495749877558
0.0011383418710756489
0.005133278657934291
0.02055357375911918
0.003864806048301851
0.00022890812252821137
11688893886330162e-21
0.00015694963237711143
0.0001762116162731287
0.001161031195946893
0.002088870139012238
0.0025772592702989956
0.001749311247120745
0.006288319570756326
0.0006126693726126396
0.00010335262954087162
0.007412759911122423
0.0005914996768142052
0.0002996970083425582
0.00026674650456089805
0.008754873994740918
0.0016931373478332149
0.00599576889360191
0.0015044411993236514
0.00026153512931690096
0.001917864466011496
0.014407040970214124
0.0038832660583859994
0.009954473962578833
0.0003694816298105226
3260641316439197e-20
0.0005415699805188828
0.0002688038923933275
0.0007095625491471639
0.00013534296238511875
0.0007781098080449937
0.00015094884241720718
0.007125184353335052
0.009671830467791144
0.0009567909669487267
0.0017219062940314921
30632927192315805e-21
0.0006708892653534234
0.0003035969650056841
18147715704323566e-21
0.005617763711426101
9619113361021168e-20
0.01047839309552413
0.002894876699335376
0.0015902496354551125
7214575887520131e-20
0.0007294475156799297
0.004354784333484483
0.0014357810541161128
6955397420934072e-20
0.008207229943083608
0.0002873251574218468
0.0004682183211555048
0.0002193952947721028
0.0026147075683525655
0.00011325786996971945
0.002315028844192048
0.0004044191189221688
0.0005577391160853781
0.006189122719192682
0.0019765222844850975
0.001678996663340373
0.008439460987564991
0.00031838197295191187
0.00022263589795354274
0.007615970863117678
0.0005078401100256239
0.0023651150883552455
0.0008998355604287283
0.0005391670230939017
0.004172069481677242
0.0004788136296118864
0.0005011106601303651
0.0015678195470984265
0.00420337910394249
0.0006136767244137968
0.001014223452163476
0.004866817677256231
0.0011429395457177056
0.02917211729399328
0.002983517444107077
0.0010132999831341707
0.000780219736365609
0.0022443123041762346
0.0060241083736688765
0.0011106872583169234
0.010243919303016876
0.0006080722791692775
0.005324014961688565
0.006571766552946123
0.0070082167028001794
0.008476505414533663
0.005615552614319571
0.0014554433048450386
0.001377766567209915
0.003418392993943076
0.02029928508705366
0.0035329989912493863
0.003498617698508984
0.010528658389637296
0.01185042900850253
0.002166063680606634
0.00024246961227656144
0.0023231878365039924
0.003171967463418811
0.004150491382849755
0.0004161634281788235
7820546611288738e-20
0.0015939974711344364
0.0029605516929155666
0.0035512059668243792
0.0010818089170926933
0.0013165456596139255
0.0002837418558411263
0.00040076992756942495
0.004249095888757639
0.0006802068307127331
0.000427254096661086
0.0044071047831224
0.0009551255861045538
0.0008305957462538139
0.0049505122783138214
0.00014493502846658752
0.00438196782869939
0.0016940136762729234
0.005252964445823989
0.0006909391243457943
0.0001693116297665355
0.0002279598956878764
0.0015276207785035975
0.002189431506746784
0.00022187160562619696
0.0063395305684882195
0.00012591892497695002
0.0008527558418203423
0.00024437971934328646
6916051202878171e-20
13790501661168823e-21
0.0009032280458235696
0.0013039100154065562
0.003385160111119445
0.0008743647569030218
0.00037703580824750556
0.0026594642597303135
0.00279045903349891
0.0016570871904879672
0.01918310177913932
0.00776216131607049
0.006289712132916491
0.0006154541661671434
0.0015196238002173545
0.0014009334057326322
0.0026630212455087256
0.000994417263230105
0.0005590372532084559
0.002123720908629175
0.004874109401844036
0.0012413322127123151
0.0007861389797453929
6173856790404913e-20
6620699656686497e-20
0.0023002899178237997
0.0009845415733873617
8748060675792575e-20
0.0024122217897714054
0.0009143741599511934
0.0007250020667524772
0.002742301122914908
0.004920858309091993
0.0001081641759709764
0.000688301734076324
0.010173263986488847
29876486659538253e-21
0.0005942003515716711
0.0006389915751390292
0.0006956644742249742
0.0018394007443757537
0.00042357995739528744
0.0011029646725916136
6962448748079398e-20
0.006619555591461569
0.002495196919197524
0.00014627572633233143
0.0004350942172370009
7806279982315981e-20
0.00019213753050123416
0.0029044902933555317
0.0010198548348272878
0.005021131621777056
0.005877324805041328
0.0018838458262656795
0.0006765803421876956
0.000749573547758403
0.0010534788179760062
0.006022086173135414
0.0009179213708969627
0.0008269400070622041
0.008699021384912754
0.00037150666869353936
0.000501972791763321
0.00016254924671742528
0.0006026958972449305
0.0019279385133330982
0.004497473028760591
0.0004789791345992204
0.003505756227488584
0.00019972684981044093
0.0005814743519796206
0.0004372691788848899
0.0007292730933619182
0.0003876668247835956
0.00010398458988270132
0.00025092119516792726
0.004378399032650024
0.00014636183182019385
0.0011447657760062957
0.0009452144423273431
0.007525464073798004
0.0006274268134605868
28138106273708465e-21
9678547893769325e-20
0.002396421125777087
0.000494665632626259
0.0007876660332156159
0.009170923444229213
0.00016115189307060017
0.0014247902924874314
0.0011794087025905802
0.00017126236688183295
15784065847816786e-21
0.00018216333766637782
0.003917260959810784
6811673817241212e-20
6724013097096435e-20
0.0008559987285394473
0.00016151515263062888
0.002469164974517017
5992952836600454e-20
0.0004080514917654104
0.003049569913992652
9652822855307865e-20
0.0001414308669487508
0.005033414332311075
0.001024184066979177
0.00032839944089837624
0.0010812056871592386
0.00010478954109891761
0.00011836892321272548
0.00045821820956653755
169323777808907e-19
0.0005892545967159744
