7934478089377925e-20
0.00011330724992004976
7527339081642757e-20
0.00317915803864799
0.013779345252284083
0.025700516890785854
0.007867282619352144
0.006302434187581197
0.00041568241515806196
6569139950183555e-20
0.043577457460879675
0.03577149581994654
0.00840695435074441
0.16722355599116717
0.11654367232122649
0.037124230939124064
0.0709934448873122
0.027635189934900377
0.022194470852687644
0.03354431708081163
0.0027939389746551983
0.17748732854811544
0.0001227928047456571
6355511358776927e-20
0.03357788009718882
0.06749757831839007
0.02561513288928759
0.009320681187586439
0.05824396783148712
40797807416505e-18
0.0025326839546073957
0.00021700783062658308
0.0011112405142604297
3947247298726721e-20
0.0007372278871000845
5887904215929432e-21
