22293768848904034e-23
-8534740935740527e-22
0.00027362650973863055
0.0018680381943544284
0.0008353094761083601
6193121253694884e-22
517046156874164e-19
0.0005828525587383758
0.001025228953621727
0.0025550513006176345
0.0016013814239954469
0.0020300075535132113
0.009284435193847375
0.022785287867599178
0.209094709318515
0.01222568447738786
0.21910187309313334
0.17094748754113517
0.19293040299204747
0.07950047744261395
0.0053672952632046345
0.022060395866189124
0.0076345417335329365
0.017319938456480513
0.0006511513671686337
8952109037565097e-20
0.016779331403533118
0.00020420218760281255
0.0007129026472269691
0.0019995701184347854
0.00048760257787579616
