11453888913530295e-21
0.00017551178599161028
334810048347181e-19
0.000848889011267728
0.0376295655669978
0.01165099484864406
0.005479420533128367
0.034105036255092896
0.0026215596251528165
0.10951548979382235
0.0013614181398411156
0.007283633243099278
0.05861710465290245
0.13338758182251156
0.02839860484965231
0.006127202184766717
0.00821250973436888
0.00010433819235066726
0.19327460977213173
0.20181989627478472
0.027226578430717185
0.004737307609690909
0.00954839525409114
0.0010484771795885063
0.013963453117668452
0.00043200907427887707
0.02646330092004499
0.0007047603042452445
0.07489344572572436
0.0003230520031367583
9192005582939294e-22
