16198481288508334e-22
44263649613278784e-21
0.013315158736038004
0.04439642053432097
0.08289668497453463
0.027124772533226694
0.01942595168322456
0.00028517663119543196
0.03594451366873971
0.026956915890153938
0.002087096911248466
0.04780148482932628
0.19784183085613227
0.06644299114489526
0.006478922768957486
0.02476618799356878
0.008541096772840633
0.005278036631212968
0.02906839944328394
0.28412687623551414
0.030770084676555457
0.009384915467292582
0.007386932117247351
0.00029472277570136537
0.010108084114253183
0.0019142092984730287
0.007810291799046088
0.0005545255321684587
0.002390790743949653
0.00045810557564210375
0.004941844654048839
0.0007368534644013577
0.0004242380450638818
