-7855747946711088e-22
0.0008187259149029457
6814708693050568e-20
0.001028754545811107
0.0002504816382850215
0.0004320491739117992
0.007536581054100195
0.01067518510709217
0.004803057268177967
0.010908533100432119
0.06272342246781687
0.22614728813826984
0.010941148115277473
0.0026049298942963837
0.1125269013990598
0.026696323036415642
0.0038519667520070266
0.007430774095599657
0.2683247080556444
0.0015728593824822312
0.0013913989257365164
0.17806125943623266
0.021661595420662722
0.016446083756818834
-9944695892488598e-22
0.007964322057253037
0.0042344919305327255
0.01010179087483715
0.0004331152976092979
51361107956633574e-21
0.0003145250102311746
