0.00033206683703195644
0.0006703362809516825
0.006618285216617359
0.005518061575781482
0.0012675911388945994
0.008021290699166692
0.0022347810303682655
0.005067404296665789
0.0037357806416320615
0.003745246845656908
0.007501439163498706
0.11066200201027888
0.09515247424391729
0.002422107217925361
0.0014233255196641939
0.09778531494857025
0.03749980508254677
0.007139003173040889
0.004976673643952029
0.00403640002095829
0.01999140210854679
0.04805370249896046
0.0402463057210666
0.07262345638054879
0.06221867875294683
0.285582921170547
0.0023384091138508056
0.002436246548550366
0.014385604970182257
0.006808282098789291
0.0017560840096454606
0.0022554289188723028
0.022604609107669683
0.0020178613434032894
0.0004081113875232429
0.002444350477923989
0.005265379789768998
0.0013590725952889857
0.000732128273326451
0.0006625751454689338
