0.00014764368764389298
0.00017689383224702118
0.0008064315187159679
0.0002094881483993668
0.0008449103046999418
0.00011186885336656878
0.0008207631844113115
0.0031024735108589425
0.07644746369391248
0.03026050134870624
0.0020765845234019965
0.07615708101174311
0.005375727942261346
0.1136957589125629
0.021561003825507664
0.39186646958887866
0.010424302274755574
0.07402375597414035
0.0008624168294856876
0.10660292447928968
0.005032275890915626
0.011980356574251928
0.02489644755906184
0.00592909082653601
0.030408355962418396
0.0029551223007248215
-3083322749444012e-23
0.00017354382171888287
0.0029574157623538334
9295869025750572e-20
