-979065640684265e-21
305400634628906e-19
11945398489330153e-21
0.00023025578076466243
1924181366439744e-20
12745287149683892e-21
0.0018079432803009424
0.0005662100563092977
0.0019534817443554904
0.002716456791388027
0.006365895878487837
0.03615515584775618
0.10429482526274732
0.0003757648971601018
0.24343159101676384
0.005420443359160373
0.208144130279907
0.03418607012422482
0.00025465173462806877
0.20668142763566
0.02581458627605033
0.00048055395202597096
0.0541296554924196
0.01932642540220219
4081235610316051e-20
0.03774631889532872
0.006249562872605027
0.0009484014353612617
0.002361101522370858
0.00024552078718536284
-7361783919900315e-22
