213134092182139e-19
0.00010502422935612768
0.00016428149165059316
0.0005601122420196654
0.03832973669095043
0.003356728600524783
0.0002642048938699377
0.004162891359840822
0.00039200842295782914
6792509151070481e-20
0.0013727806525397981
0.032932938890017714
0.08991908254919459
0.04115318442591908
0.11015393943902882
0.012679078774197402
0.00443458420755804
0.0029450595589957723
9187373202313467e-20
0.25540814932186334
0.002207653902484975
0.12627447812954817
0.08302152717561516
0.0033901211391642663
0.011078442303352198
0.11256059021732094
0.01271084221118844
0.002962725390973681
0.004573938596287948
0.0016699580792723465
0.0021950063863633465
0.0170358642419858
0.013000879833904995
1550176508498369e-20
0.008414373183546252
2672826482317835e-20
0.00034647119584652774
