3080172910927551e-21
6568125099640906e-20
0.0017366170408341282
0.004639946571443777
0.00012026700446234493
6014795756578908e-20
0.00023968495001563844
0.000123685653604826
0.015023988532636468
0.002811305456048946
0.0030023424456160786
0.030036126372709013
0.03471578551483939
0.028058423916382455
0.2571055089215296
0.014010281398830603
0.0032679457639003024
0.004976368552741159
0.06704507907880247
0.13053714205734776
0.03560766252673585
0.14442021523997708
0.002934361981123553
0.015811749603031562
0.015304313855960957
0.007467697654309915
0.08086825252853197
0.028408343336393225
9323041224509331e-20
0.0560356667868398
0.0002235587347773445
0.007894783920970743
0.0012799076588781279
0.00427021405365385
0.0018006330933529415
