0.004349882802656679
0.006410041363153914
0.0416403300373561
0.005761096313928416
0.0009087199502529157
0.0392870753338496
0.0008082460003757646
0.001566033933935403
0.101050257067381
0.09555011403066603
0.03441786389920736
0.0390207971674262
731513569352067e-19
0.0008441721318859502
0.0024197215810759488
0.0036011179869064863
0.00766647464191168
0.07600224928683166
0.025198292626200897
0.011325178263533941
0.03735901329306966
0.001017722031705022
58782013676599635e-21
0.1782752726056867
0.018343919931031783
0.004241356416937247
0.001731611508843155
0.0004154685353132133
0.007287884500079466
0.04258714640598444
0.0002896602698241315
0.1527722547756698
0.042246679794057364
0.014587570538142015
6905806058631994e-20
0.00023292443829797256
0.00037882499281003366
0.0002040341128140115
