-963018765471945e-21
4905934243252887e-20
0.0009521506351865067
0.002472309486198732
49861556844622986e-21
0.03564785442008091
0.04793345988936256
0.010775764603701435
0.07478017426176568
0.13902778967946716
0.03010300555292805
0.05482396101560337
0.001224984691590498
0.13207285177799874
0.1615757688426246
0.11436041799924132
0.08727852460393011
0.009592862775077536
0.014989263283572876
0.026666326770489406
0.0008412886850166337
1893316814253424e-20
0.048821021485258805
0.0002619932749552603
0.0020788849736327474
0.0019703976515600343
0.001203804904962706
0.0002843390124498637
4718397671861e-17
9668495438464398e-20
3974358689456033e-23
