0.00024502366555508904
0.0009362387240639298
0.05204847927158269
0.005169242209958244
0.009117099112113261
0.025567290295763608
0.00031437432846968154
0.32314159457393615
0.007223405856715495
0.0006030003559698333
0.11959136004778897
26480273653046533e-21
0.28771240364955025
0.06464120556428554
0.017347569354080154
0.02044708366193074
0.011851568618953668
0.01341450546567205
0.00016064285422046282
0.00832795784068078
0.005649791548427203
0.013543928596645488
0.005162259057778516
0.005552646867786315
0.00220484665588081
15485381390806935e-25
