6726793471577489e-21
4096733568041679e-21
0.0004421337595030881
0.0004629112578251579
0.0010435118748259476
0.00576069214007508
0.09115417277927738
0.003791061244413921
0.0034186455020444187
0.003470858818458335
0.020364234010875355
0.06854841982362982
0.03954902661552409
0.013558180469083289
0.24529385227308514
0.0033486200681996925
0.03322801096099907
0.012075252513042709
0.05325445416387814
0.04929881527759773
0.10667702790881127
0.0011460730790639874
0.025540111438740513
0.0007393595127423933
0.003586963082406193
0.07372893092464648
0.017322436169875458
0.014712534936009245
0.08068838989902698
0.00802356016201049
0.01666306040740863
0.0019654582002026125
0.0009167720504616247
0.00017922314942676372
1898770594481635e-20
17434293844647893e-21
