-8160856615055043e-22
29459891627547653e-22
16514701987509376e-21
0.00025003721393985644
0.00010952978139851837
0.00014229206785993542
0.001609682247493451
0.0012084198141543174
0.0015031206838489256
0.0014338040355003465
0.05790248571938033
0.09384847360221049
0.193781223826965
0.004741787368005751
0.001765539874771025
0.0008726260983843608
0.0001023856650563127
0.1558879429753984
0.001066278249224097
0.07328747379129355
0.10676108955828917
0.25127349115079367
0.016387085875850728
0.020240126838962983
0.004469931542853368
0.006860296706470955
0.0018204580606341158
0.002004926853985878
0.00042489299384279935
0.0002269481640397568
-9953660969770145e-22
