221245897823337e-20
15339809804170183e-21
8765947952471836e-20
4728731977938726e-20
0.00028658108918814694
0.006803252505484542
9136794296742896e-20
0.0033223571185690536
0.00023324497248378286
0.10092275376639309
0.10801732069097493
0.0007081022599640845
0.00037656549824589423
0.06951677474961625
0.00022801608382400193
0.0014964553868847584
0.06829836761072514
0.042121224982637984
0.07529434350396598
0.10177614758948733
0.038367792442851975
0.12334195176862721
0.009378012915859341
0.06603689122014583
0.05946212051903754
0.09430069359513903
0.006716805342076998
0.019755115823907664
0.0019113753532481502
688453993331399e-19
0.0004737639896591013
0.00043725153688833695
8692367752192761e-20
1679496356638937e-20
28663263841263576e-23
