0.00303380671553271
0.056133826610047934
0.010215101901797936
0.0010264963389728429
0.10196515818947705
0.03070222987345304
0.01524517362325843
0.14754836162526755
0.009172083717622043
0.0014366639166259133
0.0009083104931671904
0.026888881701147258
0.03145848126154037
0.01720847653561539
0.0032565339523802175
0.01158830302633236
0.0001584024046609134
0.0076370066653240285
0.021756206730706606
0.14976672015098505
0.07239161423289608
0.13330204907641638
0.05931203553677131
0.014103799813262773
0.005067004678505716
0.01726028660968993
0.0512956035873635
0.00013841706611889717
12927360031949032e-21
10036605028448508e-21
