0.000961079733475468
0.0003526130411479014
0.0005729619131206896
0.003541104599406714
0.0008229269089540423
0.012225010616144644
0.0024050324536485407
0.0032867086650337253
0.0020688840627638623
0.002525468270841338
0.018808021699720727
0.016875695585277406
0.012202599784042527
0.06989589202978187
0.010074423582689344
0.00714087473996486
0.002364950411699959
0.0007930006026698137
0.0009058505505365175
0.0026427534023244683
26469779601696886e-37
0.006746199494949471
0.010495789632643816
0.03456124252483199
0.0004902543502173017
0.011746697753346977
0.01853495000416072
0.0018833466267715864
0.00859076418546188
0.024239121913260196
0.03685203591548716
0.015864195611539778
0.025510380589504993
0.06811190636099453
0.006321063601389176
0.005900674498308199
0.016520053010025314
0.0038128774131075344
-689001381459635e-20
0.003049478834184777
0.003596715420890136
0.018254894737718564
0.0009731238131330698
0.0017797830257037842
0.002083003068497116
0.009910024576012274
0.03503212296548407
0.0037241523828490768
0.005440087379533092
0.012368697875962594
0.0013733926294876057
0.01361133931776888
0.014227434440504326
0.006820322978267926
0.012345829915693407
0.00010264058687879511
0.008915103653184129
0.10168007859053872
0.0038441816536401705
0.0020556209583326122
0.00770553731858065
0.027215785148879228
0.00424779805421036
0.008565218429427611
0.002187985182386948
0.043587228805316625
0.006599514434130358
0.0020777549162910173
0.0029420495188348375
0.011899275642392635
0.009539895405694597
0.007334252982032473
0.0025619910540703606
0.0011603502642654545
0.0014739079760336085
0.007866819998770983
0.006649089483966573
0.006348407655877255
0.004814803351311013
0.01630350560929856
0.02606141738465776
0.01518956458036543
0.010346146302386503
0.0002629590480920262
0.010991915079289587
0.025345236542292274
0.000157563169440641
0.00202598487347273
0.0005525830997635546
0.00016322720691931691
-6313448146455478e-21
