-5173290341045126e-21
0.0002373363307813185
0.00020796183528536992
-5138759560991427e-21
0.000515270024917854
0.008422009464800907
-56416082646207325e-21
0.0062924571166241
0.0025531538229987467
0.0009382251134634111
-3459825612660312e-20
0.005915011879442495
0.0026663638818847295
0.001921126343103531
0.02590071995977684
0.013248767391904004
0.0005480707030044693
0.005845124519088271
0.03586074489363338
0.004369053600765275
0.020071751472416174
0.0024843330967512156
-9407190283737611e-20
0.011035585693294794
0.010512083752323343
0.0011721644137813807
0.024279037476211567
0.0031919195736470904
0.007095660729903134
0.01968280525119102
0.0008411892211160148
0.0037912304366591234
0.008679591959967235
0.035642469672172224
0.0028161263002820696
0.0012889849935242166
0.00953947715263783
0.0009173534573572941
0.03206070619235146
0.004178660597831394
0.0036222835502628743
0.03542152083592166
0.1174178613102034
-9797792887720123e-20
0.0099318509952632
0.03126412588825091
0.0015813904473847525
0.017033729242348757
0.0052156592133294054
0.0030173668171854517
0.002144584227165431
0.009009100822752452
0.01065597311302126
0.009010334010130893
0.003297263832768857
0.008071781963759536
0.007957597665377228
0.006493744165476814
0.004943867356380018
0.020645480193304908
0.009972049876532052
42351647362715017e-36
0.03438419181763074
0.005402136978780031
0.009928619083499065
0.005841475331337709
0.015151539200613216
0.12071474487377498
0.006940726766581581
0.008436033103116119
0.011768891925721644
-970225051290474e-19
0.010235089957825665
0.0015798030569841874
0.005984720162318031
0.005134075133124455
0.009084041794496841
0.0034584819278675695
0.026469437331052264
0.016872335056490263
-9476970957308624e-20
0.006689592138693965
0.0058661943217055085
0.0004613549627351288
0.005123796730127575
0.000523691017711091
0.006643434161673957
0.00995136157683748
0.007697253824168101
0.0006520570053629314
-6326399413749693e-21
0.00013896265134077652
9926217100789972e-20
0.024142131194983072
0.00027300954122429113
0.0034832938164506655
-7033763244451065e-20
