0.0002861747662227564
0.0010383329435635614
0.0008252435496813383
-8792661591202342e-20
0.0032992723116602673
0.0035251104448248516
0.0012444668639808873
0.007334471916121725
3196564961160604e-21
0.008978238568373875
0.010730507366898864
0.0037276777763353675
0.008501714289682412
0.015029320320908056
-7566154061613287e-21
0.013634403860543232
0.018338989357701976
0.0016001685431306434
0.0020769324158035063
0.012417563316192379
0.01231878811845233
0.008602308838873942
0.031733310877822093
0.019497456772502742
0.01747988985719381
0.040395026814567095
0.018236830579742264
0.00123695493900024
0.0773888459802635
0.0070198017558884855
0.01106750197777019
0.01277961641783224
0.0015101256794314987
0.007537319216713662
0.10612727658897594
0.022642684007671887
0.0024876800182237397
0.010008886699397897
0.0050366335627935735
0.0002181707290966599
0.0008013022848395489
0.004245311521703971
0.01036580021993318
0.009867754501754861
0.0033702117261488486
0.0037930107713548236
26333263482609252e-21
0.007482069942108043
9037473854209154e-20
0.023449799443267607
0.008642587818319137
0.004010954924458363
0.0003252661674763759
0.0022093587628264602
0.0019036705979965493
0.0027561512039600967
0.03129200556466112
0.01816352532942703
0.01530800395515554
0.017983632026105676
10587911840678754e-36
0.014255070180908781
0.021307340195874668
0.0376494171772316
0.00957648812705044
0.02501928971048311
0.002093776380947079
0.005155065227948777
0.015130416670349915
0.016934579230163595
0.011167953201736205
42351647362715017e-36
0.019298536326387374
0.03380415058314658
0.017595001661906428
0.0017576474689235163
0.002264660400718089
0.001716303971817192
0.0060086110832125415
0.002579749372960963
0.00037127899747845065
0.008575840335929376
0.004126217035206905
0.03345374661989863
0.0051110942696956825
0.00015670194463775485
0.001143137576178909
0.002066834032587003
0.007840190784071048
-897481112582581e-20
0.0006498853303006814
0.00028438098086713186
0.0010070833301582913
