195901396564686e-20
-4863493060604877e-22
0.0005523256125052674
-8051834912141421e-20
42351647362715017e-36
0.0074847136575759525
0.0018774995347003716
0.0008679033904932309
0.010621725464200819
13234889800848443e-37
0.00020641632660567153
0.0023617511649330234
0.0053853771755251485
0.010503288264790248
-21175823681357508e-36
-16543612251060553e-38
0.003224507211810432
0.004217273584018124
0.000370871029980624
0.011868778024761677
0.006287307448621336
0.009151344685186379
10587911840678754e-36
0.0007531519561141992
0.0031280083450504373
0.039178967772903056
0.047065363337071606
0.004633586344605804
0.00040685511956746657
0.020084982260744642
0.03767515008094769
0.0008165941620765656
0.011888222147604226
0.00032469996557108155
0.006258055877911594
-1684425252831927e-21
0.01821572638634906
0.0021773190888608575
0.0004711898164474083
0.00432526293754965
0.0022990073859361615
0.00017659198445355213
0.01401183877631641
0.015523519431827977
0.017559776243811116
0.05468186691640778
0.04129464676134779
0.005341716411025454
0.0003444662604066875
0.002294560069301413
0.0232512097775068
0.020303366083019324
-21175823681357508e-36
0.010983471588304806
0.014959111992306413
0.010944053681237955
0.015276635065257942
0.003121381499594684
18668258865749716e-21
0.045049264122345355
0.0017852462956216252
0.006799233989347549
0.007059128009802464
0.027947334972819662
-11091960715508814e-22
0.002641728742983992
0.01824523169179546
0.025328538971555493
0.002075943927515131
0.0004746896893509962
0.005792973903179647
0.0060140003093969415
0.03761957922861004
0.012316126331892474
0.032087142841476145
0.005750827036351304
0.05081107791598963
0.010578953721608997
0.03541636661971085
0.004730511559450098
0.008246437059328154
0.0026982681086803175
0.05101305107050218
0.010609084033541839
-9084375888560915e-21
-6492775296559207e-21
0.003417616792336478
0.008257579662443459
-8058772891928097e-21
0.004610169100028583
13234889800848443e-37
0.011274329024556783
0.0024902567211036826
0.010700308745310073
0.0013206941333754295
0.003747046112123291
0.007220812291384846
0.007185327921904622
0.0017912323200996504
0.002229255890328303
