6768580955065705e-20
-21175823681357508e-36
0.0003183443621195331
0.00010917232795048435
0.00012404968938353083
0.0014852978348625912
6605946994478035e-20
0.0033194450669630136
0.0004362591230303642
0.018481022009232847
0.008874468862549676
0.004211177951598046
0.006349297436095068
21175823681357508e-36
0.016139316503063054
0.02676540641616246
0.016834203801944378
0.0006181253170579323
0.018126232274548813
0.0021467651359547367
0.014054533910184502
0.034490073787439034
0.002083609238909736
0.01030939767932835
0.015813588213149245
8188463786248961e-20
0.031189621697394553
0.002208351207506922
0.003494199152865517
0.03783358373652776
0.023227225237348804
0.015516129285940278
-8350510965344427e-21
0.0003942554803494001
0.019841897017297924
0.0038545499740213042
0.0002774624716973348
0.00028629521687301027
0.03886320756437871
0.04689438378065931
0.0006461950204475443
0.003977870085651585
0.00013159279970949235
-28504683962499266e-22
0.0012401101055558013
0.0015552660324360816
0.11512238470407002
0.0014640545276736223
0.027372781570042484
0.02557557456665862
0.005173948511804551
-7244029721772091e-22
0.023232967363308626
0.019219114291671086
0.0019297835489904974
0.02063012701936601
0.006482736816685699
0.0028123072515057654
0.006169757019455412
26469779601696886e-37
0.0019808476208566517
0.02812847078173193
0.007366734081517184
0.07585883208433145
0.01281704930099521
57569981783503464e-21
0.015978643425534067
0.015067542958398957
0.0014126806750060874
0.005134749475052678
0.008543133444974363
-10587911840678754e-36
0.022006549789429897
0.01282880377176136
0.0020282824211026377
-5937811924237289e-21
0.007274821115666121
0.0034095391852809877
-7706542504689223e-21
0.005331770496266563
0.029621029379815457
0.004042775100989022
0.005864077956494191
0.0011285369908670992
0.00118349593898436
0.004881620188473153
0.0009188079192410607
0.010903717189558931
0.00643569437866828
-13544752386503557e-23
0.0022970831291085512
0.009992490517344119
0.007572132025159855
0.0002714739083939276
0.0007058071056111507
0.0010459374283503205
11855500758292743e-21
