0.0006047062927005876
0.0004721757859939595
0.0017898792370451956
0.0011743039091018316
-10587911840678754e-36
0.01395611614856087
0.009409807024684792
0.0025672940039919477
0.0028834046040738855
-26469779601696886e-37
-6740240080950661e-20
0.00982749277695837
0.002082732066947217
0.012704038910682369
0.00864931933643612
0.0018896810879220208
0.0005717185912237757
-13338057605935028e-22
0.0006936934885728996
0.009588132331294958
0.007971870404738063
0.016404843231840216
0.005714360263375637
0.058085804073656794
0.0026646318133167245
0.04211104186714873
0.011101699289880512
0.001280714673859555
0.01085622079742623
0.00958871063501998
0.0011025137551009148
0.0034384117677486586
0.0066048851785218505
0.010209159411723743
0.0026985211094287
0.008439421997990762
0.0002275621981323558
0.019113879512311433
0.0013946860673881491
0.002279315512100395
0.014572589839453691
6214817699174041e-20
0.0009331231575470189
0.053247244484027775
0.012979101664989
0.010259809906995135
0.011400236729164301
0.08344535663800859
0.0014479434314818673
0.01096576449370292
0.07967672707954888
0.0031676947771331013
0.051305101435240655
0.02226119460231562
0.0003524178294574895
0.020611063105795316
0.014013788687998826
0.006091604169760265
0.008146501512390256
-26469779601696886e-37
0.000151085304891247
0.0015384599216481396
0.0033749421059765003
0.010234597576438754
0.00010503677582136055
0.004614521126686154
0.00980745038211832
0.013517135120275307
0.024731323905089246
0.001674177459766769
0.042072178277567616
0.0014982039583121465
0.015806886829690087
0.000518894239564454
0.00017718723154516464
-8470329472543003e-35
0.0011113783039099533
0.0007362065878132994
0.01653897727837656
0.01929881556727793
0.02226145699611326
0.00018789536453179601
-9865121571386349e-22
0.00254753570861152
0.010838519898138084
0.010279199151926674
8995727071289515e-20
0.00380606226017719
0.019579297252444068
0.035409103259197314
0.013646845428882047
0.00013737988255809272
0.008642992693209966
-8568938605274537e-21
52427659157826274e-21
