0.012485970819307737
0.018424990647209954
0.014590347923679699
0.04077815188926275
0.012158623269735748
0.012345679012346292
0.009726898615779996
0.02132435465769052
0.03376356154133936
0.01945379723155996
0.041900486344937336
0.050505050505048284
0.03105125327348205
0.036475869809208326
0.012485970819303124
0.033482977927427535
0.02918069584736626
0.004863449307897116
0.021324354657679838
0.02207257762813333
0.0033670033670043934
0.10512532734755678
0.029180695847356747
0.021324354657701005
0.01702207257762396
0.06621773288439234
0.06135428357649179
0.05050505050505253
0.022820800598576534
0.038346427235313216
0.029180695847374892
0.0051907968574648805
0.019453797231572575
0.01356154133931998
0.02403666292555288
0.014917695473250081
