0.001487438923001467
0.0058197945823950355
0.0017927790227606072
0.009064873399713132
0.012744673629943557
0.00393765654466593
0.003983517485653727
0.003450852443622738
0.0010920910715174084
0.008543566032387881
0.0003407770075974995
0.006756037576527462
0.008605517059919365
0.004806022230373228
0.010302396455394783
0.012184549333801446
0.0119689264069697
0.0097142581091652
0.04115096732577299
0.004605224147319015
0.0014825477973134556
0.005839381433942672
0.002664615148103904
0.029884409986295307
0.00914469245080438
0.005553320488897656
0.007057017313748708
0.0014343008084444129
0.009545497377801276
0.003235040370727912
0.015271981279299006
0.007844704962004536
0.004291788289508576
0.001027978943652858
0.008686898881341169
0.0006547349093408587
0.005575984339237127
0.0038989564837780925
0.010218969268574067
0.01490161938613899
0.0035881572062860297
0.00012503341760095304
0.0033245474847232504
0.007073606300814209
0.011425081478124318
4273151397024092e-20
0.02442908113639369
0.02421595490911112
0.011061035991902566
0.004155982172741363
0.0023089697229200378
0.0008578020396639159
0.0327075723101032
0.0193255251252498
0.008429794209079253
0.0167553058120809
0.01647583238655706
0.009056959053095011
0.03758407200368488
0.029994866430986408
0.018546652538376777
0.05732316341114717
0.020142566897027977
0.008954792566764786
0.008799311331968587
0.0057539425933744535
0.010396625775457753
0.015229283411232575
0.006117187413615505
0.0022660306529146807
0.012300862647128506
0.010665311348459775
0.008570953444859029
0.001981157615699973
0.006123101397650419
0.010077660921497351
0.017197643349556393
0.0005219220225018154
0.032908844176390284
0.01787610667063159
0.005666395276913541
0.002557271417400009
0.01361170780304537
0.035240265723681524
0.011509987033301307
0.02887478608168762
0.004849221102281884
0.0036228967237270913
0.0038629357459496728
0.008362006944468765
0.006334388227346632
0.0020943799000694417
0.000726419918713082
0.0013333037130788
0.0024005612939636024
0.008724950896740143
0.004209594328394276
0.007870321376056331
0.002720366443198809
0.0001708504511814786
