0.0024935557275276086
0.015534347373737196
0.00946454313567652
0.002622956252748683
0.001238445662493587
0.008939202855613317
0.004527433280245388
0.010576747318988913
0.025909486010485042
0.006599533234381262
0.06263850867606408
0.01045770104358708
0.009235752961197248
0.004133097848521091
0.0027171344318591886
0.016901421534313555
0.004882655916824479
0.007200025174680156
0.0007124965164831554
0.03556364501667611
0.019386896192471078
0.016504138718393877
0.001564261208425801
0.034347382963171344
0.02042913714598977
0.04922739669775579
0.052829625819530684
0.027877878645658407
0.01549187620351025
0.0028597032186486408
0.0003692913131384722
0.0009490855745756794
0.005407753544772953
0.01581522296660919
0.005569877136558265
0.02311211666707366
0.0005438404403111444
0.04040381915130503
0.0013386568511835634
0.003605027960939911
0.010667854700293031
0.0012000440717274711
0.0071534114689479926
0.013097902196405789
0.006160034543096292
0.0051237379906256516
0.022111408005152988
0.009502812072310208
0.024369118274666066
0.012526678132544664
0.021254610143373133
0.03479127680078638
0.0034285137994899315
0.007769427794167594
0.019789605665066146
0.020591270290052026
0.09532724159111035
0.038345319635406966
0.006531145919117982
0.009426820305915216
0.01232349740214778
0.011876254299839645
0.005117524994259358
0.0014519823192980018
0.004116453449697191
0.010898155275606645
0.005066220466768309
