0.00011329709858137887
0.005788667036575137
0.00017431709595741327
0.001630275108393613
0.0008805209877361907
0.0020082119193666394
0.0003146616034780161
0.0008571758481068091
0.004774838506989358
0.0033189135687160987
0.0036520852367180182
0.0048566203948206725
7070919401792372e-20
0.0011207277688717815
0.0006597255127230432
0.0016481840249350285
0.00036688600579785435
0.00011970781712110874
0.0006007893033740116
0.0009835180326222019
0.0006460497064547527
0.00356536983551083
0.0025930709592496388
0.002578150531262159
0.0020144780124658557
0.0014641227940301875
0.006678178512096734
0.00047514961301026084
0.00013690807982573707
0.0011967818665441759
0.001592611741421343
0.0005718422419148235
0.0003090964499752917
0.00016363228474431643
58198158551506526e-21
0.0006291905597427948
0.0004638402360078479
0.0011843197690144377
0.0026664185056734916
0.00023623120008606764
0.003291427352408441
0.0003007588031666915
0.005362559702152337
0.0008713503238690511
0.00531613985070276
20080151776561223e-21
0.000942933353783346
0.003175811578763953
0.00028345907108451296
0.002671497681381523
7987549457672914e-20
0.002160980989067191
0.0023838993009672907
0.0009615867863695172
0.00641213745676287
0.002663526946005027
0.0018052823291598986
0.0008477553663337135
0.0011138815168448815
0.009782507453948276
0.004410909439384043
0.0021610875279877155
0.003872646237994808
0.0070503150392795455
0.0003710867524718836
0.0016472100297880246
0.00020288902159340113
0.01106903648152988
0.0004830495273708463
0.0006460179640014909
0.00029480698825867503
0.00018502979170705142
0.0009997558524322712
0.0006844850349808854
0.0003686259078442696
0.0024253284492086473
0.0023987413402614907
0.0006858575034562145
0.0005331728176145319
0.0009600807558438932
0.0002474903184511794
0.0008505600258265455
0.0031532549565165967
0.0008485647788141259
0.0011353787482822376
0.0013645333730663417
0.0025474656998067348
0.00016986030353691316
0.004490396247256331
0.027735074053656224
0.0014287814423029341
0.0009050297446126549
0.0011677946101346832
0.0006322899637240628
0.0004380345463156229
0.003061832910453987
0.0001666706291185844
59876463233164115e-21
3635016496480777e-21
0.0035089121564245165
0.0021736792169626488
0.002134114683144076
0.0015924928542741326
0.006024974728213365
0.00020292832907759032
0.0017272086530465732
0.013904156724149104
0.00860939776303559
0.0003087815374379147
0.013366288836509293
0.009637946534938182
0.01009500869837905
0.004799790574814716
0.0047315798895458715
0.0002783873602741866
0.0052626106434360475
0.0024149686582073493
0.006921974391183539
0.010730431906395378
0.004462251714833811
0.007649028086237658
0.00833263798783876
0.003867721224500508
0.0012444164856572576
0.0001698991156337378
0.007495781080827169
0.0026400568148060794
0.013951382419599806
0.003695613893393042
0.016326637820315258
0.01500563967124636
0.00014393541400744577
0.004235394915723535
0.0044526769191019396
0.004343956834238736
0.0014057443152015023
0.0009853955159981312
0.002782826137912184
0.0006617507059922324
0.0025135815129570535
0.00024765500526185204
0.002624071580779881
0.004373149628917536
0.0017637671817143474
0.006889885548126088
0.0005387956630656412
0.00032895772490676813
0.0023524228070537882
0.0025925774311852594
0.0017931863982928802
0.00875204441378154
0.007204988660157847
0.008614612612345297
0.00017407631431135036
0.0013057347465375388
0.0016877510607527543
0.0012061505671293383
0.0026427439190182507
0.0030042290648876475
0.00021971889456539988
0.0011028160507154721
0.0003357271510257765
16616458614377118e-21
0.0005165152022233216
0.001010868398579906
0.0001482401885942668
0.009427142166456274
-11764593327304619e-22
0.0006461906199278182
0.010563296811077904
0.0008438368201762375
0.00039141643138431874
0.0048726759690664295
0.0016524999276268985
0.00013467238081299617
0.0025943319256337177
0.004001753917868209
0.0002130259614191685
0.0008453275892919781
0.0001669099451970997
0.0020835576371148715
0.00021686349115320833
0.0037880335433669483
0.0024028695194342185
0.0009714662365743402
0.001202381464682188
0.02251686063280194
0.00010637920813279384
0.010019923765563864
0.003187102791932015
0.003973440820006642
6830533883111423e-20
0.002759697937193238
0.005009084242099274
0.0031723281573037897
0.00026829309619579657
0.0011401567396735095
0.006529686013725254
0.004582985806678728
0.00030444591244102354
0.001792170745425096
0.001043780433056151
0.00021332080796009894
0.0003126702119990416
0.0011396518739462764
0.0016513821022759317
0.008190956200686801
0.0037941010010083104
0.012042691262047149
0.001549798005107128
0.0011277146682626713
0.00018112530369311365
0.0011319233660207998
0.002740989695675575
0.0005543842632290375
0.0013992826333739199
0.00033989023528690137
0.011335955962875508
0.0031097631430933525
0.018984851843689095
0.0030622625783972486
0.0014873132838780783
0.007103738504969549
0.003751119398190092
0.00771517655336642
0.008004940359058974
0.015559719008938636
0.01713467436649259
0.008306480648809539
0.006909999056133286
0.0012500101940096766
0.002756336816064655
0.0011392559666179398
0.004372516387989176
0.0032634422805993333
0.0010601031149082187
0.002985858620544446
0.004568250709986963
0.0014547968748226806
0.0011417512000255637
0.012589834614934766
0.0018349551463992014
0.0036607514442042917
0.0032067173161682175
0.0055558818558295794
0.009038713534213764
0.015630662085113944
0.028487665842985392
0.022424377296899785
0.005360688395324221
0.007425629697112942
0.0007584908610380113
0.0008195561149581843
0.00046752055145249524
0.012458312827550824
0.0018045023030239717
0.0037768217110786353
0.010496649221484947
0.0012853108139723455
0.0049755106300299595
0.0009971029405810637
0.004172489025734261
0.0018359984639539884
0.0037169969171653226
0.001801497218215569
0.0018119412219160399
0.00010680635364623096
0.0005796115334755329
0.0003414853942555798
0.002752643732383096
0.0062972015084120725
0.005594281788411131
0.004407809876819144
0.0041590955366804985
0.0009256904614102403
0.0008220136976773297
0.00023363486480387072
0.00035005775821610993
0.0005984231375725081
0.0005805334626513851
0.001990201627895122
0.0006040550058448492
0.0006182553399343112
0.009934811684926811
5676325507270205e-20
0.00013601875814497755
0.0017936052961931433
5760866508350585e-20
0.0008353567786506279
0.0027962847588285447
0.002060802765822844
0.0007788687844306377
0.007008737293794764
0.0006942984154957626
0.000702860377289896
0.0003740165291735506
0.0025763744051300027
0.0021930803907691506
0.0009693204420119626
0.00028798047859129747
0.0004839051351047778
0.0006051247758705414
0.000271039509917688
