0.00018833337331925547
0.0017990401335532505
0.0009791241725782753
0.0013946157452042643
0.001699982419107062
0.005485653966764484
0.002949692245354513
0.014947705693201889
0.008791063863866437
0.0046617946969937036
0.01791972582961766
0.006934696591625738
0.011067456878943303
0.01802810798254473
0.022011326156092255
0.0006065192627871643
0.007781812340324492
0.00297481632545237
0.005303373325891813
0.0345955939462136
0.0017660941886944257
0.038026137610717804
0.0047868420158296045
0.02559106580377624
0.012256027008116522
0.0025296259678871903
0.003500474431670672
0.0026413666625191247
0.0013720693072775986
0.008693967906158086
0.03573013484279421
0.020529000357465865
0.00770459555638712
0.0012935176773892967
0.03953349397899584
0.03458945334313738
0.04070215638777106
0.028103944785811942
0.05096287500547203
0.0019407082259089302
0.03268869918964066
0.0025158293737255846
0.00911686411625119
0.00040737171716113507
0.0004034684019419585
0.0013515323134675496
0.008799986563511542
0.008570633580521025
0.016556291039591168
0.008076029077910456
0.023903344590062617
0.021654312582064336
0.012956919870925891
0.017949383689811343
0.010077343422438753
0.0023250571185530013
0.003034886783054745
0.003248627503792995
0.00925934059800496
0.0018552704773647521
0.00515834428200969
0.0020320913337035958
0.023355243332773924
0.0027508039903392347
0.06821983315491956
0.0011725839132645333
0.006486195062029701
0.004560836291232391
19350941015814664e-21
0.012519878612026922
0.028135669713792
0.03031884871814904
0.02072227295732159
0.02008671159279071
0.005135192018844504
0.013810256191036681
0.009248268994548203
0.0001421753268361563
0.0028509968429839437
0.007250394383421152
0.001140092031708531
0.0031945648199619985
0.003888710445933188
0.0006755070263438251
