0.0009911850390706765
0.0008143484496197224
0.0014253417240249061
0.0001697390421299221
0.0004353264904061697
0.0017895837922683015
0.0010068167809105706
0.0012575849450029892
0.00021859379449489137
0.0005700619328853382
0.00011867499385177556
0.0022446344769897248
0.000700780614123873
0.0008572931258741677
5531108241535382e-20
0.00032534762784046633
0.0009217065961876903
0.00010245838981012662
0.00026282358952168556
0.0009844993482094793
0.0012293557938710888
0.00033065704364277016
0.0007378487855823685
0.0013757609469781697
0.0024478009953070303
0.006425227310689971
0.0013715873888682647
0.004097013797957109
9859471544796888e-20
0.00034283006225283713
0.000961167915087026
0.0010823346194503173
4835785168487917e-21
0.0002190221555817081
0.0013599842035300002
0.00012772383217709435
0.0001668482707424892
0.00030940135481846216
0.0019795560620256033
0.0014002092064684334
0.0011925478724456083
0.000826312323908818
0.0012554350148108679
812632803587125e-19
0.0011594636802496157
0.005542404915388854
0.0002585067472833022
0.001003189044620128
0.0008054423147412223
0.007883478513297428
0.006590921648341257
0.0008387052583763811
26978566560924462e-21
0.0006754883357727334
0.005141587948059099
0.0015344754206478297
0.007254685653858544
0.0018057295508267725
0.0043251127002817795
0.0019822265527773353
0.0005874153569284038
0.0018839503150207913
0.0026942858551476712
4764926798572805e-20
0.004550322798657965
0.0013817513702116277
0.004461311610676526
0.0003603030015666619
0.003657641974062456
0.00015534763966097636
0.0005066860787919638
0.0011039805350722142
0.00020301657583069775
-30525858025892056e-22
0.00275488617927079
0.0018608384611283517
-6644168693318861e-22
0.0032716396085056385
0.002510819540294985
0.003994383458828112
0.0015978986327710382
0.005445688209475894
0.0004359734572428185
0.0030502310451622112
0.00011479364485294624
0.0006355015163201111
0.0004316269886169512
0.0007679122143274604
0.002856752944939358
0.010161896304772605
0.0014747162428361594
0.0006432280964139887
8544103996024641e-20
0.0012460064481906758
0.0010070519259160228
0.0007029445709303436
0.0005956246056254113
0.0006901104599568859
17753829022354926e-21
0.00013455314105190923
0.0021991846072053982
0.00023784435404194436
0.006493304963031834
0.001493475167077395
0.0007059273328869152
0.0020113148838633334
35738569228718695e-21
0.001906833557312216
0.001968693201252048
0.0005866431276500907
8555717144003049e-20
0.0012701061860639835
0.005063818765029612
0.0037190054719697645
0.0024444071754979404
0.004545126146960276
0.0042932053887192925
0.0007730134161695657
0.0018725905829240284
0.0007340324496257879
0.0022969905274453743
0.00035175184412186353
0.006207197950616152
0.029322072084028927
0.0010732707930537848
0.015980094491506128
0.00247773139577652
0.0008142682509719988
0.0011563732225466329
0.000286063290985753
0.0026976163513233392
0.005037120930682472
0.0008749228319544096
0.01212267144354258
0.0009434207443855967
0.0010179502030316415
0.0015999304214912163
0.00015201055674138634
0.002204868360918784
0.00016568133873837311
0.0002527713042440193
0.00016358527347762022
0.0004491045669995367
0.0006505319431785619
823916684429203e-19
0.0010725944219095232
0.00023609571140946107
0.0006586316638447036
0.0007829484744053634
0.0004540938334743127
0.002801758850625976
0.01079155187774324
0.0003875500681762717
0.004498196545411137
0.002062503273816582
0.0005460233021398031
0.0002128377431109721
0.00037422750760687383
0.008044397066512997
0.0011414832853746469
0.0001436159358611429
0.00019215792540883985
0.001020703444130848
0.00203795328806075
0.0011817677001513805
0.0005104595074682388
0.001155946595947179
0.02129291721959329
0.0034554492056286883
0.0018990301115863512
0.01760709445765055
0.01594134687480612
0.0007101579562934017
0.002325355891700808
0.001928474500454136
0.0072709515795594416
0.0028311047700131505
0.0005291081875348867
0.0009852987324810005
0.004833965765324439
0.000921937801297935
0.0005391510754362165
0.0017885168039981055
0.00010918024333796535
0.0013322008264745591
0.0008348221419392814
0.0012070386137054705
0.01020734074959753
0.0008218357568764869
0.0014032692418308658
0.0024374882498514093
0.003880163646111406
0.020097180906350272
0.00099495489937913
0.0010018940061612663
0.0014280758810517533
0.0006933781371194484
0.00010177399236707614
0.00019646368234194973
0.002160754100759107
517928864152191e-19
0.0011546431524747263
0.0001761082148961322
0.0009074557814205691
0.0003322114733078604
0.0003727150768945125
0.0011023297464675488
8099992432756807e-20
0.003006716574613089
0.0009495207544894588
0.0001859197982761533
0.0004989469949168277
5328773505981224e-20
0.00012080924859020955
0.00025631752808447225
0.003847347768157527
0.0017830467883553384
0.004846912294750767
0.0031561360676068523
0.009192379256514564
0.0007759217951276786
0.0010348164811013023
0.0037776612218975566
0.00019603107963201967
0.00041869086234412275
0.010728850849863317
0.0013470432091859555
0.0028727288263056374
0.00025570479939801256
0.005695077165862933
0.00011057092316227009
0.0012038642867193588
0.007303832581331494
0.000317856819570314
0.0002190607622307571
0.0013236221285189012
0.0009625201962246386
0.0002889685309154199
0.0002973872719695558
0.002182842685553009
0.000538816895196714
0.002397757140395842
0.0004623606480610593
0.005935432002428777
0.0005695861706547988
0.00042219545561378915
0.012368665664153688
0.0004863522213506662
0.0012439756107491102
0.0005173724360126511
0.004786567485478568
0.00013664817939996554
0.013184718201750835
0.017977708633061026
0.0011247705314346133
0.0009557304106777053
0.0003638066138384463
0.00036660177429290115
0.0035047444044914687
0.00024032997118586573
0.008013648439449012
0.004098679494795033
0.009447387315091224
0.0003429891598542508
0.0005382797041358974
0.00300952886600427
0.00017411110320021534
17882446612094518e-21
0.00011440686398623236
0.00043275143316379904
0.014429236898990302
0.003326272860499696
0.010771187199472797
0.008885140200570109
0.0033211155114156116
0.012091444171887265
0.004455887993439182
0.0015549953129624155
0.0002055499617277378
5279031713638883e-20
0.05233906444379468
0.004840084457121107
0.01614788758325465
0.0023474297032596196
0.00012971209709125624
0.010833075553396155
0.002661689912655326
0.010821576899576555
0.0007877369620779597
0.001054097188711353
0.0012905958382915315
0.0055512502303256
0.0008242030751423858
0.008249201789750202
0.009185468468914843
0.010137567065724636
0.0010806032217930063
0.017745670970714923
0.006145679691157254
0.0019751536787102476
0.003710942630072323
0.004043550964415836
0.0025829776353614056
8696223971676167e-20
0.018156801140347973
0.0017949824467608476
0.0028754009786374434
0.0020698492796328537
0.0027693797307308888
29363781337265185e-21
0.0012752482208584586
0.0016191373880747764
0.0013987686580386918
0.0004496306673998897
0.004156849481287157
0.0015004520754968475
0.001223242169849107
0.0014339166816934013
0.0017571559686252224
0.006249195291099746
0.00041077838025882317
0.00015499151740208856
0.00041886517786557316
0.0012137079851028084
0.0005560324778871105
0.005246438039805831
0.006839174401509639
0.004368548898401329
0.0010811428383641138
0.0016891839435450415
0.00016255134603882735
0.0011666964543820969
468402163561945e-19
25134034999541543e-22
0.0006636629399178153
0.0022015201761372218
0.0025261700741933185
0.01163788644132759
0.0005073888940242713
0.0031419171323293195
0.002703054204750828
0.002063478220960955
0.0038270432422635066
0.004420865146024508
0.0002490534991826894
0.002276901241629269
0.0001409613427793063
0.0008196201706021864
0.0018014247490330724
0.0012902402956916658
0.0001624275971770043
0.006203651748227132
0.00023443861987555077
0.0009590919827633469
0.0017261499867970232
0.006470374499242679
0.0007288574240833697
0.0010051112563281112
0.0012709456016001047
0.0001880224518086707
0.0014172472704977305
2586395698949776e-20
0.00010391253186715358
0.00030116058874543334
0.00018848213607211925
0.0012578647849288375
626794970663288e-19
