19057253602750193e-21
0.0020428222844182465
0.00025042940909082804
6068827607461346e-20
0.00915115218409371
0.00043606886698512775
0.0007917196261508129
0.00016642934569652406
0.0019396078652196035
0.0014042725346719669
0.00033106749529390067
0.021386317246813676
0.014311394886385215
0.00194216863363134
0.0007226897685926811
0.0047020592553575795
0.014054495785040437
0.02126211763211741
0.0012445354788453906
0.003553682215969668
0.006751467705712181
0.007441759262508815
0.08925483294305847
0.008210115424985386
0.03687506252763347
0.030991664411102154
0.020710657162730683
0.0025294236161721466
0.0021260072015775794
0.000245259905052783
0.011645972779521065
0.0013827992399345944
0.0023272833520287203
0.019770957107760063
0.008141292198990312
0.025518731981902416
0.02245567340485049
0.02109517752601782
0.00921622943405939
0.00907836473555073
0.02346279814367777
0.013235540308681855
0.0011303180283451905
0.050192532009267155
0.03691779152504214
0.022288046678164333
0.00979848088833235
0.05284266132476955
0.0008440260661252544
0.0007750603477321929
0.00010231202318429085
0.0011242118643772776
0.004910801269322083
0.00107769048297286
0.0007408620167302005
0.001497535437931707
0.0034797960317839837
0.0374697243814437
0.009886371396104383
0.0001615615166576666
0.0032321685736952516
0.0003473328318433981
0.04270574761018657
0.031055106748753537
0.012327595700753143
0.0008520638092268745
0.004680492980355401
0.006004197382654989
0.006130662756076014
0.0011532567711932977
0.01795903838953971
0.01836349397868517
0.00455829112427068
0.002598454427428214
0.010814927939950092
0.0581393575415768
0.030644256181615846
0.012332536099090779
0.0025384529237551675
0.0009104334437160071
0.002263302132710732
0.01533894648304857
9472597222296248e-20
0.0006109740560863516
0.004228466503251547
5350472488270843e-20
0.000689060995538662
0.0007082683062551155
0.0010180672560564923
0.00016718664973317668
