0.00011407212459656748
0.0002684902753550422
0.0013054571360681306
0.00016954357924161802
0.00033602263380831524
0.00142716814467016
0.0006552833759404901
0.002901334027653783
0.003376286180309371
0.0001501294442241739
0.0020180962656122705
0.00195297059730253
0.0056581735898090825
0.002751886171952843
0.0032003835073450538
0.00018706176815304075
6720740850894346e-20
0.00040511919372005574
6402729199025889e-20
0.004459030306156367
0.0010484579025186456
0.001674568239826992
0.00012694464355654365
0.002797720024434277
0.004585250181952701
0.0022096615187297457
0.00016105786910600517
0.0001345178093259969
9309228274085949e-20
0.00010892140337648747
0.002795915905703701
0.0004440155758446046
0.0006394948242892803
0.0014881305147742651
0.010734172619072257
0.004495092026379931
0.0029810353333384397
0.004389022022213215
0.001725993853344065
0.00011565732333855894
0.0024142224002615302
0.0020621041539476553
0.0009885887041773552
0.004015165398883652
0.00026635773471806183
0.002580294253719769
0.004232928843977938
0.0061956940083515676
0.0028920303559836617
0.0031164544504962734
0.003670046857833125
0.005662199816700901
0.0011977208691824808
0.0005186283014791795
0.0023882591223553028
0.00025295345977045705
0.0005478661984504457
8994534082531726e-21
0.000550218120321076
0.0002539488545010308
0.0004876779773626205
0.0026046852641905417
0.0005705561350206217
0.0023586946589681003
0.001349584342919739
0.0003072383072829433
0.003460136110549019
0.001976672294439632
0.0008963735339729444
0.0029721274372143634
0.0007417231466511306
9608569010489638e-20
0.004250383216363202
0.0005564192344253349
0.00043045344656495886
0.005151953035255846
0.008992414197356479
0.004466771330381766
0.0008420771957832333
0.0006841533484450736
0.0014754096587116681
0.004812006828724804
0.0034711098069488016
0.0030904192202636693
0.0018609061049606438
0.00043022768014530985
0.00014836231587223652
0.0025802146811268137
0.009085484333133076
0.01039651730321117
0.002871544810591404
0.008933392411953565
0.0035783622510719274
0.0002505704437328741
0.007674089298698381
0.000815108348672861
0.002735978892813853
0.00023854414485567624
0.0026934219580775276
0.001879845287593029
0.00012515501528765052
9168182297734445e-21
0.00022753812993003082
0.00022482710834795854
0.0003191401374857453
0.003416798488425747
0.002837821103427437
0.0005217474725075843
0.0011508094481398779
0.002225481240023661
0.0001802179952342274
0.0006750323675351274
0.001182750153866393
0.001396753252745855
0.005815095621731547
0.0009201315017391923
0.0003104063882360097
0.0032213474596464284
0.006686569295253027
0.0013154342145987297
0.000507111384524981
0.001159093178593529
0.0010155742791579953
0.00035008930083895324
0.00026162999240192625
0.0012865412281750257
0.00023538643300600952
0.0018282588781381144
0.00036694077574786374
0.0005399996083688135
0.0021070574602219724
0.0009046136524458591
0.0020261708895305377
0.005789500701928102
1647676094441562e-20
0.0020260422430319986
0.001029612823104849
0.0009293564796449849
0.003148938146683822
0.0002579098648312446
0.0022413193792062336
0.0007781842724851727
0.000261932782511913
0.005666079792808512
0.0027335001484649294
0.012295529477597721
0.0016187984483037833
0.0023570603025090723
0.003701177011046308
0.00021815596769136282
0.00016041692713609276
0.00030211390062870346
0.00013092944710671123
0.001053354019468138
0.0027794729925422913
0.004360644519922482
0.003216081766518454
0.0011710213852791052
916885763889958e-19
0.008373218867829877
0.003928812771635505
0.006185010041493215
0.0089999234896876
0.002159557003269805
0.0009381659436740154
0.004093744449258185
0.0016820641301398698
0.0016491124504726747
0.0009181576547049987
0.0010607026492380754
0.001280666231092293
0.000472012170062492
0.001863318709963347
0.001419662411823941
0.00031737845807416784
0.006259270762069317
0.001983649142758845
0.0031782103852757695
0.0038237353113536377
0.0003628537902084312
0.0076108432889792094
0.0006473815460016723
0.006107085006028634
0.00269656089622973
0.003398820925406537
0.0009921253341456976
0.0018952633267605187
0.0014653906293800967
0.0003709788696697116
0.0035769787119473025
0.0025547492901712805
0.0003523225210612953
0.001381975784276296
0.0018824865750037287
0.0032958511994132934
0.0036862800086381628
0.0038373313341227267
0.004344490906859159
0.00031796451509990707
0.0162069131228496
0.008479939312252271
0.0033579299713991937
0.00014695098287623433
0.005724934373561427
0.004592001336898707
0.003259229263597227
0.003581596532136263
0.005986617286921038
0.0014014501233533287
0.0010726539678840026
0.0035652066627875354
0.002562626533747508
0.002629463288085106
0.0016940176199889392
0.004603652027115459
0.004878654680419505
0.002002600231443542
0.007034363388443783
0.004724171388390877
0.0002599514102423497
0.0001491303337780638
0.0033884647055020677
0.001095398764974039
0.005661227251982753
0.0055162701162849255
0.004443949625839966
0.0012134047513682592
0.018644160683257652
0.0017154344664400585
0.00753862407948288
0.0013403728287896578
0.00027563702611172304
0.00023630507601814265
0.010535425437224846
0.004745623989070384
0.0002489327357690865
0.000163002227256887
0.004127678322589607
0.0032195494159189425
0.00033404035976624335
0.004736110232652563
0.002239544142974517
0.0039020881932317294
0.010632982471396329
0.0039028802274273878
0.0049239998302339
0.0034403038617041954
0.0016913247220523785
0.0009878300179074157
0.006434093765525513
0.004692536166496866
0.001279554422664
0.004334458745550747
0.0008281096207033091
0.00010740886966327711
0.0015845205381742708
0.00395454119431273
0.00036135687634744113
0.002577627762084345
0.0001844251922618945
0.00014577467752017754
-988284901560328e-20
0.00030012906136933897
9416203962033545e-20
0.00013851669756089548
0.0004906907670639992
7175548896803882e-20
0.0020458826542238133
0.003899610291056795
0.0006255382389015326
0.0017773567318830304
0.00011066819873683616
0.0025232868499345455
0.00039033081052450405
0.0016231641120256755
0.0008895473353663563
0.000941763207930374
0.0013871640399272438
0.0037532520270905493
0.0030268241885045262
0.003977262209261208
0.003537172620810912
0.00469875731065377
0.0025268527046631785
0.006971844622963171
0.0002023830761080359
0.0005784453018904091
0.001156929261074406
0.0024236307857721366
5733351760631423e-20
0.0006459286747079158
0.00016725919773655343
8535179951551678e-20
0.00012379710862969477
0.0013014317796989333
0.0002480680747342134
0.0033242139427394
0.0002869644604462956
0.0023713438557394755
0.0018460805660037171
0.005832403163282869
0.005437376601821482
0.0008414082251335591
0.008715658364857125
0.002463861065048651
0.002328449296568934
0.007741925476626428
0.004704459276848851
0.0041813952519119
0.0014887092966794312
0.0015449362477314614
0.000504094484034883
6736507050669293e-20
0.0019947262104724377
1287158245870872e-21
0.0008951931275622835
0.0017737046215497297
0.0022860184131137202
0.002577921660696469
0.005660442513260859
0.009999547479940437
0.00455489152811143
0.00038379134825008553
963306427015572e-19
0.00030200642819187536
0.0002081698693846243
0.0008158928086550703
0.006587145201937208
0.0008529710835779227
0.0006487084969008502
0.0026195384238237975
0.0034011458611375002
0.005661370726009478
0.012910912240515179
0.009127394229154198
0.00041146527060351466
0.0001830862594674452
0.005426807208508311
4182298313709112e-21
0.004924936927989966
0.003881106576354821
0.000990686137649805
0.004811445738299193
0.005723033821551836
0.004863820469132829
0.008719051662361239
0.007514518512296483
0.004982916781769861
0.009754900082404691
0.0007470701142818191
0.004436000001844042
0.005111217306248541
0.001739538349407094
0.0016178688537660138
8275488246704894e-20
0.0022297064613345653
0.004990816357525763
0.002155752578731256
0.00010127100189353938
0.003351177019679394
0.003045844033247478
0.00034852008684134694
0.003082855638202322
0.000837249639920868
0.0011869323262909297
0.0007054455496961389
0.00271723806519985
0.0009953272623540355
0.0017438357463034732
0.011495363974522959
0.0012032441934345399
0.00433630808503745
0.005031799096647178
0.0015170344068416264
0.0013564603253824869
0.0006790839357552124
0.003155213874252105
0.0024543163939700473
0.0008656094253481009
0.0007738395172955911
0.0002893113281446747
0.00016058521916554347
0.0008086428151146524
0.0016279346010596386
0.0013645018782744308
0.0007645299624102434
0.00013575381017352816
0.0010887266888950971
0.0036360373820997017
0.00037957603563981056
0.0014159330181191204
0.00026805397281761474
0.0004055035745284884
0.0001732696188127353
0.00040043760905600367
0.0003294363546846638
4518970263107788e-20
