0.0014554637952757367
0.00011055731561988402
0.0012819601063180253
0.0013979863140574928
0.006364426533225213
0.00025798627492556347
0.0013400404006232314
0.0024915768286312054
0.000300494775770732
0.02563765514845203
0.011627942302864123
0.0013482976498703921
0.010024031345962785
0.006853342212644899
0.00042648531696605507
0.0003743926251855616
0.043487219962616674
0.007060087887367536
0.005643584747866378
0.0006277143376584271
0.0010884283818194105
0.02131426066748999
0.023886013592335106
0.008725131211500176
0.0003491826652894133
0.0308942575186998
0.001599842851836094
0.006357838561714247
0.014783353222152639
0.03623555697393081
0.007228510222609956
0.012606360643366172
0.02463367136906321
0.0026093756977519037
-69552184650014165e-22
0.0005853356089830609
0.002240496471428655
0.0006432976087441231
0.005982984207958415
0.0013113823497652496
0.03701755778421925
0.02288751150086041
0.0011012243452686848
0.006621340980126218
0.00011582248846917142
0.004470483824328816
0.02403234568692077
0.045273785214507214
0.007504503077739522
0.010120753731702884
0.010512176172298111
0.0023008491977384474
0.0028069727045605913
0.012538904613351599
8604081094380936e-20
0.16302482198331034
0.03244112985601917
0.00045471943603688907
0.003881640145363224
0.007245044910359343
0.04760279413979071
0.007691660791347111
0.021374209807261877
0.0015219957465307853
0.016593552442110804
0.043210617676007396
0.008998119091605552
0.004150672499184177
0.0009975775583301056
0.0018491761274870954
7780501921070934e-20
0.0035257074483562552
0.007909646611172095
0.0021060672358858504
0.016261471732075383
0.0022177176958001013
0.0008532882802503059
0.0019172289651017873
0.0005972366710397711
0.004727370675357051
0.002785298162456575
0.0022462401544655693
0.04781679357151095
0.010796453615056998
0.00010609466886478362
0.009457980400021972
0.00419440281443479
0.00165549670110056
0.00018222800005501772
0.0009578967441282387
