0.0006375572630975743
0.002273801140317092
0.0056928030562215645
0.0011256824392205534
0.013126444849061093
0.010523317347787992
0.004660817867164567
0.00746565826783222
0.0011380560469708063
0.006397806027393122
0.03934631184313043
0.0005752936626819082
0.002228964014596761
0.0008608507353207064
0.02517530862632092
0.006339328713119639
0.005366038377354688
0.0035302678429819743
0.0011340711473915867
0.0056472316553497545
0.023930108345795433
0.0012574945953499365
0.016873742053891482
0.004733479903339815
0.01059679070266677
0.03304886503702638
0.013906547327347678
0.0009321756664259506
0.00966398707699334
0.006003734039229974
0.004271942532722553
0.049569647194727326
0.0039047634297052452
0.0022878351089936177
0.0010785705468304883
0.008796187782727454
0.05980917468007247
0.00921812970750352
0.012691868704653624
0.013979628632060625
0.0010195606861049978
0.015357018340052693
0.01463979018093323
0.0024516841698729156
0.0006163022110835066
0.0021980879207677746
0.0440456145493232
0.005004504185453583
0.008174437458401138
0.010461267588871863
0.025244325020853053
0.013023964867846051
0.026941509021480747
0.005418016358270638
0.0005116991522443893
0.002853831512141322
0.01976830679519576
0.0007761737279899733
0.01480975264252806
0.022912639117027195
0.0024354309014738137
0.025905846966640278
0.0012067265063700654
0.040418313795268716
0.013225106859021826
0.0008710163578826035
0.0032142659864936936
0.0020637192873243664
0.01444717865157735
0.0005448214995182726
0.02054867218789064
0.0049637066655295985
0.013654202612172801
0.0021041230394870302
0.00739718954534505
0.04305348036177898
0.0014063830841174743
0.008732008127466924
0.0288804727945134
0.004904917263620729
850732141894915e-19
0.012879662728748591
0.0019904079280236957
0.0151053938276727
0.0478731736299661
0.006299166519024788
0.0012273296810104328
0.005947968269077284
0.00018821275649372158
0.0024051944796878383
-7935025209201007e-21
