0.0007795112525468477
0.004974402551138353
0.001200370122013431
0.009612429135473912
0.0016232475175932412
0.033853193163474196
0.0027866930191883443
0.0007898252661524057
-10931343250676496e-22
0.0025522485962707823
0.0035935450734103443
0.016179943341805007
0.002405618641627729
0.0031646527606427792
0.005965208419508099
0.0007333107990001801
0.011524577863355496
0.009650933374005261
0.0007527487960840018
0.008894873415293622
0.027212656029972564
0.011051417477911388
0.09927671435218277
0.008357131363437166
0.043125959463838084
0.016830308567440826
0.002358830182651797
0.03365837346671706
0.0022751636190776266
0.022160674954140366
0.0024113121072310115
0.013472840639047272
0.0017916098660577617
0.009758679443234745
0.004628645587945745
0.019398994124058915
0.0009440838581455122
0.006758529266743083
0.014529977835986188
0.00740992265965926
0.0012095379826512166
0.028151691411727964
0.0084889464848778
0.026179769582813203
0.003916244228829567
0.042092812854321725
0.01813864639873063
0.0010309872345686333
0.025887725736590914
1989144414848087e-20
0.009329772280339248
43166273705174154e-22
0.0006415231069227706
0.0016213693594693697
0.01716014043094166
0.0009969128684872198
0.03372592999983211
0.0037014192631390714
0.05373273899561317
0.03643263903953091
0.002328729497426518
0.04180333359410333
0.003003036908063885
0.005437612639849807
0.00864753878755535
0.0021809230347396243
0.0009797313182478542
0.016977446977262625
0.014530131970837894
0.001812149881553702
0.005145412471892395
0.0008474357363999482
0.008694009299129767
0.005938073534534971
0.0004352982949682038
0.003696643256990608
0.005412104640432619
0.00021799762477925656
0.00016826631170235477
0.00033926243014975284
0.0047842481308870075
0.03854417682380269
0.00987352155111234
0.015157173346491942
0.0027706017542761716
0.014790303510490842
0.00312540521909883
0.00047219609851847124
0.0009857909386520576
-963575459516406e-20
