3197453019532004e-20
0.00048088797189343454
0.00045628607262131464
0.00047629986409052647
0.002545512030576969
0.0005689312115655526
0.007394478774770115
-7147803964835638e-21
0.0020625559540954383
0.006584716161754078
0.0004041156342249081
0.022860483231026102
0.010291091987144816
0.0004752902235987851
0.0428337244345393
0.007509119116888845
0.021320815231667258
0.005640244304285508
0.0010908643296860612
0.03109295547045519
0.001859882376389257
0.006908766997713861
0.004395833546981461
0.0003152331682948797
0.00022991257363749328
0.0029730758187158494
0.003426966515298738
0.009489349995508304
0.012390405130169955
0.0067811875538987335
0.009967891977219246
0.02596937213127975
0.008979997546483362
0.04718824246020252
0.016659904408614503
0.007041574602555967
0.00024208329114832136
0.004314249157217092
0.03663988172579595
0.0034357384551463904
0.004887628321253029
0.001254622538030309
0.0022226789822624507
0.02175186220213593
0.001821959774303478
0.0034779146305404253
0.0015347079187244769
0.015914898229263574
0.009180242293951585
0.019414776346471305
0.008366713914960217
0.022473041123286443
0.004746389467702812
0.014605687474543516
0.005431992085593959
0.004015834374509427
0.016558599341581513
0.011897444186677392
0.07589140821728288
0.0420251253231
0.0014805181179188718
0.017122200479642545
0.022630409245290768
0.0034400782910152063
0.0009720764721398349
0.0019393588466362027
0.0033718494560958704
0.00036498623782636643
0.04122191877842668
0.00568281869313359
0.014462769942304146
0.0031141265105885906
0.05350942030466172
0.01154559505205857
0.020683464662210375
0.0035670259401468325
0.005692757082966587
0.0016309395993831955
-58852527136272975e-22
0.009072743465072072
0.03427689735338815
0.0020174029413695892
0.010423332835269007
0.008741785425248873
0.018617568276952892
0.0018002052446205597
0.009538190652608
0.009227454875732979
0.01837260580985965
0.0011030313194034817
0.0012348305110488026
0.00235124792013279
